വിഭാഗം,വിഭാഗം
വിഭാഗത്തിൽ,വിഭാഗം
വിഭാഗത്തിന്റെ,വിഭാഗം
വിഭാഗത്തിലുള്ള,വിഭാഗം
വിഭാഗത്തിലെ,വിഭാഗം
വിഭാഗത്തിലും,വിഭാഗം
വിഭാഗത്തിലോ,വിഭാഗം
വകുപ്പ്,വകുപ്പ്
വകുപ്പിൽ,വകുപ്പ്
വകുപ്പിന്റെ,വകുപ്പ്
വകുപ്പിലുള്ള,വകുപ്പ്
വകുപ്പിലെ,വകുപ്പ്
വകുപ്പിലും,വകുപ്പ്
വകുപ്പിലോ,വകുപ്പ്
ഡിപാർട്ട്മെൻറ്,ഡിപാർട്ട്മെൻറ്
ഡിപാര്‍ട്ട്മെന്‍റ്,ഡിപാർട്ട്മെൻറ്
ഡിപ്പാർട്മെന്റിൽ,ഡിപാർട്ട്മെൻറ്
പഠിക്കുക,പഠിക്കുക
പഠിക്കുന്ന,പഠിക്കുക
പഠിച്ചു,പഠിക്കുക
പഠിച്ചുകൊണ്ടിരിക്കുന്ന,പഠിക്കുക
പഠിക്കുന്നവരുടെ,പഠിക്കുക
പഠിക്കുന്നത്,പഠിക്കുക
പഠിക്കാത്ത,പഠിക്കുക
പഠിക്കാത്തവർ,പഠിക്കുക
പഠിക്കുന്നില്ലാത്ത,പഠിക്കുക
പഠിക്കുന്നില്ലാത്തവർ,പഠിക്കുക
പഠിക്കാത്തവരുടെ,പഠിക്കുക
പഠിക്കുന്നില്ലാത്തവരുടെ,പഠിക്കുക
പഠിപ്പിക്കുക,പഠിപ്പിക്കുക
പഠിപ്പിക്കുന്ന,പഠിപ്പിക്കുക
പഠിപ്പിക്കുന്നവരുടെ,പഠിപ്പിക്കുക
പഠിപ്പിക്കുന്നത്,പഠിപ്പിക്കുക
പഠിപ്പിച്ചു,പഠിപ്പിക്കുക
പഠിപ്പിച്ചുകൊണ്ടിരിക്കുന്ന,പഠിപ്പിക്കുക
പഠിപ്പിക്കാത്ത,പഠിപ്പിക്കുക
പഠിപ്പിക്കുന്നില്ലാത്ത,പഠിപ്പിക്കുക
പഠിപ്പിക്കാത്തവരുടെ,പഠിപ്പിക്കുക
പഠിപ്പിക്കുന്നില്ലാത്തവരുടെ,പഠിപ്പിക്കുക
പഠിപ്പിക്കാത്തവർ,പഠിപ്പിക്കുക
പഠിപ്പിക്കുന്നില്ലാത്തവർ,പഠിപ്പിക്കുക
വിഷയം,വിഷയം
വിഷയത്തിന്റെ,വിഷയം
വിഷയത്തിന്റെയും,വിഷയം
വിഷയത്തിന്റെയോ,വിഷയം
വിഷയങ്ങളുടെ,വിഷയം
വിഷയങ്ങളുടെയും,വിഷയം
വിഷയത്തിലെ,വിഷയം
വിഷയമായ,വിഷയം
പഠനവിഷയം,പഠനവിഷയം
പഠനവിഷയത്തിന്റെ,പഠനവിഷയം
പഠനവിഷയത്തിന്റെയും,പഠനവിഷയം
പഠനവിഷയത്തിന്റെയോ,പഠനവിഷയം
പഠനവിഷയങ്ങളുടെ,പഠനവിഷയം
പഠനവിഷയങ്ങളുടെയും,പഠനവിഷയം
പഠനവിഷയത്തിലെ,പഠനവിഷയം
പഠനവിഷയമായ,പഠനവിഷയം
കുട്ടി,കുട്ടി
കുട്ടികൾ,കുട്ടി
കുട്ടികളുടെ,കുട്ടി
കുട്ടികളുടെയും,കുട്ടി
കുട്ടിയുടെ,കുട്ടി
കുട്ടിയുടെയും,കുട്ടി
കുട്ടിയുടെയോ,കുട്ടി
കുട്ടികളുടെയോ,കുട്ടി
വിദ്യാർഥി,വിദ്യാർഥി
വിദ്യാർഥിയുടെ,വിദ്യാർഥി
വിദ്യാർഥികളുടെ,വിദ്യാർഥി
വിദ്യാർഥിനി,വിദ്യാർഥി
വിദ്യാർഥിനിയുടെ,വിദ്യാർഥി
വിദ്യാർഥിനികളുടെ,വിദ്യാർഥി
വിദ്യാർഥികൾ,വിദ്യാർഥി
വിദ്യാർഥിയുടെയോ,വിദ്യാർഥി
വിദ്യാർഥിനിയുടെയോ,വിദ്യാർഥി
വിദ്യാർഥിയും,വിദ്യാർഥി
വിദ്യാർഥിയുടെയും,വിദ്യാർഥി
അദ്ധ്യാപകൻ,അദ്ധ്യാപകൻ
അദ്ധ്യാപകർ,അദ്ധ്യാപകൻ
അദ്ധ്യാപകരുടെ,അദ്ധ്യാപകൻ
അദ്ധ്യാപകരിലെ,അദ്ധ്യാപകൻ
അദ്ധ്യാപകരും,അദ്ധ്യാപകൻ
അദ്ധ്യാപകരിൽ,അദ്ധ്യാപകൻ
അദ്ധ്യാപകരിലോ,അദ്ധ്യാപകൻ
അദ്ധ്യാപകരുടെയും,അദ്ധ്യാപകൻ
അദ്ധ്യാപകരിലും,അദ്ധ്യാപകൻ
അദ്ധ്യാപകന്റെ,അദ്ധ്യാപകൻ
അദ്ധ്യാപകന്റെയും,അദ്ധ്യാപകൻ
അദ്ധ്യാപിക,അദ്ധ്യാപകൻ
അദ്ധ്യാപികയുടെ,അദ്ധ്യാപകൻ
അദ്ധ്യാപികയുടെയും,അദ്ധ്യാപകൻ
കാണിക്കുക,കാണിക്കുക
കാണിച്ച്തരുക,കാണിക്കുക
കാണിച്ചു,കാണിക്കുക
കാണിക്കൂ,കാണിക്കുക
തരുക,തരുക
തരൂ,തരുക
തരണം,തരുക
തരുമോ,തരുക
തരാമോ,തരുക
ലഭ്യമാക്കുക,ലഭ്യമാക്കുക
ലഭ്യമാക്കണം,ലഭ്യമാക്കുക
ലഭ്യമാക്കു,ലഭ്യമാക്കുക
എടുക്കുക,എടുക്കുക
എടുത്തുതരുക,എടുക്കുക
എടുത്തുതരൂ,എടുക്കുക
എടുക്കൂ,എടുക്കുക
എടുത്തു,എടുക്കുക
എടുത്തുതരണം,എടുക്കുക
എവിടെ,എവിടെ
എവിടെനിന്ന്,എവിടെ
എവിടെയൊക്കെ,എവിടെ
എവിടെയെല്ലാം,എവിടെ
എവിടെയാണ്,എവിടെ
എത്ര,എത്ര
എത്രയാണ്,എത്ര
എത്രയൊക്കെ,എത്ര
എത്രത്തോളം,എത്ര
എത്രയെല്ലാം,എത്ര
എന്ത്,എന്ത്
എന്താണ്,എന്ത്
എന്തെല്ലാം,എന്ത്
എന്തൊക്കെ,എന്ത്
കളയുക,കളയുക
കളയൂ,കളയുക
കളയണം,കളയുക
കളഞ്ഞു,കളയുക
കളഞ്ഞുതരൂ,കളയുക
മാറ്റ്,മാറ്റ്
മാറ്റുക,മാറ്റ്
മാറ്റണം,മാറ്റ്
മാറ്റിതരൂ,മാറ്റ്
മാറ്റൂ,മാറ്റ്
നീക്ക്,നീക്ക്
നീക്കുക,നീക്ക്
നീക്കണം,നീക്ക്
നീക്കൂ,നീക്ക്
നീക്കം,നീക്കം
ഇൻസേർട്ട്,ഇൻസേർട്ട്
കയറ്റുക,കയറ്റുക
കയറ്റ്,കയറ്റുക
കയറ്റണം,കയറ്റുക
കയറ്റിതരൂ,കയറ്റുക
കൊടുക്കുക,കൊടുക്കുക
കൊടുക്കൂ,കൊടുക്കുക
കൊടുക്കണം,കൊടുക്കുക
ആക്കുക,ആക്കുക
ആക്കണം,ആക്കുക
ആക്കിതരൂ,ആക്കുക
ആക്കിതരണം,ആക്കുക
ആകൂ,ആക്കുക
തരൂ,തരുക
തരുക,തരുക
തരു,തരുക
തരിക,തരുക
തരണം,തരുക
വ്യത്യാസപ്പെടുത്തുക,വ്യത്യാസപ്പെടുത്തുക
വ്യത്യാസപ്പെടുത്ത്,വ്യത്യാസപ്പെടുത്തുക
വ്യത്യാസപ്പെടുത്തൂ,വ്യത്യാസപ്പെടുത്തുക
വ്യത്യാസപ്പെടുത്തണം,വ്യത്യാസപ്പെടുത്തുക
കൂടുതൽ,കൂടുതൽ
കൂടുതലുള്ള,കൂടുതൽ
കൂടുതലായ,കൂടുതൽ
കൂടുതലുള്ള,കൂടുതൽ
കൂടുതൽഇല്ലാത്ത,കൂടുതൽ
കൂടുതലായിട്ടുള്ള,കൂടുതൽ
കുറവ്,കുറവ്
കുറവായ,കുറവ്
കുറവുള്ള,കുറവ്
കുറഞ്ഞ,കുറവ്
കുറവുള്ളവ,കുറവ്
കുറവില്ലാത്ത,കുറവ്
കുറയാത്ത,കുറവ്
കുറവല്ലാത്ത,കുറവ്
കുറഞ്ഞത്,കുറവ്
കുറവുള്ളത്,കുറവ്
കുറവായത്,കുറവ്
കുറവായിട്ടുള്ള,കുറവ്
കുറയാതെ,കുറവ്
മുകളിൽ,മുകൾ
മുകളിലുള്ള,മുകൾ
മുകളിലായ,മുകൾ
മുകളിലുളളവ,മുകൾ
മുകളിലല്ലാത്ത,മുകൾ
മുകളിലില്ലാത്ത,മുകൾ
മുകളിലായിട്ടുള്ള,മുകൾ
മുകളിലായിട്ടുള്ളവയുടെ,മുകൾ
മുകളിലല്ലാത്തവർ,മുകൾ
മുകളിലും,മുകൾ
താഴെ,താഴെ
താഴെയുള്ള,താഴെ
താഴെയായ,താഴെ
താഴെയും,താഴെ
തൊട്ട്,തൊട്ട്
തൊട്ടുള്ള,തൊട്ട്
ഇടയ്ക്കുള്ള,ഇടയ്ക്ക്
ഇടയില്,ഇടയ്ക്ക്
ഇടയിൽ,ഇടയ്ക്ക്
പേര്,പേര്
പേരുകൾ,പേര്
പേരുള്ള,പേര്
നാമം,നാമം
നാമമുള്ള,നാമം
നാമമായ,നാമം
വിവരങ്ങൾ,വിവരം
വിവരങ്ങളും,വിവരം
എല്ലാം,എല്ലാം
എല്ലാതും,എല്ലാം 
ബന്ധം,ബന്ധം
ബന്ധപ്പെടാനുള്ള,ബന്ധം
ബന്ധപ്പെടാൻ,ബന്ധം
വർഷം,വർഷം
വർഷത്തിലെ,വർഷം
വർഷത്തിൽ,വർഷം
വർഷത്തിലും,വർഷം
വർഷത്തിലോ,വർഷം
വർഷത്തിന്റെ,വർഷം
വർഷത്തിലുള്ള,വർഷം
സ്ഥലം,സ്ഥലം
സ്ഥലത്തിൽ,സ്ഥലം
സ്ഥലത്തിന്റെ,സ്ഥലം
സ്ഥലത്തിലും,സ്ഥലം
സ്ഥലത്തിലോ,സ്ഥലം
സ്ഥലത്തിലെ,സ്ഥലം
സ്ഥലത്തിലുള്ള,സ്ഥലം
വീട്,വീട്
വീടുള്ള,വീട്
വീടും,വീട്
വീടായിട്ടുള്ള,വീട്
ജില്ല,ജില്ല
ജില്ലയിൽ,ജില്ല
ജില്ലയിലെ,ജില്ല
ജില്ലയിലുള്ള,ജില്ല
ജില്ലയിലും,ജില്ല
ജില്ലയിലോ,ജില്ല
ജില്ലയായിട്ടുള്ള,ജില്ല
സ്വദേശം,സ്വദേശം
സ്വദേശികൾ,സ്വദേശം
സ്വദേശികള്,സ്വദേശം
സ്വദേശികളായ,സ്വദേശം
സ്വദേശത്തുള്ള,സ്വദേശം
സ്വദേശത്തിലെ,സ്വദേശം
സ്വദേശത്തിൽ,സ്വദേശം
സ്വദേശത്തിലും,സ്വദേശം
സ്വദേശത്തിലോ,സ്വദേശം
സ്വദേശത്തിലുള്ള,സ്വദേശം
സ്വദേശമുള്ള,സ്വദേശം
സ്വദേശമായിട്ടുള്ള,സ്വദേശം
അംഗ,അംഗ
അംഗാര,അംഗാര
അംഗിതാ,അംഗിതാ
അംഗിരസ്,അംഗിരസ്
അംഗുല,അംഗുല
അംഗുലി,അംഗുലി
അംഗുലീ,അംഗുലി
അംബര,അംബര
അംബരീ,അംബരീ
അംബർ,അംബർ
അംബല,അംബല
അംബാ,അംബാ
അംബികാ,അംബികാ
അംബു,അംബു
അംബുജ,അംബുജ
അംശവടി,അംശവടി
അക,അക
അക,അക
അകം,അകം
അകവും,അകം
അകത്ത്,അകം
അകം,അകം
അകവും,അകം
അകത്ത്,അകം
അകത്തൂട്ട്,അകത്തൂട്
അകത്തൂട്ട്,അകത്തൂട്ട്
അകത്തൂട്ടിന്റെ,അകത്തൂട്ട്
അകത്തൂട്ടും,അകത്തൂട്ട്
അകറ്റുക,അകറ്റുക
അകറ്റി,അകറ്റുക
അകറ്റുന്നു,അകറ്റുക
അകറ്റുന്ന,അകറ്റുക
അകലുന്നു,അകലുക
അകലുന്ന,അകലുക
അകലുന്നു,അകലുക
അകലുന്ന,അകലുക
അകാല,അകാല
അകാലിക,അകാലിക
അക്ക,അക്ക
അക്ക,അക്ക
അക്കഡമി,അക്കഡമി
അക്കഡമീ,അക്കഡമി
അക്കനെ,അക്കൻ
അക്കാ,അക്കൻ
അക്കനെ,അക്കൻ
അക്കാ,അക്കൻ
അക്കരെ,അക്കരെ
അക്കിടി,അക്കിടി
അക്കിൻ,അക്ക്
അക്കും,അക്ക്
അക്കാം,അക്ക്
അക്ത,അക്ത
അക്രമ,അക്രമ
അക്രാവ്,അക്രാവ്
അക്ഷ,അക്ഷ
അക്ഷം,അക്ഷം
അക്ഷങ്ങൾ,അക്ഷം
അക്ഷ,അക്ഷ
അക്ഷി,അക്ഷി
അക്ഷമ,അക്ഷമ
അക്ഷയ,അക്ഷയ
അക്ഷര,അക്ഷര
അക്ഷരം,അക്ഷരം
അക്ഷരങ്ങൾ,അക്ഷരം
അക്ഷരവും,അക്ഷരം
അക്ഷി,അക്ഷി
അക്ഷീണ,അക്ഷീണ
അഖ്,അഖ്
അഖിന്,അഖ്
അഖാൽ,അഖ്
അഖിൽ,അഖ്
അഖാം,അഖ്
അഗരു,അഗരു
അഗസ്ത്യൻ,അഗസ്ത്യൻ
അഗസ്ത്യനെ,അഗസ്ത്യൻ
അഗസ്ത്യന്,അഗസ്ത്യൻ
അഗസ്ത്യന്റെ,അഗസ്ത്യൻ
അഗസ്ത്യനും,അഗസ്ത്യൻ
അഗ്നി,അഗ്നി
അഗ്ര,അഗ്ര
അഘ,അഘ
അങ്കം,അങ്കം
അങ്കവും,അങ്കം
അങ്കം,അങ്കം
അങ്കവും,അങ്കം
അങ്കലാപ്പ്,അങ്കലാപ്പ്
അങ്കലാപ്പിന്,അങ്കലാപ്പ്
അങ്കലാപ്പിന്റെ,അങ്കലാപ്പ്
അങ്കലാപ്പും,അങ്കലാപ്പ്
അങ്കലാപ്പായ,അങ്കലാപ്പ്
അങ്കിത,അങ്കിത
അങ്കുരം,അങ്കുരം
അങ്ങ,അങ്ങ
അങ്ങനെ,അങ്ങനെ
അങ്ങാടി,അങ്ങാടി
അങ്ങാടിപ്പാട്ടം,അങ്ങാടിപ്പാട്ടം
അങ്ങാടിപ്പാട്ട്,അങ്ങാടിപ്പാട്ട്
അങ്ങാടിമരുന്നുകൾ,അങ്ങാടിമരുന്ന്
അങ്ങുന്നിന്,അങ്ങുന്ന്
അങ്ങേ,അങ്ങേ
അങ്ങേയറ്റം,അങ്ങേയറ്റം
അങ്ങേയറ്റത്ത്,അങ്ങേയറ്റം
അങ്ങോട്ട്,അങ്ങോട്
അങ്ങ്,അങ്ങ്
അങ്ങിനെ,അങ്ങ്
അങ്ങോട്ട്,അങ്ങ്
അങ്ങും,അങ്ങ്
അങ്ങേക്ക്,അങ്ങ്
അങ്ങ്,അങ്ങ്
അങ്ങിനെ,അങ്ങ്
അങ്ങോട്ട്,അങ്ങ്
അങ്ങും,അങ്ങ്
അങ്ങേക്ക്,അങ്ങ്
അചല,അചല
അചലൻ,അചലൻ
അചലനും,അചലൻ
അച്,അച്
അചിന്,അച്
അചിൻ,അച്
അച്ചടിക്കുക,അച്ചടിക്കുക
അച്ചടിച്ചു,അച്ചടിക്കുക
അച്ചടിക്കുന്നു,അച്ചടിക്കുക
അച്ചടിക്കുന്ന,അച്ചടിക്കുക
അച്ചൻ,അച്ചൻ
അച്ചനെ,അച്ചൻ
അച്ചനോട്,അച്ചൻ
അച്ചന്,അച്ചൻ
അച്ചന്റെ,അച്ചൻ
അച്ചനിൽ,അച്ചൻ
അച്ചനും,അച്ചൻ
അച്ചാ,അച്ചൻ
അച്ചായന്,അച്ചായൻ
അച്ചായന്റെ,അച്ചായൻ
അച്ചായനും,അച്ചായൻ
അച്ചി,അച്ചി
അച്ചുകൂടം,അച്ചുകൂടം
അച്ചുപിഴ,അച്ചുപിഴ
അച്ച്,അച്ച്
അച്ചിനെ,അച്ച്
അച്ചോട്ട്,അച്ച്
അച്ചിന്,അച്ച്
അച്ചിന്റെ,അച്ച്
അച്ചിൽ,അച്ച്
അച്ചുകൾ,അച്ച്
അച്ഛ,അച്ഛ
അച്ഛൻ,അച്ഛൻ
അച്ഛനെ,അച്ഛൻ
അച്ഛനോട്,അച്ഛൻ
അച്ഛന്,അച്ഛൻ
അച്ഛനാൽ,അച്ഛൻ
അച്ഛന്റെ,അച്ഛൻ
അച്ഛനിൽ,അച്ഛൻ
അച്ഛന്മാർ,അച്ഛൻ
അച്ഛനും,അച്ഛൻ
അച്ഛാ,അച്ഛൻ
അച്ഛൻ,അച്ഛൻ
അച്ഛനെ,അച്ഛൻ
അച്ഛനോട്,അച്ഛൻ
അച്ഛന്,അച്ഛൻ
അച്ഛനാൽ,അച്ഛൻ
അച്ഛന്റെ,അച്ഛൻ
അച്ഛനിൽ,അച്ഛൻ
അച്ഛന്മാർ,അച്ഛൻ
അച്ഛനും,അച്ഛൻ
അച്ഛാ,അച്ഛൻ
അച്ഛമ്മ,അച്ഛമ്മ
അച്ഛാവാകന്,അച്ഛാവാകൻ
അഛൻ,അഛൻ
അഛനെ,അഛൻ
അഛന്,അഛൻ
അഛന്റെ,അഛൻ
അഛനും,അഛൻ
അജ,അജ
അജന്ത,അജന്ത
അജിന,അജിന
അജിൻ,അജിൻ
അജിന്,അജിൻ
അജ്,അജ്
അജിന്,അജ്
അജിൻ,അജ്
അജിൽ,അജ്
അജ്മന്,അജ്മൻ
അഞ്ചം,അഞ്ചം
അഞ്ചടന്ത,അഞ്ചടന്ത
അഞ്ചടി,അഞ്ചടി
അഞ്ചന,അഞ്ചന
അഞ്ചൽ,അഞ്ചൽ
അഞ്ചല്,അഞ്ചൽ
അഞ്ചാം,അഞ്ചാം
അഞ്ചാംതരം,അഞ്ചാംതരം
അഞ്ചാംതരവും,അഞ്ചാംതരം
അഞ്ചാലി,അഞ്ചാലി
അഞ്ചു,അഞ്ചു
അഞ്ചുപൂജ,അഞ്ചുപൂജ
അഞ്ച്,അഞ്ച്
അഞ്ചിനെ,അഞ്ച്
അഞ്ചിന്,അഞ്ച്
അഞ്ചിന്റെ,അഞ്ച്
അഞ്ചിൽ,അഞ്ച്
അഞ്ചും,അഞ്ച്
അഞ്ചാം,അഞ്ച്
അഞ്ജന,അഞ്ജന
അഞ്ജനാ,അഞ്ജനാ
അഞ്ജലി,അഞ്ജലി
അഞ്ജിന്,അഞ്ജ്
അഞ്ജും,അഞ്ജ്
അഞ്ഞൂറ്റാൻ,അഞ്ഞൂറ്റാൻ
അട,അട
അട,അട
അടക്കം,അടക്കം
അടക്കവും,അടക്കം
അടക്കം,അടക്കം
അടക്കവും,അടക്കം
അടക്കുക,അടക്കുക
അടച്ചു,അടക്കുക
അടക്കുന്നു,അടക്കുക
അടക്കുന്ന,അടക്കുക
അടക്കി,അടക്കുക
അടക്കുക,അടക്കുക
അടച്ചു,അടക്കുക
അടക്കുന്നു,അടക്കുക
അടക്കുന്ന,അടക്കുക
അടക്കി,അടക്കുക
അടങ്ങുന്നു,അടങ്ങുക
അടങ്ങുന്ന,അടങ്ങുക
അടങ്ങും,അടങ്ങ്
അടതാളം,അടതാളം
അടന്ത,അടന്ത
അടന്ന,അടന്ന
അടപ്പ്,അടപ്പ്
അടപ്പിൽ,അടപ്പ്
അടപ്പുകൾ,അടപ്പ്
അടപ്പും,അടപ്പ്
അടമ്പ്,അടമ്പ്
അടയാളം,അടയാളം
അടയാളങ്ങൾ,അടയാളം
അടയാളവും,അടയാളം
അടയുക,അടയുക
അടഞ്ഞു,അടയുക
അടയുന്നു,അടയുക
അടയുന്ന,അടയുക
അടയുക,അടയുക
അടഞ്ഞു,അടയുക
അടയുന്നു,അടയുക
അടയുന്ന,അടയുക
അടയ്ക്ക,അടയ്ക്ക
അടയ്ക്കാമണിയൻ,അടയ്ക്കാമണിയൻ
അടയ്ക്കാമരം,അടയ്ക്കാമരം
അടയ്ക്കുക,അടയ്ക്കുക
അടയ്ക്കുന്നു,അടയ്ക്കുക
അടയ്ക്കുന്ന,അടയ്ക്കുക
അടർന്നു,അടരുക
അടര്ന്നു,അടരുക
അടരുന്നു,അടരുക
അടർന്നു,അടരുക
അടര്ന്നു,അടരുക
അടരുന്നു,അടരുക
അടരിന്,അടര്
അടരിൽ,അടര്
അടരുകൾ,അടര്
അടർ,അടർ
അടരിന്,അടർ
അടരിൽ,അടർ
അടരുകൾ,അടർ
അടർത്തി,അടർത്തുക
അടല്,അടല്
അടൽ,അടൽ
അടല്,അടൽ
അടവി,അടവി
അടവി,അടവി
അടവ്,അടവ്
അടവിന്,അടവ്
അടവിന്റെ,അടവ്
അടവിൽ,അടവ്
അടവുകൾ,അടവ്
അടവും,അടവ്
അടി,അടി
അടി,അടി
അടികലശല്,അടികലശൽ
അടിക്കുക,അടിക്കുക
അടിച്ചു,അടിക്കുക
അടിക്കുന്നു,അടിക്കുക
അടിക്കുന്ന,അടിക്കുക
അടിക്കുക,അടിക്കുക
അടിച്ചു,അടിക്കുക
അടിക്കുന്നു,അടിക്കുക
അടിക്കുന്ന,അടിക്കുക
അടിച്ചുതളി,അടിച്ചുതളി
അടിപിടി,അടിപിടി
അടിമക്കച്ചവടം,അടിമക്കച്ചവടം
അടിമക്കച്ചവടവും,അടിമക്കച്ചവടം
അടിമത്തം,അടിമത്തം
അടിമത്തവും,അടിമത്തം
അടിമപ്പണം,അടിമപ്പണം
അടിമപ്പണി,അടിമപ്പണി
അടിമപ്പെടുന്നു,അടിമപ്പെടുക
അടിമപ്പെടുന്ന,അടിമപ്പെടുക
അടിയറ,അടിയറ
അടിയാന്,അടിയാൻ
അടിഞ്ഞു,അടിയുക
അടിയുന്നു,അടിയുക
അടിയുന്ന,അടിയുക
അടു,അടു
അടു,അടു
അടുക്കം,അടുക്കം
അടുക്കത്ത്,അടുക്കം
അടുക്കളക്കാരന്,അടുക്കളക്കാരൻ
അടുക്കളക്കാരന്റെ,അടുക്കളക്കാരൻ
അടുക്കളപ്പുറം,അടുക്കളപ്പുറം
അടുക്കളപ്പുറത്ത്,അടുക്കളപ്പുറം
അടുക്കുക,അടുക്കുക
അടുക്കുന്നു,അടുക്കുക
അടുക്കുന്ന,അടുക്കുക
അടുക്കി,അടുക്കുക
അടുക്കുക,അടുക്കുക
അടുക്കുന്നു,അടുക്കുക
അടുക്കുന്ന,അടുക്കുക
അടുക്കി,അടുക്കുക
അടുത്തടുത്ത്,അടുത്തടുത്ത്
അടുപ്പക്കാരന്,അടുപ്പക്കാരൻ
അടുപ്പക്കാരനും,അടുപ്പക്കാരൻ
അടുപ്പ്,അടുപ്പ്
അടുപ്പിന്,അടുപ്പ്
അടുപ്പിന്റെ,അടുപ്പ്
അടുപ്പിൽ,അടുപ്പ്
അടുപ്പുകൾ,അടുപ്പ്
അടുപ്പും,അടുപ്പ്
അടോട്ട്,അട്
അട്ട,അട്ട
അട്ട,അട്ട
അട്ടം,അട്ടം
അട്ടത്ത്,അട്ടം
അട്ടം,അട്ടം
അട്ടത്ത്,അട്ടം
അട്ടി,അട്ടി
അട്ടിമറി,അട്ടിമറി
അഠാണ,അഠാണ
അണ,അണ
അണ,അണ
അണക്കെട്ട്,അണക്കെട്ട്
അണക്കെട്ടിനെ,അണക്കെട്ട്
അണക്കെട്ടിനോട്,അണക്കെട്ട്
അണക്കെട്ടിന്,അണക്കെട്ട്
അണക്കെട്ടിന്റെ,അണക്കെട്ട്
അണക്കെട്ടിൽ,അണക്കെട്ട്
അണക്കെട്ടുകൾ,അണക്കെട്ട്
അണക്കെട്ടും,അണക്കെട്ട്
അണക്കെട്ടായ,അണക്കെട്ട്
അണങ്ങ്,അണങ്ങ്
അണഞ്ഞു,അണയുക
അണഞ്ഞു,അണയുക
അണയ്ക്കുക,അണയ്ക്കുക
അണയ്ക്കുന്നു,അണയ്ക്കുക
അണയ്ക്കുക,അണയ്ക്കുക
അണയ്ക്കുന്നു,അണയ്ക്കുക
അണി,അണി
അണി,അണി
അണിയുക,അണിയുക
അണിഞ്ഞു,അണിയുക
അണിയുന്നു,അണിയുക
അണിയുന്ന,അണിയുക
അണിയുക,അണിയുക
അണിഞ്ഞു,അണിയുക
അണിയുന്നു,അണിയുക
അണിയുന്ന,അണിയുക
അണു,അണു
അണ്,അണ്
അണും,അണ്
അണ്ട,അണ്ട
അണ്ട,അണ്ട
അണ്ടന്,അണ്ടൻ
അണ്ടർ,അണ്ടർ
അണ്ടി,അണ്ടി
അണ്ടി,അണ്ടി
അണ്ഡ,അണ്ഡ
അണ്ണ,അണ്ണ
അണ്ണന്തമ്പി,അണ്ണന്തമ്പി
അണ്ണൻ,അണ്ണൻ
അണ്ണനെ,അണ്ണൻ
അണ്ണനോട്,അണ്ണൻ
അണ്ണന്,അണ്ണൻ
അണ്ണന്റെ,അണ്ണൻ
അണ്ണനും,അണ്ണൻ
അണ്ണാ,അണ്ണൻ
അണ്ണാ,അണ്ണാ
അണ്ണി,അണ്ണി
അത,അത
അതസീ,അതസീ
അതാ,അതാ
അതാത്,അതാത്
അതാതിന്,അതാത്
അതാതിന്റെ,അതാത്
അതാബ്,അതാബ്
അതി,അതി
അതീ,അതി
അതിക്രമ,അതിക്രമ
അതിഥി,അതിഥി
അതിനാൽ,അതിനാൽ
അതിനാല്,അതിനാൽ
അതിനുമേൽ,അതിനുമേൽ
അതിനുമേല്,അതിനുമേൽ
അതിന്,അതിന്
അതിനാൽ,അതിന്
അതിനും,അതിന്
അതിർ,അതിർ
അതിരിനോട്,അതിർ
അതിരിൽ,അതിർ
അതിരുകൾ,അതിർ
അതിരും,അതിർ
അതിസാര,അതിസാര
അതീത,അതീത
അത്,അത്
അതിനെ,അത്
അതിനോട്,അത്
അതിന്,അത്
അതിൻ,അത്
അതിനാൽ,അത്
അതിന്റെ,അത്
അതിൽ,അത്
അതും,അത്
അത്,അത്
അതിനെ,അത്
അതിനോട്,അത്
അതിന്,അത്
അതിൻ,അത്
അതിനാൽ,അത്
അതിന്റെ,അത്
അതിൽ,അത്
അതും,അത്
അത്ത,അത്ത
അത്ത,അത്ത
അത്താഴം,അത്താഴം
അത്താഴങ്ങൾ,അത്താഴം
അത്താഴവും,അത്താഴം
അത്താഴം,അത്താഴം
അത്താഴങ്ങൾ,അത്താഴം
അത്താഴവും,അത്താഴം
അത്താഴപ്പൂജ,അത്താഴപ്പൂജ
അത്തി,അത്തി
അത്തുക,അത്തുക
അത്തി,അത്തുക
അത്ത്,അത്ത്
അത്തിന്റെ,അത്ത്
അത്തിൽ,അത്ത്
അത്തും,അത്ത്
അത്തുക,അത്ത്
അത്ത്,അത്ത്
അത്തിന്റെ,അത്ത്
അത്തിൽ,അത്ത്
അത്തും,അത്ത്
അത്തുക,അത്ത്
അത്ഭുത,അത്ഭുത
അത്യന്ത,അത്യന്ത
അത്ര,അത്ര
അത്രടം,അത്രടം
അത്രമാത്രം,അത്രമാത്രം
അത്രി,അത്രി
അദ,അദ
അദിതി,അദിതി
അദ്,അദ്
അദിൽ,അദ്
അദ്ഭുത,അദ്ഭുത
അദ്ഭുതം,അദ്ഭുതം
അദ്ഭുതങ്ങൾ,അദ്ഭുതം
അദ്ഭുതവും,അദ്ഭുതം
അദ്യ,അദ്യ
അധമ,അധമ
അധിക,അധിക
അധികാ,അധികാ
അധികാര,അധികാര
അധികൃത,അധികൃത
അധിപ,അധിപ
അധിപതി,അധിപതി
അധിഷ്ഠാന,അധിഷ്ഠാന
അധിഷ്ഠിത,അധിഷ്ഠിത
അധീന,അധീന
അധീശ,അധീശ
അധ്യക്ഷ,അധ്യക്ഷ
അധ്യയന,അധ്യയന
അധ്യാപകൻ,അധ്യാപകൻ
അധ്യാപകനെ,അധ്യാപകൻ
അധ്യാപകനോട്,അധ്യാപകൻ
അധ്യാപകന്,അധ്യാപകൻ
അധ്യാപകന്റെ,അധ്യാപകൻ
അധ്യാപകനിൽ,അധ്യാപകൻ
അധ്യാപകനും,അധ്യാപകൻ
അധ്യായ,അധ്യായ
അധ്വര്യു,അധ്വര്യു
അധ്വര്യൂ,അധ്വര്യു
അധ്വാന,അധ്വാന
അധ്വാനിച്ചു,അധ്വാനിക്കുക
അധ്വാനിക്കുന്ന,അധ്വാനിക്കുക
അന,അന
അനങ്ങുന്നു,അനങ്ങുക
അനങ്ങുന്ന,അനങ്ങുക
അനങ്ങുന്നു,അനങ്ങുക
അനങ്ങുന്ന,അനങ്ങുക
അനങ്ങും,അനങ്ങ്
അനന്ത,അനന്ത
അനന്തര,അനന്തര
അനന്തിരവൻ,അനന്തിരവൻ
അനന്തിരവനെ,അനന്തിരവൻ
അനന്തിരവന്,അനന്തിരവൻ
അനന്തിരവനും,അനന്തിരവൻ
അനല,അനല
അനല്,അനല്
അനലിൻ,അനല്
അനസ്,അനസ്
അനസിനെ,അനസ്
അനസിന്,അനസ്
അനസിന്റെ,അനസ്
അനസും,അനസ്
അനിൽ,അനിൽ
അനില്,അനിൽ
അനി,അനി
അനിക,അനിക
അനിത്യ,അനിത്യ
അനിയത്തി,അനിയത്തി
അനിയൻ,അനിയൻ
അനിയനെ,അനിയൻ
അനിയനോട്,അനിയൻ
അനിയന്,അനിയൻ
അനിയന്റെ,അനിയൻ
അനിയന്മാർ,അനിയൻ
അനിയനും,അനിയൻ
അനിയാ,അനിയൻ
അനില,അനില
അനിലൻ,അനിലൻ
അനിലന്,അനിലൻ
അനിലനും,അനിലൻ
അനിലാ,അനിലൻ
അനിഷ്ട,അനിഷ്ട
അനുകരണ,അനുകരണ
അനുകൂല,അനുകൂല
അനുഗ്രഹ,അനുഗ്രഹ
അനുജ,അനുജ
അനുജത്തി,അനുജത്തി
അനുജത്തീ,അനുജത്തി
അനുജാ,അനുജാ
അനുജ്ഞാ,അനുജ്ഞാ
അനുപ,അനുപ
അനുബന്ധ,അനുബന്ധ
അനുഭവ,അനുഭവ
അനുഭൂതി,അനുഭൂതി
അനുരാധാ,അനുരാധാ
അനുഷ്ഠാന,അനുഷ്ഠാന
അനുസരിക്കുക,അനുസരിക്കുക
അനുസരിച്ചു,അനുസരിക്കുക
അനുസരിക്കുന്നു,അനുസരിക്കുക
അനുസരിക്കുന്ന,അനുസരിക്കുക
അനുസ്വാരം,അനുസ്വാരം
അന്ത,അന്ത
അന്തം,അന്തം
അന്തവും,അന്തം
അന്തം,അന്തം
അന്തവും,അന്തം
അന്തഃ,അന്തഃ
അന്തക,അന്തക
അന്തര,അന്തര
അന്തര്,അന്തര്
അന്തർ,അന്തർ
അന്തർ,അന്തർ
അന്തസ്,അന്തസ്
അന്തസിനെ,അന്തസ്
അന്തസിന്,അന്തസ്
അന്തസിന്റെ,അന്തസ്
അന്തസും,അന്തസ്
അന്താ,അന്താ
അന്തിച്ചു,അന്തിക്കുക
അന്തിത്തിരി,അന്തിത്തിരി
അന്തിത്തിരിയൻ,അന്തിത്തിരിയൻ
അന്തിത്തിരിയന്,അന്തിത്തിരിയൻ
അന്ത്യ,അന്ത്യ
അന്ധ,അന്ധ
അന്ധക,അന്ധക
അന്ധതാ,അന്ധതാ
അന്ധാളിച്ചു,അന്ധാളിക്കുക
അന്ധാളിക്കുന്നു,അന്ധാളിക്കുക
അന്ന,അന്ന
അന്നം,അന്നം
അന്നവും,അന്നം
അന്നത്ത്,അന്നം
അന്ന്,അന്ന്
അന്നിനെ,അന്ന്
അന്നിന്റെ,അന്ന്
അന്നും,അന്ന്
അന്നേക്ക്,അന്ന്
അന്ന്,അന്ന്
അന്നിനെ,അന്ന്
അന്നിന്റെ,അന്ന്
അന്നും,അന്ന്
അന്നേക്ക്,അന്ന്
അന്യ,അന്യ
അന്വിത,അന്വിത
അന്വേഷകൻ,അന്വേഷകൻ
അന്വേഷകന്,അന്വേഷകൻ
അന്വേഷകന്റെ,അന്വേഷകൻ
അന്വേഷകനും,അന്വേഷകൻ
അന്വേഷണ,അന്വേഷണ
അൻ,അൻ
അന്,അൻ
അന്റെ,അൻ
അനിൽ,അൻ
അനേ,അൻ
അൻ,അൻ
അന്,അൻ
അന്റെ,അൻ
അനിൽ,അൻ
അനേ,അൻ
അൻപ്,അൻപ്
അൻപിനാൽ,അൻപ്
അൻപ്,അൻപ്
അൻപിനാൽ,അൻപ്
അപ,അപ
അപചയ,അപചയ
അപര,അപര
അപരാധ,അപരാധ
അപരാന്തികാ,അപരാന്തികാ
അപർണാ,അപർണാ
അപസ്മാര,അപസ്മാര
അപായ,അപായ
അപായം,അപായം
അപായവും,അപായം
അപി,അപി
അപേക്ഷ,അപേക്ഷ
അപ്,അപ്
അപിനെ,അപ്
അപും,അപ്
അപായ,അപ്
അപ്പ,അപ്പ
അപ്പ,അപ്പ
അപ്പം,അപ്പം
അപ്പവും,അപ്പം
അപ്പം,അപ്പം
അപ്പവും,അപ്പം
അപ്പച്ചൻ,അപ്പച്ചൻ
അപ്പച്ചനെ,അപ്പച്ചൻ
അപ്പച്ചന്,അപ്പച്ചൻ
അപ്പച്ചന്റെ,അപ്പച്ചൻ
അപ്പച്ചനും,അപ്പച്ചൻ
അപ്പച്ചാ,അപ്പച്ചൻ
അപ്പൻ,അപ്പൻ
അപ്പനെ,അപ്പൻ
അപ്പന്,അപ്പൻ
അപ്പന്റെ,അപ്പൻ
അപ്പനും,അപ്പൻ
അപ്പാ,അപ്പൻ
അപ്പൻ,അപ്പൻ
അപ്പനെ,അപ്പൻ
അപ്പന്,അപ്പൻ
അപ്പന്റെ,അപ്പൻ
അപ്പനും,അപ്പൻ
അപ്പാ,അപ്പൻ
അപ്പളം,അപ്പളം
അപ്പാ,അപ്പാ
അപ്പി,അപ്പി
അപ്സരസ്,അപ്സരസ്
അപ്സരസായ,അപ്സരസ്
അഭിചാര,അഭിചാര
അഭിമാന,അഭിമാന
അഭിമുഖ,അഭിമുഖ
അഭിലഷണീയ,അഭിലഷണീയ
അഭിലാഷ,അഭിലാഷ
അഭിഷേക,അഭിഷേക
അഭ്യാസ,അഭ്യാസ
അഭ്യുദയ,അഭ്യുദയ
അഭ്യൂഹ,അഭ്യൂഹ
അമ,അമ
അമ,അമ
അമങ്,അമങ്
അമൻ,അമൻ
അമന്,അമൻ
അമന്റെ,അമൻ
അമാ,അമൻ
അമര,അമര
അമരം,അമരം
അമരവും,അമരം
അമരത്ത്,അമരം
അമരം,അമരം
അമരവും,അമരം
അമരത്ത്,അമരം
അമരാവതി,അമരാവതി
അമരീ,അമരീ
അമർന്നു,അമരുക
അമര്ന്നു,അമരുക
അമരുന്നു,അമരുക
അമരുന്ന,അമരുക
അമര്,അമര്
അമർ,അമർ
അമരെ,അമർ
അമർന്നു,അമർക്കുക
അമർന്നു,അമർക്കുക
അമർത്തുക,അമർത്തുക
അമർത്തി,അമർത്തുക
അമർത്തുന്നു,അമർത്തുക
അമർത്തുന്ന,അമർത്തുക
അമൽ,അമൽ
അമല്,അമൽ
അമളി,അമളി
അമാ,അമാ
അമാനത്,അമാനത്
അമാനത്ത്,അമാനത്ത്
അമാന്തം,അമാന്തം
അമാന്തവും,അമാന്തം
അമി,അമി
അമിട്ട്,അമിട്ട്
അമിട്ടിന്,അമിട്ട്
അമിട്ടിന്റെ,അമിട്ട്
അമിട്ടും,അമിട്ട്
അമിത,അമിത
അമുക്കുരം,അമുക്കുരം
അമൃത,അമൃത
അമൃതാ,അമൃതാ
അമൃത്,അമൃത്
അമൃതിന്,അമൃത്
അമൃതിന്റെ,അമൃത്
അമൃതും,അമൃത്
അമേരിക്ക,അമേരിക്ക
അമ്പതാം,അമ്പതാം
അമ്പത്,അമ്പത്
അമ്പതിന്,അമ്പത്
അമ്പതിന്റെ,അമ്പത്
അമ്പതിൽ,അമ്പത്
അമ്പതുകൾ,അമ്പത്
അമ്പതും,അമ്പത്
അമ്പതാം,അമ്പത്
അമ്പൻ,അമ്പൻ
അമ്പൻ,അമ്പൻ
അമ്പരക്കുക,അമ്പരക്കുക
അമ്പരന്നു,അമ്പരക്കുക
അമ്പരപ്പ്,അമ്പരപ്പ്
അമ്പരപ്പിന്,അമ്പരപ്പ്
അമ്പരപ്പും,അമ്പരപ്പ്
അമ്പലം,അമ്പലം
അമ്പലങ്ങൾ,അമ്പലം
അമ്പലവും,അമ്പലം
അമ്പലത്ത്,അമ്പലം
അമ്പലക്കാള,അമ്പലക്കാള
അമ്പലപ്പടി,അമ്പലപ്പടി
അമ്പലപ്പുറത്ത്,അമ്പലപ്പുറം
അമ്പാട്ട്,അമ്പാട്ട്
അമ്പാട്ടിന്റെ,അമ്പാട്ട്
അമ്പാട്ടും,അമ്പാട്ട്
അമ്പാളി,അമ്പാളി
അമ്പാഴം,അമ്പാഴം
അമ്പിളി,അമ്പിളി
അമ്പ്,അമ്പ്
അമ്പിനെ,അമ്പ്
അമ്പിന്,അമ്പ്
അമ്പിന്റെ,അമ്പ്
അമ്പുകൾ,അമ്പ്
അമ്പും,അമ്പ്
അമ്പ്,അമ്പ്
അമ്പിനെ,അമ്പ്
അമ്പിന്,അമ്പ്
അമ്പിന്റെ,അമ്പ്
അമ്പുകൾ,അമ്പ്
അമ്പും,അമ്പ്
അമ്മ,അമ്മ
അമ്മ,അമ്മ
അമ്മച്ചി,അമ്മച്ചി
അമ്മണത്ത്,അമ്മണം
അമ്മണൻ,അമ്മണൻ
അമ്മൻ,അമ്മൻ
അമ്മനെ,അമ്മൻ
അമ്മന്,അമ്മൻ
അമ്മന്റെ,അമ്മൻ
അമ്മാ,അമ്മൻ
അമ്മൻകുടം,അമ്മൻകുടം
അമ്മൻകൊട,അമ്മൻകൊട
അമ്മമ്മ,അമ്മമ്മ
അമ്മയാർ,അമ്മയാർ
അമ്മവീട്,അമ്മവീട്
അമ്മവീടായ,അമ്മവീട്
അമ്മാ,അമ്മാ
അമ്മാഞ്ചി,അമ്മാഞ്ചി
അമ്മാനപ്പാട്ട്,അമ്മാനപ്പാട്ട്
അമ്മാൻ,അമ്മാൻ
അമ്മാന്,അമ്മാൻ
അമ്മാനിൽ,അമ്മാൻ
അമ്മാമൻ,അമ്മാമൻ
അമ്മാമനെ,അമ്മാമൻ
അമ്മാമനോട്,അമ്മാമൻ
അമ്മാമന്,അമ്മാമൻ
അമ്മാമന്റെ,അമ്മാമൻ
അമ്മാമനും,അമ്മാമൻ
അമ്മാമാ,അമ്മാമൻ
അമ്മാർ,അമ്മാർ
അമ്മാരുടെ,അമ്മാർ
അമ്മാരും,അമ്മാർ
അമ്മാവി,അമ്മാവി
അമ്മി,അമ്മി
അമ്മി,അമ്മി
അമ്മിഞ്ഞ,അമ്മിഞ്ഞ
അമ്മിണി,അമ്മിണി
അമ്മിമുറിയൻ,അമ്മിമുറിയൻ
അമ്മു,അമ്മു
അമ്മുമ്മ,അമ്മുമ്മ
അമ്മൂമ്മ,അമ്മൂമ്മ
അമ്ല,അമ്ല
അമ്ലം,അമ്ലം
അമ്ലങ്ങൾ,അമ്ലം
അമ്ലവും,അമ്ലം
അയ,അയ
അയം,അയം
അയവും,അയം
അയം,അയം
അയവും,അയം
അയക്കുക,അയക്കുക
അയച്ചു,അയക്കുക
അയക്കുന്നു,അയക്കുക
അയക്കുന്ന,അയക്കുക
അയന,അയന
അയനം,അയനം
അയനങ്ങൾ,അയനം
അയഞ്ഞു,അയയുക
അയയുന്നു,അയയുക
അയയുന്ന,അയയുക
അയഞ്ഞു,അയയുക
അയയുന്നു,അയയുക
അയയുന്ന,അയയുക
അയയ്ക്കുക,അയയ്ക്കുക
അയയ്ച്ചു,അയയ്ക്കുക
അയയ്ക്കുന്നു,അയയ്ക്കുക
അയയ്ക്കുന്ന,അയയ്ക്കുക
അയൽ,അയൽ
അയല്,അയൽ
അയൽ,അയൽ
അയല്,അയൽ
അയവെട്ടുന്ന,അയവെട്ടുക
അയവ്,അയവ്
അയവിന്,അയവ്
അയവും,അയവ്
അയിനി,അയിനി
അയിരിനെ,അയിർ
അയിരിന്,അയിർ
അയിരിൽ,അയിർ
അയിരുകൾ,അയിർ
അയിരും,അയിർ
അയിരേ,അയിർ
അയില,അയില
അയിൽ,അയിൽ
അയ്,അയ്
അയാൽ,അയ്
അയിൽ,അയ്
അയാം,അയ്
അയ്യ,അയ്യ
അയ്യ,അയ്യ
അയ്യത്ത്,അയ്യം
അയ്യനവർ,അയ്യനവർ
അയ്യനാർ,അയ്യനാർ
അയ്യപ്പാല,അയ്യപ്പാല
അയ്യർ,അയ്യർ
അയ്യരെ,അയ്യർ
അയ്യരുടെ,അയ്യർ
അയ്യരിൽ,അയ്യർ
അയ്യരും,അയ്യർ
അയ്യാ,അയ്യാ
അയ്യേ,അയ്യേ
അര,അര
അര,അര
അരം,അരം
അരം,അരം
അരക്കൻ,അരക്കൻ
അരക്കുക,അരക്കുക
അരച്ചു,അരക്കുക
അരക്കെട്ട്,അരക്കെട്ട്
അരക്കെട്ടിന്,അരക്കെട്ട്
അരക്കെട്ടിന്റെ,അരക്കെട്ട്
അരക്കെട്ടിൽ,അരക്കെട്ട്
അരക്കെട്ടും,അരക്കെട്ട്
അരക്ക്,അരക്ക്
അരക്കിന്,അരക്ക്
അരക്കാൽ,അരക്ക്
അരക്കും,അരക്ക്
അരക്കുക,അരക്ക്
അരങ്ങ്,അരങ്ങ്
അരങ്ങിനെ,അരങ്ങ്
അരങ്ങിന്,അരങ്ങ്
അരങ്ങിന്റെ,അരങ്ങ്
അരങ്ങിൽ,അരങ്ങ്
അരങ്ങുകൾ,അരങ്ങ്
അരങ്ങും,അരങ്ങ്
അരങ്ങായ,അരങ്ങ്
അരചൻ,അരചൻ
അരചന്,അരചൻ
അരചന്മാർ,അരചൻ
അരണ,അരണ
അരണി,അരണി
അരപ്പ്,അരപ്പ്
അരപ്പിന്,അരപ്പ്
അരപ്പും,അരപ്പ്
അരമന,അരമന
അരയ്ക്കുക,അരയ്ക്കുക
അരയ്ക്കുന്ന,അരയ്ക്കുക
അരളി,അരളി
അരവത്ത്,അരവം
അരവത്ത്,അരവം
അരവിന്ദ,അരവിന്ദ
അരവിന്,അരവ്
അരവിന്റെ,അരവ്
അരശ്,അരശ്
അരശും,അരശ്
അരശ്,അരശ്
അരശും,അരശ്
അരി,അരി
അരി,അരി
അരിച്ചു,അരിക്കുക
അരിക്കുന്നു,അരിക്കുക
അരിക്കുന്ന,അരിക്കുക
അരിച്ചു,അരിക്കുക
അരിക്കുന്നു,അരിക്കുക
അരിക്കുന്ന,അരിക്കുക
അരിപ്പവും,അരിപ്പം
അരിപ്പന്റെ,അരിപ്പൻ
അരിപ്പനും,അരിപ്പൻ
അരിപ്പാ,അരിപ്പൻ
അരിപ്പൂ,അരിപ്പു
അരിപ്ര,അരിപ്ര
അരിപ്രാവ്,അരിപ്രാവ്
അരിമാവ്,അരിമാവ്
അരിമാവും,അരിമാവ്
അരിമ്പാറ,അരിമ്പാറ
അരിയുക,അരിയുക
അരിഞ്ഞു,അരിയുക
അരിയുന്ന,അരിയുക
അരിയുക,അരിയുക
അരിഞ്ഞു,അരിയുക
അരിയുന്ന,അരിയുക
അരിയുണ്ട,അരിയുണ്ട
അരീക്ക,അരീക്ക
അരു,അരു
അരൂ,അരു
അരും,അരും
അരുണ,അരുണ
അരുണാ,അരുണാ
അരുണിമാ,അരുണിമൻ
അരുത്,അരുത്
അരുന്ധതി,അരുന്ധതി
അരുന്ധതീ,അരുന്ധതി
അരുളിച്ചെയ്യുന്നു,അരുളിച്ചെയ്യുക
അരുളുന്നു,അരുളുക
അരുളുന്ന,അരുളുക
അരുളുന്നു,അരുളുക
അരുളുന്ന,അരുളുക
അരുൾ,അരുൾ
അരുളും,അരുൾ
അരുവ,അരുവ
അരുവി,അരുവി
അരുഷ,അരുഷ
അരൂ,അരൂ
അര്യമന്,അര്യമൻ
അര്യമാ,അര്യമൻ
അർ,അർ
അരാൽ,അർ
അരുടെ,അർ
അരും,അർ
അറ്,അർ
അരേ,അർ
അർക,അർക
അർക്ക,അർക്ക
അർത്ഥ,അർത്ഥ
അർത്ഥം,അർത്ഥം
അർത്ഥങ്ങൾ,അർത്ഥം
അർത്ഥവും,അർത്ഥം
അർത്ഥിക,അർത്ഥിക
അർധ,അർധ
അർപിത,അർപിത
അർപ്പണ,അർപ്പണ
അർബുദ,അർബുദ
അർശസ്,അർശസ്
അർശസിന്റെ,അർശസ്
അർഹതാ,അർഹതാ
അറ,അറ
അറ,അറ
അറം,അറം
അറം,അറം
അറച്ചു,അറക്കുക
അറക്കുന്ന,അറക്കുക
അറനാടൻ,അറനാടൻ
അറപ്പും,അറപ്പ്
അറപ്പും,അറപ്പ്
അറബി,അറബി
അറയാതെ,അറയാതെ
അറയ്ക്കുന്ന,അറയ്ക്കുക
അറവാതില്,അറവാതിൽ
അറവ്,അറവ്
അറിയിപ്പ്,അറിയിപ്പ്
അറിയിപ്പിനെ,അറിയിപ്പ്
അറിയിപ്പിന്റെ,അറിയിപ്പ്
അറിയിപ്പിൽ,അറിയിപ്പ്
അറിയിപ്പുകൾ,അറിയിപ്പ്
അറിയിപ്പും,അറിയിപ്പ്
അറിയുക,അറിയുക
അറിഞ്ഞു,അറിയുക
അറിയുന്നു,അറിയുക
അറിയുന്ന,അറിയുക
അറിയുക,അറിയുക
അറിഞ്ഞു,അറിയുക
അറിയുന്നു,അറിയുക
അറിയുന്ന,അറിയുക
അറിവ്,അറിവ്
അറിവിനെ,അറിവ്
അറിവിനോട്,അറിവ്
അറിവിന്,അറിവ്
അറിവിൻ,അറിവ്
അറിവാൽ,അറിവ്
അറിവിന്റെ,അറിവ്
അറിവിൽ,അറിവ്
അറിവുകൾ,അറിവ്
അറിവും,അറിവ്
അറു,അറു
അറു,അറു
അറി,അറുക
അറി,അറുക
അറുക്കുന്ന,അറുക്കുക
അറുക്കുന്ന,അറുക്കുക
അറുതി,അറുതി
അറുനൂറ്,അറുനൂറ്
അറുനൂറിൽ,അറുനൂറ്
അറുനൂറിൽ,അറുനൂറ്
അറുനൂറും,അറുനൂറ്
അറ്റ,അറ്റ
അറ്റം,അറ്റം
അറ്റങ്ങൾ,അറ്റം
അറ്റവും,അറ്റം
അറ്റത്ത്,അറ്റം
അറ്റം,അറ്റം
അറ്റങ്ങൾ,അറ്റം
അറ്റവും,അറ്റം
അറ്റത്ത്,അറ്റം
അല,അല
അല,അല
അലം,അലം
അലം,അലം
അലകടൽ,അലകടൽ
അലകടല്,അലകടൽ
അലക്,അലക്
അലകുകൾ,അലക്
അലകും,അലക്
അലക്,അലക്
അലകുകൾ,അലക്
അലകും,അലക്
അലക്കുക,അലക്കുക
അലക്കുന്ന,അലക്കുക
അലക്കി,അലക്കുക
അലക്കുക,അലക്കുക
അലക്കുന്ന,അലക്കുക
അലക്കി,അലക്കുക
അലങ്കാര,അലങ്കാര
അലങ്കൃത,അലങ്കൃത
അലഞ്ഞ,അലഞ്ഞ
അലട്ടുക,അലട്ടുക
അലട്ടുന്നു,അലട്ടുക
അലട്ടുന്ന,അലട്ടുക
അലട്ടുക,അലട്ടുക
അലട്ടുന്നു,അലട്ടുക
അലട്ടുന്ന,അലട്ടുക
അലമുറ,അലമുറ
അലയാഴി,അലയാഴി
അലയുക,അലയുക
അലഞ്ഞു,അലയുക
അലയുന്നു,അലയുക
അലയുന്ന,അലയുക
അലയുക,അലയുക
അലഞ്ഞു,അലയുക
അലയുന്നു,അലയുക
അലയുന്ന,അലയുക
അലരി,അലരി
അലർ,അലർ
അലരെ,അലർ
അലർ,അലർ
അലരെ,അലർ
അലറി,അലറി
അലറി,അലറുക
അലറുന്നു,അലറുക
അലറുന്ന,അലറുക
അലറി,അലറുക
അലറുന്നു,അലറുക
അലറുന്ന,അലറുക
അലവലാതി,അലവലാതി
അലവാങ്ക്,അലവാങ്ക്
അലവാങ്കും,അലവാങ്ക്
അലസ,അലസ
അലസുന്നു,അലസുക
അലസുന്ന,അലസുക
അലസുന്നു,അലസുക
അലസുന്ന,അലസുക
അലസ്,അലസ്
അലാരിപ്പ്,അലാരിപ്പ്
അലാരിപ്പിന്റെ,അലാരിപ്പ്
അലാരിപ്പിൽ,അലാരിപ്പ്
അലി,അലി
അലീ,അലി
അലി,അലി
അലീ,അലി
അലിഞ്ഞു,അലിയുക
അലിയുന്നു,അലിയുക
അലിയുന്ന,അലിയുക
അലിഞ്ഞു,അലിയുക
അലിയുന്നു,അലിയുക
അലിയുന്ന,അലിയുക
അലിവ്,അലിവ്
അലിവും,അലിവ്
അല്,അല്
അലെ,അല്
അലോട്ട്,അല്
അലിന്,അല്
അലിൻ,അല്
അലിന്,അല്
അലാൽ,അല്
അലാൽ,അല്
അലിൽ,അല്
അലിൽ,അല്
അലാം,അല്
അല്പ,അല്പ
അല്പം,അല്പം
അല്പവും,അല്പം
അല്ല,അല്ല
അല്ല,അല്ല
അല്ലറചില്ലറ,അല്ലറചില്ലറ
അല്ലൽ,അല്ലൽ
അല്ലാ,അല്ലാ
അല്ലി,അല്ലി
അല്ലേ,അല്ലേ
അല്ലെ,അല്ല്
അല്ലാം,അല്ല്
അല്ലേ,അല്ല്
അൽ,അൽ
അല്,അൽ
അൽ,അൽ
അല്,അൽ
അൽപ,അൽപ
അൽപ്പം,അൽപ്പം
അളം,അളം
അളവും,അളം
അളം,അളം
അളവും,അളം
അളക്കുക,അളക്കുക
അളക്കുന്നു,അളക്കുക
അളക്കുന്ന,അളക്കുക
അളന്നു,അളക്കുക
അളവ്,അളവ്
അളവിനെ,അളവ്
അളവിനോട്,അളവ്
അളവിന്,അളവ്
അളവിന്റെ,അളവ്
അളവിൽ,അളവ്
അളവുകൾ,അളവ്
അളവും,അളവ്
അളവായ,അളവ്
അളവ്,അളവ്
അളവിനെ,അളവ്
അളവിനോട്,അളവ്
അളവിന്,അളവ്
അളവിന്റെ,അളവ്
അളവിൽ,അളവ്
അളവുകൾ,അളവ്
അളവും,അളവ്
അളവായ,അളവ്
അള്ള്,അള്ള്
അള്ളുകൾ,അള്ള്
അൾ,അൾ
അളുകൾ,അൾ
അൾ,അൾ
അളുകൾ,അൾ
അഴ,അഴ
അഴകം,അഴകം
അഴകത്ത്,അഴകം
അഴക്,അഴക്
അഴകിനെ,അഴക്
അഴകിന്,അഴക്
അഴകിന്റെ,അഴക്
അഴകിൽ,അഴക്
അഴകും,അഴക്
അഴക്,അഴക്
അഴകിനെ,അഴക്
അഴകിന്,അഴക്
അഴകിന്റെ,അഴക്
അഴകിൽ,അഴക്
അഴകും,അഴക്
അഴൽ,അഴൽ
അഴൽ,അഴൽ
അഴി,അഴി
അഴീ,അഴി
അഴി,അഴി
അഴീ,അഴി
അഴിക്കുക,അഴിക്കുക
അഴിച്ചു,അഴിക്കുക
അഴിക്കുന്നു,അഴിക്കുക
അഴിക്കുന്ന,അഴിക്കുക
അഴിഞ്ഞു,അഴിയുക
അഴിയുന്നു,അഴിയുക
അഴിഞ്ഞു,അഴിയുക
അഴിയുന്നു,അഴിയുക
അഴിവ്,അഴിവ്
അഴിവും,അഴിവ്
അഴിവ്,അഴിവ്
അഴിവും,അഴിവ്
അഴു,അഴു
അഴു,അഴു
അഴ്ന്നു,അഴുക
അഴുകുന്ന,അഴുകുക
അഴുകുന്ന,അഴുകുക
അഴുക്ക്,അഴുക്ക്
അഴുക്കിൽ,അഴുക്ക്
അഴുക്കുകൾ,അഴുക്ക്
അഴുക്കും,അഴുക്ക്
അഴുക്കായ,അഴുക്ക്
അഴുത്ത്,അഴുത്ത്
അവ,അവ
അവ,അവ
അവകാശ,അവകാശ
അവതരണ,അവതരണ
അവതാര,അവതാര
അവധാനം,അവധാനം
അവധി,അവധി
അവൻ,അവൻ
അവനെ,അവൻ
അവനോട്,അവൻ
അവന്,അവൻ
അവന്റെ,അവൻ
അവനിൽ,അവൻ
അവന്മാർ,അവൻ
അവനും,അവൻ
അവൻ,അവൻ
അവനെ,അവൻ
അവനോട്,അവൻ
അവന്,അവൻ
അവന്റെ,അവൻ
അവനിൽ,അവൻ
അവന്മാർ,അവൻ
അവനും,അവൻ
അവമതി,അവമതി
അവയവ,അവയവ
അവര,അവര
അവര,അവര
അവരാ,അവരാ
അവർ,അവർ
അവരെ,അവർ
അവരോട്,അവർ
അവരാൽ,അവർ
അവരുടെ,അവർ
അവരിൽ,അവർ
അവരും,അവർ
അവറ്,അവർ
അവരേ,അവർ
അവർ,അവർ
അവരെ,അവർ
അവരോട്,അവർ
അവരാൽ,അവർ
അവരുടെ,അവർ
അവരിൽ,അവർ
അവരും,അവർ
അവറ്,അവർ
അവരേ,അവർ
അവർകൾ,അവർകൾ
അവർകളെ,അവർകൾ
അവർകളുടെ,അവർകൾ
അവർകളും,അവർകൾ
അവറ്റ,അവറ്റ
അവറ്റ,അവറ്റ
അവൾ,അവൾ
അവളെ,അവൾ
അവളോട്,അവൾ
അവളുടെ,അവൾ
അവളിൽ,അവൾ
അവളും,അവൾ
അവൾ,അവൾ
അവളെ,അവൾ
അവളോട്,അവൾ
അവളുടെ,അവൾ
അവളിൽ,അവൾ
അവളും,അവൾ
അവശേഷ,അവശേഷ
അവശ്യ,അവശ്യ
അവസാന,അവസാന
അവസ്ഥ,അവസ്ഥ
അവസ്ഥാ,അവസ്ഥാ
അവാന,അവാന
അവായ,അവായ
അവി,അവി
അവി,അവി
അവിദ്യാ,അവിദ്യാ
അവിയൽ,അവിയൽ
അവിയല്,അവിയൽ
അവില,അവില
അവിൽ,അവിൽ
അവില്,അവിൽ
അവെസ്ത,അവെസ്ത
അവ്,അവ്
അവിനെ,അവ്
അവിന്,അവ്
അവിൽ,അവ്
അവാം,അവ്
അവേക്ക്,അവ്
അവായ,അവ്
അവ്വ,അവ്വ
അശനി,അശനി
അശുദ്ധ,അശുദ്ധ
അശ്,അശ്
അശ്രു,അശ്രു
അശ്വഗന്ധ,അശ്വഗന്ധ
അശ്വത്ഥ,അശ്വത്ഥ
അശ്വിനീ,അശ്വിനീ
അശ്വിൻ,അശ്വിൻ
അശ്വിനെ,അശ്വിൻ
അശ്വിന്,അശ്വിൻ
അശ്വിന്റെ,അശ്വിൻ
അശ്വിനും,അശ്വിൻ
അഷ്ടക,അഷ്ടക
അഷ്ടമ,അഷ്ടമ
അഷ്ടമി,അഷ്ടമി
അസഗ,അസഗ
അസി,അസി
അസു,അസു
അസുര,അസുര
അസ്,അസ്
അസിന്,അസ്
അസിൻ,അസ്
അസിന്റെ,അസ്
അസാം,അസ്
അസുക,അസ്
അസ്തമയ,അസ്തമയ
അസ്തി,അസ്തി
അസ്ത്ര,അസ്ത്ര
അസ്ത്രം,അസ്ത്രം
അസ്ത്രങ്ങൾ,അസ്ത്രം
അസ്ത്രവും,അസ്ത്രം
അസ്ഥി,അസ്ഥി
അഹ,അഹ
അഹങ്കാര,അഹങ്കാര
അഹ്വ,അഹ്വ
ആ,ആ
ആ,ആ
ആം,ആം
ആവും,ആം
ആമ്,ആം
ആംഗം,ആംഗം
ആകം,ആകം
ആകമാനം,ആകമാനം
ആകമാനവും,ആകമാനം
ആകയാൽ,ആകയാൽ
ആകയാല്,ആകയാൽ
ആകർഷക,ആകർഷക
ആകർഷണ,ആകർഷണ
ആകാത്ത,ആകാത്ത
ആകാത്തത്,ആകാത്തത്
ആകാത്തതിനാൽ,ആകാത്തത്
ആകാര,ആകാര
ആകാശ,ആകാശ
ആകിൽ,ആകിൽ
ആകും,ആകും
ആകുക,ആകുക
ആകുന്നു,ആകുക
ആകുന്ന,ആകുക
ആകുന്നു,ആകുന്നു
ആകുലപ്പെടുന്നു,ആകുലപ്പെടുക
ആകൃതി,ആകൃതി
ആകെ,ആകെ
ആകെ,ആകെ
ആക്,ആക്
ആകിൽ,ആക്
ആകും,ആക്
ആകാം,ആക്
ആകുക,ആക്
ആക്കുക,ആക്കുക
ആക്കുന്നു,ആക്കുക
ആക്കുന്ന,ആക്കുക
ആക്കി,ആക്കുക
ആന്നു,ആക്കുക
ആക്രമണ,ആക്രമണ
ആക്ഷേപ,ആക്ഷേപ
ആഖ്യ,ആഖ്യ
ആഖ്യാന,ആഖ്യാന
ആഗത,ആഗത
ആഗതി,ആഗതി
ആഗമ,ആഗമ
ആഗമന,ആഗമന
ആഗസ്,ആഗസ്
ആഗസ്സ്,ആഗസ്സ്
ആഗ്നേയ,ആഗ്നേയ
ആഗ്രഹ,ആഗ്രഹ
ആഘാത,ആഘാത
ആചാര,ആചാര
ആചാര്യ,ആചാര്യ
ആജ്ഞാ,ആജ്ഞാ
ആഞ്ഞിലി,ആഞ്ഞിലി
ആഞ്ഞിലി,ആഞ്ഞിലി
ആഞ്ഞു,ആഞ്ഞു
ആടലോടകവും,ആടലോടകം
ആടൽ,ആടൽ
ആടി,ആടി
ആടി,ആടി
ആടുക,ആടുക
ആടുന്നു,ആടുക
ആടുന്ന,ആടുക
ആടുക,ആടുക
ആടുന്നു,ആടുക
ആടുന്ന,ആടുക
ആട്,ആട്
ആടിനെ,ആട്
ആടിനോട്,ആട്
ആടിന്,ആട്
ആടിൻ,ആട്
ആടിന്റെ,ആട്
ആടുകൾ,ആട്
ആടും,ആട്
ആടുക,ആട്
ആട്ട്,ആട്
ആട്,ആട്
ആടിനെ,ആട്
ആടിനോട്,ആട്
ആടിന്,ആട്
ആടിൻ,ആട്
ആടിന്റെ,ആട്
ആടുകൾ,ആട്
ആടും,ആട്
ആടുക,ആട്
ആട്ട്,ആട്
ആട്ട,ആട്ട
ആട്ടം,ആട്ടം
ആട്ടങ്ങൾ,ആട്ടം
ആട്ടവും,ആട്ടം
ആട്ടം,ആട്ടം
ആട്ടങ്ങൾ,ആട്ടം
ആട്ടവും,ആട്ടം
ആട്ടക്കാരി,ആട്ടക്കാരി
ആട്ടി,ആട്ടി
ആട്ടി,ആട്ടി
ആട്ടുന്ന,ആട്ടുക
ആട്ടെ,ആട്ടെ
ആഡം,ആഡം
ആഡ്യ,ആഡ്യ
ആണാ,ആണാ
ആണി,ആണി
ആണീ,ആണി
ആണുങ്ങൾ,ആണുങ്ങൾ
ആണുങ്ങളെ,ആണുങ്ങൾ
ആണുങ്ങളോട്,ആണുങ്ങൾ
ആണുങ്ങളുടെ,ആണുങ്ങൾ
ആണുങ്ങളിൽ,ആണുങ്ങൾ
ആണുങ്ങളും,ആണുങ്ങൾ
ആണെ,ആണെ
ആണ്,ആണ്
ആണിനെ,ആണ്
ആണിന്,ആണ്
ആണിന്റെ,ആണ്
ആണും,ആണ്
ആണായ,ആണ്
ആണ്ട,ആണ്ട
ആണ്ടവൻ,ആണ്ടവൻ
ആണ്ടവന്,ആണ്ടവൻ
ആണ്ടാർ,ആണ്ടാർ
ആണ്ടാൾ,ആണ്ടാൾ
ആണ്ടാളെ,ആണ്ടാൾ
ആണ്ടാളുടെ,ആണ്ടാൾ
ആണ്ടാളിന്റെ,ആണ്ടാൾ
ആണ്ടി,ആണ്ടി
ആണ്ടു,ആണ്ടു
ആണ്ട്,ആണ്ട്
ആണ്ടിന്റെ,ആണ്ട്
ആണ്ടിൽ,ആണ്ട്
ആണ്ട്,ആണ്ട്
ആണ്ടിന്റെ,ആണ്ട്
ആണ്ടിൽ,ആണ്ട്
ആൺ,ആൺ
ആണിനെ,ആൺ
ആണിന്റെ,ആൺ
ആതുര,ആതുര
ആത്ത,ആത്ത
ആത്താ,ആത്തൻ
ആത്തി,ആത്തി
ആത്തീ,ആത്തി
ആത്മ,ആത്മ
ആത്മജ,ആത്മജ
ആത്മാ,ആത്മൻ
ആത്മാ,ആത്മാ
ആത്മാവ്,ആത്മാവ്
ആത്മാവിനെ,ആത്മാവ്
ആത്മാവിനോട്,ആത്മാവ്
ആത്മാവിന്,ആത്മാവ്
ആത്മാവിന്റെ,ആത്മാവ്
ആത്മാവിൽ,ആത്മാവ്
ആത്മാവുകൾ,ആത്മാവ്
ആത്മാവും,ആത്മാവ്
ആത്മാവായ,ആത്മാവ്
ആത്മീയ,ആത്മീയ
ആദ,ആദ
ആദര,ആദര
ആദാന,ആദാന
ആദായ,ആദായ
ആദി,ആദി
ആദിത്യ,ആദിത്യ
ആദിന്,ആദിൻ
ആദ്യ,ആദ്യ
ആധാര,ആധാര
ആധാരം,ആധാരം
ആധാരങ്ങൾ,ആധാരം
ആധാരവും,ആധാരം
ആധി,ആധി
ആധീ,ആധി
ആധിപത്യ,ആധിപത്യ
ആന,ആന
ആന,ആന
ആനന്ദ,ആനന്ദ
ആനന്ദം,ആനന്ദം
ആനന്ദങ്ങൾ,ആനന്ദം
ആനന്ദവും,ആനന്ദം
ആനയിച്ചു,ആനയിക്കുക
ആനയിക്കുന്നു,ആനയിക്കുക
ആനയിക്കുന്ന,ആനയിക്കുക
ആനി,ആനി
ആനീ,ആനി
ആനും,ആനും
ആന്തം,ആന്തം
ആന്തര,ആന്തര
ആന്തിയൻ,ആന്തിയൻ
ആന്ത്ര,ആന്ത്ര
ആൻ,ആൻ
ആനെ,ആൻ
ആന്,ആൻ
ആന്റെ,ആൻ
ആനിൽ,ആൻ
ആനും,ആൻ
ആനേ,ആൻ
ആൻ,ആൻ
ആനെ,ആൻ
ആന്,ആൻ
ആന്റെ,ആൻ
ആനിൽ,ആൻ
ആനും,ആൻ
ആനേ,ആൻ
ആപത്ത്,ആപത്ത്
ആപത്തിനെ,ആപത്ത്
ആപത്തിന്റെ,ആപത്ത്
ആപത്തിൽ,ആപത്ത്
ആപത്തുകൾ,ആപത്ത്
ആപത്തും,ആപത്ത്
ആപത്തായ,ആപത്ത്
ആപദ്,ആപദ്
ആപാത,ആപാത
ആപ്,ആപ്
ആപിനെ,ആപ്
ആപിന്,ആപ്
ആപിന്റെ,ആപ്
ആപിൽ,ആപ്
ആപുകൾ,ആപ്
ആപും,ആപ്
ആപ്ത,ആപ്ത
ആപ്തി,ആപ്തി
ആപ്പ,ആപ്പ
ആപ്പിണ്ടി,ആപ്പിണ്ടി
ആപ്പ്,ആപ്പ്
ആപ്പിനെ,ആപ്പ്
ആപ്പിന്,ആപ്പ്
ആപ്പിന്റെ,ആപ്പ്
ആപ്പിൽ,ആപ്പ്
ആപ്പുകൾ,ആപ്പ്
ആപ്പും,ആപ്പ്
ആപ്പായ,ആപ്പ്
ആപ്പ്,ആപ്പ്
ആപ്പിനെ,ആപ്പ്
ആപ്പിന്,ആപ്പ്
ആപ്പിന്റെ,ആപ്പ്
ആപ്പിൽ,ആപ്പ്
ആപ്പുകൾ,ആപ്പ്
ആപ്പും,ആപ്പ്
ആപ്പായ,ആപ്പ്
ആഫ്രിക്ക,ആഫ്രിക്ക
ആഭ,ആഭ
ആഭരണ,ആഭരണ
ആഭാ,ആഭാ
ആഭാസ,ആഭാസ
ആമ,ആമ
ആമ,ആമ
ആമം,ആമം
ആമവും,ആമം
ആമി,ആമി
ആമ്പൽ,ആമ്പൽ
ആമ്പല്,ആമ്പൽ
ആമ്പൽ,ആമ്പൽ
ആമ്പല്,ആമ്പൽ
ആയ,ആയ
ആയം,ആയം
ആയത്ത്,ആയം
ആയത,ആയത
ആയതി,ആയതി
ആയാ,ആയൻ
ആയാ,ആയൻ
ആയരും,ആയർ
ആയവന്,ആയവൻ
ആയാസ,ആയാസ
ആയി,ആയി
ആയീ,ആയി
ആയി,ആയി
ആയീ,ആയി
ആയിത,ആയിത
ആയിൻ,ആയിൻ
ആയിരം,ആയിരം
ആയിരങ്ങൾ,ആയിരം
ആയിരവും,ആയിരം
ആയിരവല്ലി,ആയിരവല്ലി
ആയിൽ,ആയിൽ
ആഞ്ഞു,ആയുക
ആഞ്ഞു,ആയുക
ആയുധ,ആയുധ
ആയുർവേദ,ആയുർവേദ
ആയുസ്,ആയുസ്
ആയുസിന്,ആയുസ്
ആയുസിന്റെ,ആയുസ്
ആയുസും,ആയുസ്
ആയ്,ആയ്
ആയിൻ,ആയ്
ആയാൽ,ആയ്
ആയിൽ,ആയ്
ആയും,ആയ്
ആയാം,ആയ്
ആയ്,ആയ്
ആയിൻ,ആയ്
ആയാൽ,ആയ്
ആയിൽ,ആയ്
ആയും,ആയ്
ആയാം,ആയ്
ആര,ആര
ആര,ആര
ആരം,ആരം
ആരങ്ങൾ,ആരം
ആരവും,ആരം
ആരംഭ,ആരംഭ
ആരണ്യ,ആരണ്യ
ആരതി,ആരതി
ആരൽ,ആരൽ
ആരാ,ആരാ
ആരാധനാ,ആരാധനാ
ആരായുക,ആരായുക
ആരാഞ്ഞു,ആരായുക
ആരായുന്നു,ആരായുക
ആരായുന്ന,ആരായുക
ആരായുക,ആരായുക
ആരാഞ്ഞു,ആരായുക
ആരായുന്നു,ആരായുക
ആരായുന്ന,ആരായുക
ആരാർ,ആരാർ
ആരാല്,ആരാൽ
ആരിയ,ആരിയ
ആരുന്നു,ആരുക
ആരുന്നു,ആരുക
ആരുവാമൊഴി,ആരുവാമൊഴി
ആരൂഢ,ആരൂഢ
ആരോഗ്യ,ആരോഗ്യ
ആരോപണ,ആരോപണ
ആര്,ആര്
ആരിൽ,ആര്
ആരും,ആര്
ആരാം,ആര്
ആര്യ,ആര്യ
ആര്യഭട,ആര്യഭട
ആര്യഭട്ട,ആര്യഭട്ട
ആര്യാ,ആര്യാ
ആർ,ആർ
ആരെ,ആർ
ആരോട്,ആർ
ആരുടെ,ആർ
ആരിൽ,ആർ
ആരും,ആർ
ആറ്,ആർ
ആരേ,ആർ
ആർ,ആർ
ആരെ,ആർ
ആരോട്,ആർ
ആരുടെ,ആർ
ആരിൽ,ആർ
ആരും,ആർ
ആറ്,ആർ
ആരേ,ആർ
ആർച്ചു,ആർക്കുക
ആർക്കി,ആർക്കുക
ആർച്ചു,ആർക്കുക
ആർക്കി,ആർക്കുക
ആർക്ക്,ആർക്ക്
ആർക്കിനെ,ആർക്ക്
ആർക്കോട്ട്,ആർക്ക്
ആർക്കിൻ,ആർക്ക്
ആർക്കിന്റെ,ആർക്ക്
ആർക്കിൽ,ആർക്ക്
ആർക്കുകൾ,ആർക്ക്
ആർക്കും,ആർക്ക്
ആർതി,ആർതി
ആർദ്ര,ആർദ്ര
ആർഭാട,ആർഭാട
ആർഷ,ആർഷ
ആറ,ആറ
ആറാടുന്നു,ആറാടുക
ആറാടുന്ന,ആറാടുക
ആറാട്ട്,ആറാട്ട്
ആറാട്ടിന്,ആറാട്ട്
ആറാട്ടിന്റെ,ആറാട്ട്
ആറാട്ടിൽ,ആറാട്ട്
ആറാട്ടും,ആറാട്ട്
ആറി,ആറുക
ആറി,ആറുക
ആറുനയങ്ങൾ,ആറുനയങ്ങൾ
ആറെ,ആറെ
ആറ്,ആറ്
ആറിനെ,ആറ്
ആറിനെ,ആറ്
ആറിനോട്,ആറ്
ആറിനോട്,ആറ്
ആറിന്,ആറ്
ആറിന്,ആറ്
ആറിന്റെ,ആറ്
ആറിന്റെ,ആറ്
ആറിൽ,ആറ്
ആറിൽ,ആറ്
ആറുകൾ,ആറ്
ആറുകൾ,ആറ്
ആറുകൾ,ആറ്
ആറും,ആറ്
ആറാം,ആറ്
ആറേ,ആറ്
ആറ്,ആറ്
ആറിനെ,ആറ്
ആറിനെ,ആറ്
ആറിനോട്,ആറ്
ആറിനോട്,ആറ്
ആറിന്,ആറ്
ആറിന്,ആറ്
ആറിന്റെ,ആറ്
ആറിന്റെ,ആറ്
ആറിൽ,ആറ്
ആറിൽ,ആറ്
ആറുകൾ,ആറ്
ആറുകൾ,ആറ്
ആറുകൾ,ആറ്
ആറും,ആറ്
ആറാം,ആറ്
ആറേ,ആറ്
ആറ്റം,ആറ്റം
ആറ്റങ്ങൾ,ആറ്റം
ആറ്റവും,ആറ്റം
ആറ്റിങ്ങൽ,ആറ്റിങ്ങൽ
ആറ്റിങ്ങല്,ആറ്റിങ്ങൽ
ആറ്റുകറുവ,ആറ്റുകറുവ
ആറ്റുകാൽ,ആറ്റുകാൽ
ആറ്റുകാല്,ആറ്റുകാൽ
ആറ്റുചാമ്പ,ആറ്റുചാമ്പ
ആറ്റുതേക്ക്,ആറ്റുതേക്ക്
ആറ്റുപുന്ന,ആറ്റുപുന്ന
ആറ്റുപേഴ്,ആറ്റുപേഴ്
ആറ്റ്,ആറ്റ്
ആറ്റിന്റെ,ആറ്റ്
ആറ്റിന്റെ,ആറ്റ്
ആറ്റിൽ,ആറ്റ്
ആറ്റിൽ,ആറ്റ്
ആറ്റായ,ആറ്റ്
ആല,ആല
ആലം,ആലം
ആലവും,ആലം
ആലത്ത്,ആലം
ആലം,ആലം
ആലവും,ആലം
ആലത്ത്,ആലം
ആലംബ,ആലംബ
ആലങ്ങാടൻ,ആലങ്ങാടൻ
ആലങ്ങാടന്,ആലങ്ങാടൻ
ആലാപന,ആലാപന
ആലി,ആലി
ആലി,ആലി
ആലിംഗന,ആലിംഗന
ആലിലത്താലി,ആലിലത്താലി
ആലു,ആലു
ആലൂ,ആലു
ആലും,ആലും
ആലുവും,ആലും
ആലോചന,ആലോചന
ആല്,ആല്
ആലോട്ട്,ആല്
ആലിന്,ആല്
ആലിൻ,ആല്
ആലിന്,ആല്
ആലിന്റെ,ആല്
ആലിന്റെ,ആല്
ആലിൽ,ആല്
ആലിൽ,ആല്
ആലുകൾ,ആല്
ആലുകൾ,ആല്
ആലും,ആല്
ആലും,ആല്
ആൽ,ആൽ
ആല്,ആൽ
ആൽ,ആൽ
ആല്,ആൽ
ആളം,ആളം
ആളത്ത്,ആളം
ആളാ,ആളൻ
ആളാ,ആളൻ
ആളാകുന്ന,ആളാകുക
ആളി,ആളി
ആളി,ആളി
ആളുന്ന,ആളുക
ആളുന്ന,ആളുക
ആൾ,ആൾ
ആളെ,ആൾ
ആളോട്,ആൾ
ആളുടെ,ആൾ
ആളിന്റെ,ആൾ
ആളിൽ,ആൾ
ആളുകൾ,ആൾ
ആൾക്കാർ,ആൾ
ആളും,ആൾ
ആളേ,ആൾ
ആൾ,ആൾ
ആളെ,ആൾ
ആളോട്,ആൾ
ആളുടെ,ആൾ
ആളിന്റെ,ആൾ
ആളിൽ,ആൾ
ആളുകൾ,ആൾ
ആൾക്കാർ,ആൾ
ആളും,ആൾ
ആളേ,ആൾ
ആൾമറ,ആൾമറ
ആൾവാർ,ആൾവാർ
ആഴം,ആഴം
ആഴങ്ങൾ,ആഴം
ആഴവും,ആഴം
ആഴാതി,ആഴാതി
ആഴി,ആഴി
ആഴി,ആഴി
ആഴ്ന്നു,ആഴുക
ആഴ്ന്നു,ആഴുക
ആഴ്ച,ആഴ്ച
ആഴ്ചപ്പതിപ്പ്,ആഴ്ചപ്പതിപ്പ്
ആഴ്ചപ്പതിപ്പിനെ,ആഴ്ചപ്പതിപ്പ്
ആഴ്ചപ്പതിപ്പിനോട്,ആഴ്ചപ്പതിപ്പ്
ആഴ്ചപ്പതിപ്പിന്,ആഴ്ചപ്പതിപ്പ്
ആഴ്ചപ്പതിപ്പിന്റെ,ആഴ്ചപ്പതിപ്പ്
ആഴ്ചപ്പതിപ്പിൽ,ആഴ്ചപ്പതിപ്പ്
ആഴ്ചപ്പതിപ്പുകൾ,ആഴ്ചപ്പതിപ്പ്
ആഴ്ചപ്പതിപ്പും,ആഴ്ചപ്പതിപ്പ്
ആഴ്വാർ,ആഴ്വാർ
ആഴ്വാരുടെ,ആഴ്വാർ
ആഴ്വാരും,ആഴ്വാർ
ആവക,ആവക
ആവണക്കെണ്ണ,ആവണക്കെണ്ണ
ആവതും,ആവത്
ആവര,ആവര
ആവരണ,ആവരണ
ആവർത്തന,ആവർത്തന
ആവലാതി,ആവലാതി
ആവലി,ആവലി
ആവശ്യ,ആവശ്യ
ആവാര,ആവാര
ആവാസ,ആവാസ
ആവി,ആവി
ആവി,ആവി
ആവില,ആവില
ആവിഷ്കരണ,ആവിഷ്കരണ
ആവിഷ്കാര,ആവിഷ്കാര
ആവൂ,ആവു
ആവുക,ആവുക
ആവുന്നു,ആവുക
ആവുന്ന,ആവുക
ആവുക,ആവുക
ആവുന്നു,ആവുക
ആവുന്ന,ആവുക
ആവൂ,ആവൂ
ആവൂ,ആവൂ
ആവൃതി,ആവൃതി
ആവൃത്തി,ആവൃത്തി
ആവൃത്തി,ആവൃത്തി
ആവേഗം,ആവേഗം
ആവേഗങ്ങൾ,ആവേഗം
ആവേശ,ആവേശ
ആവോളം,ആവോളം
ആവ്,ആവ്
ആവും,ആവ്
ആവാം,ആവ്
ആവുക,ആവ്
ആശ,ആശ
ആശം,ആശം
ആശയ,ആശയ
ആശാ,ആശാ
ആശായ്മ,ആശായ്മ
ആശാരി,ആശാരി
ആശു,ആശു
ആശ്ചര്യപ്പെടുന്നു,ആശ്ചര്യപ്പെടുക
ആശ്ചര്യപ്പെടുന്ന,ആശ്ചര്യപ്പെടുക
ആശ്രമ,ആശ്രമ
ആശ്രയ,ആശ്രയ
ആശ്രിത,ആശ്രിത
ആശ്ലേഷ,ആശ്ലേഷ
ആശ്വലായന,ആശ്വലായന
ആശ്വിനം,ആശ്വിനം
ആസ,ആസ
ആസക്ത,ആസക്ത
ആസക്തി,ആസക്തി
ആസന,ആസന
ആസന്ന,ആസന്ന
ആസാം,ആസാം
ആസിനെ,ആസിൻ
ആസിന്,ആസിൻ
ആസിയ,ആസിയ
ആസ്,ആസ്
ആസിനെ,ആസ്
ആസിന്,ആസ്
ആസാം,ആസ്
ആസ്തി,ആസ്തി
ആസ്തി,ആസ്തി
ആസ്തിക,ആസ്തിക
ആസ്പത്രി,ആസ്പത്രി
ആസ്പദ,ആസ്പദ
ആസ്മ,ആസ്മ
ആസ്യ,ആസ്യ
ആഹ,ആഹ
ആഹരി,ആഹരി
ആഹരിക്കുക,ആഹരിക്കുക
ആഹരിച്ചു,ആഹരിക്കുക
ആഹരിക്കുന്നു,ആഹരിക്കുക
ആഹരിക്കുന്ന,ആഹരിക്കുക
ആഹാ,ആഹാ
ആഹാര,ആഹാര
ആഹാരം,ആഹാരം
ആഹാരങ്ങൾ,ആഹാരം
ആഹാരവും,ആഹാരം
ആഹുതി,ആഹുതി
ആഹൂതി,ആഹൂതി
ആഹ്വാ,ആഹ്വാ
ഇ,ഇ
ഇം,ഇം
ഇക,ഇക
ഇക്ക,ഇക്ക
ഇക്കട്ട്,ഇക്കട്ട്
ഇക്കണ്ട,ഇക്കണ്ട
ഇക്കിളി,ഇക്കിളി
ഇക്കിൾ,ഇക്കിൾ
ഇക്ക്,ഇക്ക്
ഇക്കും,ഇക്ക്
ഇക്ഷ,ഇക്ഷ
ഇഖ്ലാസ്,ഇഖ്ലാസ്
ഇങ്ക്,ഇങ്ക്
ഇങ്കിന്റെ,ഇങ്ക്
ഇങ്ങനെ,ഇങ്ങനെ
ഇങ്ങേ,ഇങ്ങേ
ഇങ്ങ്,ഇങ്ങ്
ഇങ്ങിനെ,ഇങ്ങ്
ഇങ്ങോട്ട്,ഇങ്ങ്
ഇങ്ങ്,ഇങ്ങ്
ഇങ്ങിനെ,ഇങ്ങ്
ഇങ്ങോട്ട്,ഇങ്ങ്
ഇച,ഇച
ഇച്ചി,ഇച്ചി
ഇച്ചീച്ചി,ഇച്ചീച്ചി
ഇച്ഛാ,ഇച്ഛാ
ഇഛാ,ഇഛാ
ഇഞ്ച,ഇഞ്ച
ഇഞ്ചി,ഇഞ്ചി
ഇഞ്ചിക്കറി,ഇഞ്ചിക്കറി
ഇഞ്ചിത്തൈര്,ഇഞ്ചിത്തൈര്
ഇട,ഇട
ഇടം,ഇടം
ഇടങ്ങൾ,ഇടം
ഇടവും,ഇടം
ഇടത്ത്,ഇടം
ഇടംവലം,ഇടംവലം
ഇടക്കാലാശ്വാസം,ഇടക്കാലാശ്വാസം
ഇടങ്കാല്,ഇടങ്കാൽ
ഇടപെട്ട,ഇടപെട്ട
ഇടമുറിയാതെ,ഇടമുറിയാതെ
ഇടയൻ,ഇടയൻ
ഇടയന്,ഇടയൻ
ഇടയനാൽ,ഇടയൻ
ഇടയന്റെ,ഇടയൻ
ഇടയന്മാർ,ഇടയൻ
ഇടയനും,ഇടയൻ
ഇടയലേഖനം,ഇടയലേഖനം
ഇടഞ്ഞു,ഇടയുക
ഇടയുന്നു,ഇടയുക
ഇടയുന്ന,ഇടയുക
ഇടഞ്ഞു,ഇടയുക
ഇടയുന്നു,ഇടയുക
ഇടയുന്ന,ഇടയുക
ഇടയ്ക്ക,ഇടയ്ക്ക
ഇടയ്ക്ക്,ഇടയ്ക്ക്
ഇടയ്ക്കും,ഇടയ്ക്ക്
ഇടരുന്നു,ഇടരുക
ഇടറി,ഇടറുക
ഇടറുന്നു,ഇടറുക
ഇടറുന്ന,ഇടറുക
ഇടറി,ഇടറുക
ഇടറുന്നു,ഇടറുക
ഇടറുന്ന,ഇടറുക
ഇടി,ഇടി
ഇടിക്കുക,ഇടിക്കുക
ഇടിച്ചു,ഇടിക്കുക
ഇടിക്കുന്നു,ഇടിക്കുക
ഇടിക്കുന്ന,ഇടിക്കുക
ഇടിക്കുക,ഇടിക്കുക
ഇടിച്ചു,ഇടിക്കുക
ഇടിക്കുന്നു,ഇടിക്കുക
ഇടിക്കുന്ന,ഇടിക്കുക
ഇടിഞ്ഞിൽ,ഇടിഞ്ഞിൽ
ഇടിയുക,ഇടിയുക
ഇടിഞ്ഞു,ഇടിയുക
ഇടിയുന്നു,ഇടിയുക
ഇടിയുന്ന,ഇടിയുക
ഇടിയുക,ഇടിയുക
ഇടിഞ്ഞു,ഇടിയുക
ഇടിയുന്നു,ഇടിയുക
ഇടിയുന്ന,ഇടിയുക
ഇടുക,ഇടുക
ഇടുന്നു,ഇടുക
ഇടുന്ന,ഇടുക
ഇടുക,ഇടുക
ഇടുന്നു,ഇടുക
ഇടുന്ന,ഇടുക
ഇടുക്കി,ഇടുക്കി
ഇടുക്കുവഴി,ഇടുക്കുവഴി
ഇടുക്ക്,ഇടുക്ക്
ഇടുക്കിനെ,ഇടുക്ക്
ഇടുക്കിന്,ഇടുക്ക്
ഇടുക്കിൽ,ഇടുക്ക്
ഇടുക്കും,ഇടുക്ക്
ഇടുക്ക്,ഇടുക്ക്
ഇടുക്കിനെ,ഇടുക്ക്
ഇടുക്കിന്,ഇടുക്ക്
ഇടുക്കിൽ,ഇടുക്ക്
ഇടുക്കും,ഇടുക്ക്
ഇടുപ്പ്,ഇടുപ്പ്
ഇടുപ്പിന്,ഇടുപ്പ്
ഇടുപ്പിന്റെ,ഇടുപ്പ്
ഇടുപ്പും,ഇടുപ്പ്
ഇടുവന,ഇടുവന
ഇടെ,ഇടെ
ഇടെ,ഇടെ
ഇട്ടത്,ഇട്ടത്
ഇട്ടതിനെ,ഇട്ടത്
ഇട്ടതിന്,ഇട്ടത്
ഇട്ടതും,ഇട്ടത്
ഇട്ടിയമ്മ,ഇട്ടിയമ്മ
ഇട്ട്,ഇട്ട്
ഇട്ടാൽ,ഇട്ട്
ഇട്ടും,ഇട്ട്
ഇഡ,ഇഡ
ഇഡാ,ഇഡാ
ഇണ,ഇണ
ഇണ,ഇണ
ഇണങ്ങുക,ഇണങ്ങുക
ഇണങ്ങുന്ന,ഇണങ്ങുക
ഇണങ്ങുക,ഇണങ്ങുക
ഇണങ്ങുന്ന,ഇണങ്ങുക
ഇണങ്ങും,ഇണങ്ങ്
ഇണങ്ങാം,ഇണങ്ങ്
ഇണങ്ങുക,ഇണങ്ങ്
ഇണ്ടല്,ഇണ്ടൽ
ഇത,ഇത
ഇത,ഇത
ഇതര,ഇതര
ഇതൾ,ഇതൾ
ഇതളിൽ,ഇതൾ
ഇതളുകൾ,ഇതൾ
ഇതളും,ഇതൾ
ഇതി,ഇതി
ഇതിയാന്,ഇതിയാൻ
ഇതിഹാസ,ഇതിഹാസ
ഇതും,ഇതും
ഇതുവും,ഇതും
ഇതേ,ഇതേ
ഇത്,ഇത്
ഇതിനെ,ഇത്
ഇതിനോട്,ഇത്
ഇതിന്,ഇത്
ഇതിൻ,ഇത്
ഇതിനാൽ,ഇത്
ഇതിന്റെ,ഇത്
ഇതിൽ,ഇത്
ഇതും,ഇത്
ഇത്,ഇത്
ഇതിനെ,ഇത്
ഇതിനോട്,ഇത്
ഇതിന്,ഇത്
ഇതിൻ,ഇത്
ഇതിനാൽ,ഇത്
ഇതിന്റെ,ഇത്
ഇതിൽ,ഇത്
ഇതും,ഇത്
ഇത്ത,ഇത്ത
ഇത്താത്ത,ഇത്താത്ത
ഇത്തി,ഇത്തി
ഇത്യാദി,ഇത്യാദി
ഇത്ര,ഇത്ര
ഇത്രയും,ഇത്രയും
ഇത്രയ്ക്ക്,ഇത്രയ്ക്ക്
ഇത്രയ്ക്കും,ഇത്രയ്ക്ക്
ഇദം,ഇദം
ഇദമ്,ഇദം
ഇദ്ദ,ഇദ്ദ
ഇദ്ദ,ഇദ്ദ
ഇന,ഇന
ഇനം,ഇനം
ഇനങ്ങൾ,ഇനം
ഇനവും,ഇനം
ഇനം,ഇനം
ഇനങ്ങൾ,ഇനം
ഇനവും,ഇനം
ഇനി,ഇനി
ഇന്ദിരാ,ഇന്ദിരാ
ഇന്ദീവര,ഇന്ദീവര
ഇന്ദു,ഇന്ദു
ഇന്ദ്ര,ഇന്ദ്ര
ഇന്ദ്രാ,ഇന്ദ്രാ
ഇന്ദ്രാണീ,ഇന്ദ്രാണീ
ഇന്ദ്രിയ,ഇന്ദ്രിയ
ഇന്ധന,ഇന്ധന
ഇന്ന,ഇന്ന
ഇന്നലെ,ഇന്നലെ
ഇന്നാ,ഇന്നാ
ഇന്നാൻ,ഇന്നാൻ
ഇന്നി,ഇന്നി
ഇന്നീ,ഇന്നി
ഇന്നു,ഇന്നു
ഇന്നു്,ഇന്നു്
ഇന്ന്,ഇന്ന്
ഇന്നിനെ,ഇന്ന്
ഇന്നാൽ,ഇന്ന്
ഇന്നിന്റെ,ഇന്ന്
ഇന്നിൽ,ഇന്ന്
ഇന്നും,ഇന്ന്
ഇന്നേക്ക്,ഇന്ന്
ഇന്നായ,ഇന്ന്
ഇന്നേക്ക്,ഇന്നേക്ക്
ഇന്നേവരെ,ഇന്നേവരെ
ഇന്ന്,ഇന്ന്
ഇന്നിനെ,ഇന്ന്
ഇന്നാൽ,ഇന്ന്
ഇന്നിന്റെ,ഇന്ന്
ഇന്നിൽ,ഇന്ന്
ഇന്നും,ഇന്ന്
ഇന്നേക്ക്,ഇന്ന്
ഇന്നായ,ഇന്ന്
ഇൻ,ഇൻ
ഇനെ,ഇൻ
ഇന്,ഇൻ
ഇന്റെ,ഇൻ
ഇാ,ഇൻ
ഇൻക്വിലാബ്,ഇൻക്വിലാബ്
ഇൻക്വിലാബിന്റെ,ഇൻക്വിലാബ്
ഇപ്പം,ഇപ്പം
ഇബ്ലീസ്,ഇബ്ലീസ്
ഇബ്ലീസിനെ,ഇബ്ലീസ്
ഇമ,ഇമ
ഇമ,ഇമ
ഇമി,ഇമി
ഇമ്മിണി,ഇമ്മിണി
ഇയക്കം,ഇയക്കം
ഇയൽ,ഇയൽ
ഇയാൻ,ഇയാൻ
ഇയാനെ,ഇയാൻ
ഇയാന്,ഇയാൻ
ഇയാന്റെ,ഇയാൻ
ഇയ്യം,ഇയ്യം
ഇയ്യാളെ,ഇയ്യാൾ
ഇയ്യാളുടെ,ഇയ്യാൾ
ഇയ്യാളും,ഇയ്യാൾ
ഇര,ഇര
ഇരച്ചു,ഇരക്കുക
ഇരന്നു,ഇരക്കുക
ഇരച്ചു,ഇരക്കുക
ഇരന്നു,ഇരക്കുക
ഇരഞ്ഞി,ഇരഞ്ഞി
ഇരട്ടയപ്പൻ,ഇരട്ടയപ്പൻ
ഇരട്ടി,ഇരട്ടി
ഇരട്ടിപ്പ്,ഇരട്ടിപ്പ്
ഇരട്ടിപ്പിനെ,ഇരട്ടിപ്പ്
ഇരട്ടിപ്പിന്,ഇരട്ടിപ്പ്
ഇരട്ടിപ്പിന്റെ,ഇരട്ടിപ്പ്
ഇരട്ടിപ്പായ,ഇരട്ടിപ്പ്
ഇരണ്ട്,ഇരണ്ട്
ഇരണ്ട്,ഇരണ്ട്
ഇരമ്പം,ഇരമ്പം
ഇരമ്പുന്നു,ഇരമ്പുക
ഇരമ്പുന്ന,ഇരമ്പുക
ഇരമ്പുന്നു,ഇരമ്പുക
ഇരമ്പുന്ന,ഇരമ്പുക
ഇരാ,ഇരാ
ഇരിക്കൽ,ഇരിക്കൽ
ഇരിക്കല്,ഇരിക്കൽ
ഇരിക്കുക,ഇരിക്കുക
ഇരിക്കുന്നു,ഇരിക്കുക
ഇരിക്കുന്ന,ഇരിക്കുക
ഇരിക്കുക,ഇരിക്കുക
ഇരിക്കുന്നു,ഇരിക്കുക
ഇരിക്കുന്ന,ഇരിക്കുക
ഇരിക്കുന്ന,ഇരിക്കുന്ന
ഇരിപ്പനും,ഇരിപ്പൻ
ഇരിപ്പ്,ഇരിപ്പ്
ഇരിപ്പിന്റെ,ഇരിപ്പ്
ഇരിപ്പിൽ,ഇരിപ്പ്
ഇരിപ്പും,ഇരിപ്പ്
ഇരിപ്പായ,ഇരിപ്പ്
ഇരിപ്പ്,ഇരിപ്പ്
ഇരിപ്പിന്റെ,ഇരിപ്പ്
ഇരിപ്പിൽ,ഇരിപ്പ്
ഇരിപ്പും,ഇരിപ്പ്
ഇരിപ്പായ,ഇരിപ്പ്
ഇരിഞ്ഞു,ഇരിയുക
ഇരിഞ്ഞു,ഇരിയുക
ഇരു,ഇരു
ഇരു,ഇരു
ഇരുകര,ഇരുകര
ഇരുട്ട്,ഇരുട്ട്
ഇരുട്ടിനെ,ഇരുട്ട്
ഇരുട്ടിനോട്,ഇരുട്ട്
ഇരുട്ടിന്,ഇരുട്ട്
ഇരുട്ടിന്റെ,ഇരുട്ട്
ഇരുട്ടിൽ,ഇരുട്ട്
ഇരുട്ടും,ഇരുട്ട്
ഇരുട്ട്,ഇരുട്ട്
ഇരുട്ടിനെ,ഇരുട്ട്
ഇരുട്ടിനോട്,ഇരുട്ട്
ഇരുട്ടിന്,ഇരുട്ട്
ഇരുട്ടിന്റെ,ഇരുട്ട്
ഇരുട്ടിൽ,ഇരുട്ട്
ഇരുട്ടും,ഇരുട്ട്
ഇരുതല,ഇരുതല
ഇരുത്തി,ഇരുത്തി
ഇരുത്തി,ഇരുത്തി
ഇരുത്തുക,ഇരുത്തുക
ഇരുത്തി,ഇരുത്തുക
ഇരുത്തുന്ന,ഇരുത്തുക
ഇരുനില,ഇരുനില
ഇരുന്നൂറ്,ഇരുന്നൂറ്
ഇരുന്നൂറിന്,ഇരുന്നൂറ്
ഇരുന്നൂറിന്,ഇരുന്നൂറ്
ഇരുന്നൂറിൽ,ഇരുന്നൂറ്
ഇരുന്നൂറിൽ,ഇരുന്നൂറ്
ഇരുന്നൂറും,ഇരുന്നൂറ്
ഇരുന്നൂറാം,ഇരുന്നൂറ്
ഇരുപുറം,ഇരുപുറം
ഇരുപുറവും,ഇരുപുറം
ഇരുപ്പ്,ഇരുപ്പ്
ഇരുപ്പിന്,ഇരുപ്പ്
ഇരുപ്പിൽ,ഇരുപ്പ്
ഇരുപ്പ്,ഇരുപ്പ്
ഇരുപ്പിന്,ഇരുപ്പ്
ഇരുപ്പിൽ,ഇരുപ്പ്
ഇരുമുള്ള്,ഇരുമുള്ള്
ഇരുമ്പ്,ഇരുമ്പ്
ഇരുമ്പിനെ,ഇരുമ്പ്
ഇരുമ്പിനോട്,ഇരുമ്പ്
ഇരുമ്പിനാൽ,ഇരുമ്പ്
ഇരുമ്പിന്റെ,ഇരുമ്പ്
ഇരുമ്പിൽ,ഇരുമ്പ്
ഇരുമ്പും,ഇരുമ്പ്
ഇരുളൻ,ഇരുളൻ
ഇരുളൻ,ഇരുളൻ
ഇരുളർ,ഇരുളർ
ഇരുളുന്നു,ഇരുളുക
ഇരുളുന്ന,ഇരുളുക
ഇരുൾ,ഇരുൾ
ഇരുളിന്റെ,ഇരുൾ
ഇരുളിൽ,ഇരുൾ
ഇരുളും,ഇരുൾ
ഇരുൾ,ഇരുൾ
ഇരുളിന്റെ,ഇരുൾ
ഇരുളിൽ,ഇരുൾ
ഇരുളും,ഇരുൾ
ഇരൂൾ,ഇരൂൾ
ഇർ,ഇർ
ഇരുടെ,ഇർ
ഇരിൽ,ഇർ
ഇരേ,ഇർ
ഇറ,ഇറ
ഇറ,ഇറ
ഇറക്കം,ഇറക്കം
ഇറക്കങ്ങൾ,ഇറക്കം
ഇറക്കവും,ഇറക്കം
ഇറക്കുക,ഇറക്കുക
ഇറക്കുന്നു,ഇറക്കുക
ഇറക്കുന്ന,ഇറക്കുക
ഇറക്കി,ഇറക്കുക
ഇറക്കുക,ഇറക്കുക
ഇറക്കുന്നു,ഇറക്കുക
ഇറക്കുന്ന,ഇറക്കുക
ഇറക്കി,ഇറക്കുക
ഇറക്കുമതി,ഇറക്കുമതി
ഇറങ്ങുക,ഇറങ്ങുക
ഇറങ്ങുന്നു,ഇറങ്ങുക
ഇറങ്ങുന്ന,ഇറങ്ങുക
ഇറച്ചി,ഇറച്ചി
ഇറച്ചി,ഇറച്ചി
ഇറച്ചിൽ,ഇറച്ചിൽ
ഇറയത്ത്,ഇറയം
ഇറി,ഇറി
ഇറി,ഇറുക
ഇറി,ഇറുക
ഇറുക്കി,ഇറുക്കി
ഇറുക്കി,ഇറുക്കി
ഇറുക്കുന്ന,ഇറുക്കുക
ഇറുക്കി,ഇറുക്കുക
ഇറ്റൻ,ഇറ്റൻ
ഇറ്റാ,ഇറ്റൻ
ഇറ്റു,ഇറ്റു
ഇറ്റുക,ഇറ്റുക
ഇറ്റി,ഇറ്റുക
ഇറ്റ്,ഇറ്റ്
ഇറ്റിനെ,ഇറ്റ്
ഇറ്റിനെ,ഇറ്റ്
ഇറ്റിൽ,ഇറ്റ്
ഇറ്റിൽ,ഇറ്റ്
ഇറ്റുക,ഇറ്റ്
ഇല,ഇല
ഇല,ഇല
ഇലചുരുട്ടിപ്പുഴു,ഇലചുരുട്ടിപ്പുഴു
ഇലന്ത,ഇലന്ത
ഇലവ്,ഇലവ്
ഇലവ്,ഇലവ്
ഇലാഹ്,ഇലാഹ്
ഇലാഹായ,ഇലാഹ്
ഇലി,ഇലി
ഇലി,ഇലി
ഇലിപ്പ,ഇലിപ്പ
ഇലുപ്പ,ഇലുപ്പ
ഇലുമ്പി,ഇലുമ്പി
ഇല്,ഇല്
ഇലെ,ഇല്
ഇലിന്റെ,ഇല്
ഇലിന്റെ,ഇല്
ഇലും,ഇല്
ഇലും,ഇല്
ഇലാം,ഇല്
ഇലേക്ക്,ഇല്
ഇലേക്ക്,ഇല്
ഇല്ല,ഇല്ല
ഇല്ല,ഇല്ല
ഇല്ലം,ഇല്ലം
ഇല്ലങ്ങൾ,ഇല്ലം
ഇല്ലവും,ഇല്ലം
ഇല്ലത്തു്,ഇല്ലം
ഇല്ലത്ത്,ഇല്ലം
ഇല്ലക്കാർ,ഇല്ലക്കാർ
ഇല്ലക്കാരെ,ഇല്ലക്കാർ
ഇല്ലക്കാരുടെ,ഇല്ലക്കാർ
ഇല്ലക്കാരിൽ,ഇല്ലക്കാർ
ഇല്ലക്കാരും,ഇല്ലക്കാർ
ഇല്ലാ,ഇല്ലാ
ഇല്ലാത്ത,ഇല്ലാത്ത
ഇല്ലി,ഇല്ലി
ഇല്ലീ,ഇല്ലി
ഇല്ലേല്,ഇല്ലേൽ
ഇൽ,ഇൽ
ഇല്,ഇൽ
ഇൽ,ഇൽ
ഇല്,ഇൽ
ഇള,ഇള
ഇള,ഇള
ഇളം,ഇളം
ഇളവും,ഇളം
ഇളകുന്നു,ഇളകുക
ഇളകുന്ന,ഇളകുക
ഇളകുന്നു,ഇളകുക
ഇളകുന്ന,ഇളകുക
ഇളക്കം,ഇളക്കം
ഇളക്കങ്ങൾ,ഇളക്കം
ഇളക്കവും,ഇളക്കം
ഇളക്കം,ഇളക്കം
ഇളക്കങ്ങൾ,ഇളക്കം
ഇളക്കവും,ഇളക്കം
ഇളപ്പം,ഇളപ്പം
ഇളമ്പൽ,ഇളമ്പൽ
ഇളമ്പല്,ഇളമ്പൽ
ഇളയ,ഇളയ
ഇളയ,ഇളയ
ഇഴ,ഇഴ
ഇഴ,ഇഴ
ഇഴച്ചു,ഇഴക്കുക
ഇഴയുക,ഇഴയുക
ഇഴഞ്ഞു,ഇഴയുക
ഇഴയുന്നു,ഇഴയുക
ഇഴയുന്ന,ഇഴയുക
ഇഴയുക,ഇഴയുക
ഇഴഞ്ഞു,ഇഴയുക
ഇഴയുന്നു,ഇഴയുക
ഇഴയുന്ന,ഇഴയുക
ഇഴിഞ്ഞു,ഇഴിയുക
ഇഴിഞ്ഞു,ഇഴിയുക
ഇവ,ഇവ
ഇവ,ഇവ
ഇവൻ,ഇവൻ
ഇവനെ,ഇവൻ
ഇവനോട്,ഇവൻ
ഇവന്,ഇവൻ
ഇവന്റെ,ഇവൻ
ഇവനിൽ,ഇവൻ
ഇവനും,ഇവൻ
ഇവാ,ഇവൻ
ഇവൻ,ഇവൻ
ഇവനെ,ഇവൻ
ഇവനോട്,ഇവൻ
ഇവന്,ഇവൻ
ഇവന്റെ,ഇവൻ
ഇവനിൽ,ഇവൻ
ഇവനും,ഇവൻ
ഇവാ,ഇവൻ
ഇവിടുത്തെ,ഇവിടുത്തെ
ഇവിടുത്തേത്,ഇവിടുത്തെ
ഇവിടുന്ന്,ഇവിടുന്ന്
ഇശ,ഇശ
ഇഷ,ഇഷ
ഇഷിത,ഇഷിത
ഇഷ്,ഇഷ്
ഇഷിൻ,ഇഷ്
ഇഷും,ഇഷ്
ഇഷ്ട,ഇഷ്ട
ഇഷ്ടാ,ഇഷ്ടാ
ഇഷ്ടി,ഇഷ്ടി
ഇഷ്ടിക,ഇഷ്ടിക
ഇസ്ലാമിക,ഇസ്ലാമിക
ഇസ്സത്,ഇസ്സത്
ഇഹ,ഇഹ
ഈ,ഈ
ഈം,ഈം
ഈവും,ഈം
ഈത്ത്,ഈം
ഈച്ച,ഈച്ച
ഈടുറ്റ,ഈടുറ്റ
ഈട്,ഈട്
ഈടിൽ,ഈട്
ഈടും,ഈട്
ഈഡിൻ,ഈഡ്
ഈഡിന്റെ,ഈഡ്
ഈതർ,ഈതർ
ഈത്ത്,ഈത്ത്
ഈദ്,ഈദ്
ഈദിന്,ഈദ്
ഈദിന്റെ,ഈദ്
ഈമാൻ,ഈമാൻ
ഈമാന്,ഈമാൻ
ഈമാനും,ഈമാൻ
ഈയം,ഈയം
ഈയവും,ഈയം
ഈയാൽ,ഈയാൽ
ഈര,ഈര
ഈര,ഈര
ഈരൽ,ഈരൽ
ഈര്,ഈര്
ഈര്,ഈര്
ഈർ,ഈർ
ഈരോട്,ഈർ
ഈരേ,ഈർ
ഈർ,ഈർ
ഈരോട്,ഈർ
ഈരേ,ഈർ
ഈർക്കിൽ,ഈർക്കിൽ
ഈർപ്പം,ഈർപ്പം
ഈർപ്പവും,ഈർപ്പം
ഈറ,ഈറ
ഈറ,ഈറ
ഈറൻ,ഈറൻ
ഈറന്,ഈറൻ
ഈറി,ഈറുക
ഈറ്റ,ഈറ്റ
ഈറ്റ,ഈറ്റ
ഈറ്റവും,ഈറ്റം
ഈറ്റ്,ഈറ്റ്
ഈലി,ഈലി
ഈലീ,ഈലി
ഈലീ,ഈലീ
ഈവ്,ഈവ്
ഈവിൽ,ഈവ്
ഈവും,ഈവ്
ഈശ,ഈശ
ഈശാന,ഈശാന
ഈശാനീ,ഈശാനി
ഈശ്വ,ഈശ്വ
ഈശ്വര,ഈശ്വര
ഈശ്വരീ,ഈശ്വരീ
ഈഷ,ഈഷ
ഈഷാ,ഈഷാ
ഉ,ഉ
ഉം,ഉം
ഉം,ഉം
ഉക,ഉക
ഉകന്തുടമ,ഉകന്തുടമ
ഉക്ത,ഉക്ത
ഉഗ്ര,ഉഗ്ര
ഉങ്ങ്,ഉങ്ങ്
ഉചിത,ഉചിത
ഉചിതം,ഉചിതം
ഉചിതവും,ഉചിതം
ഉച്ച,ഉച്ച
ഉച്ചൻ,ഉച്ചൻ
ഉച്ചാ,ഉച്ചൻ
ഉച്ചാരണ,ഉച്ചാരണ
ഉച്ചാർ,ഉച്ചാർ
ഉച്ചാൽ,ഉച്ചാൽ
ഉച്ച്,ഉച്ച്
ഉച്ചാൽ,ഉച്ച്
ഉടക്കുക,ഉടക്കുക
ഉടച്ചു,ഉടക്കുക
ഉടക്കുന്നു,ഉടക്കുക
ഉടക്കുന്ന,ഉടക്കുക
ഉടക്കി,ഉടക്കുക
ഉടക്ക്,ഉടക്ക്
ഉടക്കുക,ഉടക്ക്
ഉടനുടൻ,ഉടനുടൻ
ഉടനുടന്,ഉടനുടൻ
ഉടൻ,ഉടൻ
ഉടനെ,ഉടൻ
ഉടന്,ഉടൻ
ഉടനേ,ഉടൻ
ഉടാ,ഉടൻ
ഉടൻ,ഉടൻ
ഉടനെ,ഉടൻ
ഉടന്,ഉടൻ
ഉടനേ,ഉടൻ
ഉടാ,ഉടൻ
ഉടമ,ഉടമ
ഉടമ,ഉടമ
ഉടയ,ഉടയ
ഉടയവന്,ഉടയവൻ
ഉടയുക,ഉടയുക
ഉടഞ്ഞു,ഉടയുക
ഉടയുന്ന,ഉടയുക
ഉടയ്ക്കുക,ഉടയ്ക്കുക
ഉടുക്ക,ഉടുക്ക
ഉടുക്കുക,ഉടുക്കുക
ഉടുക്കുന്നു,ഉടുക്കുക
ഉടുക്കുന്ന,ഉടുക്കുക
ഉടുക്കുക,ഉടുക്കുക
ഉടുക്കുന്നു,ഉടുക്കുക
ഉടുക്കുന്ന,ഉടുക്കുക
ഉടുക്ക്,ഉടുക്ക്
ഉടുക്കിന്റെ,ഉടുക്ക്
ഉടുക്കിൽ,ഉടുക്ക്
ഉടുക്കും,ഉടുക്ക്
ഉടുക്കുക,ഉടുക്ക്
ഉടുക്ക്,ഉടുക്ക്
ഉടുക്കിന്റെ,ഉടുക്ക്
ഉടുക്കിൽ,ഉടുക്ക്
ഉടുക്കും,ഉടുക്ക്
ഉടുക്കുക,ഉടുക്ക്
ഉടുപ്പു,ഉടുപ്പു
ഉടുപ്പ്,ഉടുപ്പ്
ഉടുപ്പിന്റെ,ഉടുപ്പ്
ഉടുപ്പിൽ,ഉടുപ്പ്
ഉടുപ്പുകൾ,ഉടുപ്പ്
ഉടുപ്പും,ഉടുപ്പ്
ഉടുമ്പന്,ഉടുമ്പൻ
ഉടുമ്പു,ഉടുമ്പു
ഉടെ,ഉടെ
ഉടൈയാർ,ഉടൈയാർ
ഉഡാൻ,ഉഡാൻ
ഉഡാന്,ഉഡാൻ
ഉഡായിപ്പ്,ഉഡായിപ്പ്
ഉണക്കം,ഉണക്കം
ഉണക്കൽ,ഉണക്കൽ
ഉണക്കല്,ഉണക്കൽ
ഉണക്കൽ,ഉണക്കൽ
ഉണക്കല്,ഉണക്കൽ
ഉണക്കുക,ഉണക്കുക
ഉണക്കുന്നു,ഉണക്കുക
ഉണക്കുന്ന,ഉണക്കുക
ഉണക്കി,ഉണക്കുക
ഉണങ്ങുന്നു,ഉണങ്ങുക
ഉണങ്ങുന്ന,ഉണങ്ങുക
ഉണരുക,ഉണരുക
ഉണർന്നു,ഉണരുക
ഉണര്ന്നു,ഉണരുക
ഉണരുന്നു,ഉണരുക
ഉണരുന്ന,ഉണരുക
ഉണരുക,ഉണരുക
ഉണർന്നു,ഉണരുക
ഉണര്ന്നു,ഉണരുക
ഉണരുന്നു,ഉണരുക
ഉണരുന്ന,ഉണരുക
ഉണരും,ഉണർ
ഉണർത്തുക,ഉണർത്തുക
ഉണർത്തി,ഉണർത്തുക
ഉണർത്തുന്നു,ഉണർത്തുക
ഉണർത്തുന്ന,ഉണർത്തുക
ഉണർവു,ഉണർവു
ഉണ്ട,ഉണ്ട
ഉണ്ട,ഉണ്ട
ഉണ്ടാക്കുക,ഉണ്ടാക്കുക
ഉണ്ടാക്കുന്നു,ഉണ്ടാക്കുക
ഉണ്ടാക്കുന്ന,ഉണ്ടാക്കുക
ഉണ്ടാക്കി,ഉണ്ടാക്കുക
ഉണ്ടായി,ഉണ്ടായി
ഉണ്ണി,ഉണ്ണി
ഉണ്ണീ,ഉണ്ണി
ഉണ്ണി,ഉണ്ണി
ഉണ്ണീ,ഉണ്ണി
ഉണ്ണുന്ന,ഉണ്ണുക
ഉൺ,ഉൺ
ഉൺ,ഉൺ
ഉത,ഉത
ഉത,ഉത
ഉതകുന്നു,ഉതകുക
ഉതകുന്ന,ഉതകുക
ഉതകുന്നു,ഉതകുക
ഉതകുന്ന,ഉതകുക
ഉതി,ഉതി
ഉതിര,ഉതിര
ഉതിര്ന്നു,ഉതിരുക
ഉതിരുന്ന,ഉതിരുക
ഉതിര്ന്നു,ഉതിരുക
ഉതിരുന്ന,ഉതിരുക
ഉത്,ഉത്
ഉത്,ഉത്
ഉത്കല,ഉത്കല
ഉത്കൃഷ്ട,ഉത്കൃഷ്ട
ഉത്തമ,ഉത്തമ
ഉത്തര,ഉത്തര
ഉത്തരം,ഉത്തരം
ഉത്തരങ്ങൾ,ഉത്തരം
ഉത്തരവും,ഉത്തരം
ഉത്തരവു,ഉത്തരവു
ഉത്തരാ,ഉത്തരാ
ഉത്തരിന്റെ,ഉത്തരിൻ
ഉത്പത്തി,ഉത്പത്തി
ഉത്പന്ന,ഉത്പന്ന
ഉത്പലിന്റെ,ഉത്പലിൻ
ഉത്പാദ,ഉത്പാദ
ഉത്പാദന,ഉത്പാദന
ഉത്ഭവ,ഉത്ഭവ
ഉത്സവ,ഉത്സവ
ഉത്സാഹ,ഉത്സാഹ
ഉദക,ഉദക
ഉദാ,ഉദൻ
ഉദയ,ഉദയ
ഉദര,ഉദര
ഉദാ,ഉദാ
ഉദാത്ത,ഉദാത്ത
ഉദാര,ഉദാര
ഉദാസീന,ഉദാസീന
ഉദാഹരണ,ഉദാഹരണ
ഉദിക്കുക,ഉദിക്കുക
ഉദിച്ചു,ഉദിക്കുക
ഉദിക്കുന്നു,ഉദിക്കുക
ഉദിക്കുന്ന,ഉദിക്കുക
ഉദിത,ഉദിത
ഉദ്,ഉദ്
ഉദ്ഘാടന,ഉദ്ഘാടന
ഉദ്ദിഷ്ട,ഉദ്ദിഷ്ട
ഉദ്ദേശ,ഉദ്ദേശ
ഉദ്ദേശ്യ,ഉദ്ദേശ്യ
ഉദ്ധവ,ഉദ്ധവ
ഉദ്ധാരണ,ഉദ്ധാരണ
ഉദ്യോഗ,ഉദ്യോഗ
ഉദ്യോഗസ്ഥ,ഉദ്യോഗസ്ഥ
ഉദ്വേഗ,ഉദ്വേഗ
ഉന്,ഉന്
ഉനും,ഉന്
ഉന്തി,ഉന്തി
ഉന്തു,ഉന്തു
ഉന്തും,ഉന്ത്
ഉന്ന,ഉന്ന
ഉന്നത,ഉന്നത
ഉന്നതി,ഉന്നതി
ഉന്മുഖ,ഉന്മുഖ
ഉപ,ഉപ
ഉപ,ഉപ
ഉപചാര,ഉപചാര
ഉപജീവന,ഉപജീവന
ഉപദേശ,ഉപദേശ
ഉപദ്രവ,ഉപദ്രവ
ഉപനിഷത്,ഉപനിഷത്
ഉപനിഷത്ത്,ഉപനിഷത്ത്
ഉപനിഷത്തിന്റെ,ഉപനിഷത്ത്
ഉപനിഷത്തിൽ,ഉപനിഷത്ത്
ഉപനിഷത്തുകൾ,ഉപനിഷത്ത്
ഉപനിഷദ്,ഉപനിഷദ്
ഉപമ,ഉപമ
ഉപമാ,ഉപമാ
ഉപരി,ഉപരി
ഉപലബ്ധ,ഉപലബ്ധ
ഉപസ്ഥം,ഉപസ്ഥം
ഉപാധി,ഉപാധി
ഉപായ,ഉപായ
ഉപാസക,ഉപാസക
ഉപാസന,ഉപാസന
ഉപാസനാ,ഉപാസനാ
ഉപ്പത്ത്,ഉപ്പം
ഉപ്പൻ,ഉപ്പൻ
ഉപ്പന്,ഉപ്പൻ
ഉപ്പന്റെ,ഉപ്പൻ
ഉപ്പളം,ഉപ്പളം
ഉപ്പളങ്ങൾ,ഉപ്പളം
ഉപ്പാപ്പനും,ഉപ്പാപ്പൻ
ഉപ്പു,ഉപ്പു
ഉപ്പുറ്റി,ഉപ്പുറ്റി
ഉപ്പ്,ഉപ്പ്
ഉപ്പിനോട്,ഉപ്പ്
ഉപ്പോട്ട്,ഉപ്പ്
ഉപ്പിന്,ഉപ്പ്
ഉപ്പാൽ,ഉപ്പ്
ഉപ്പിന്റെ,ഉപ്പ്
ഉപ്പിൽ,ഉപ്പ്
ഉപ്പും,ഉപ്പ്
ഉഭയ,ഉഭയ
ഉമ,ഉമ
ഉമ,ഉമ
ഉമാ,ഉമാ
ഉമാർ,ഉമാർ
ഉമി,ഉമി
ഉമ്മം,ഉമ്മം
ഉമ്മത്ത്,ഉമ്മം
ഉമ്മത്ത്,ഉമ്മത്ത്
ഉമ്മത്തിനെ,ഉമ്മത്ത്
ഉമ്മത്തിന്,ഉമ്മത്ത്
ഉമ്മത്ത്,ഉമ്മത്ത്
ഉമ്മത്തിനെ,ഉമ്മത്ത്
ഉമ്മത്തിന്,ഉമ്മത്ത്
ഉമ്മാമ,ഉമ്മാമ
ഉമ്മാൾ,ഉമ്മാൾ
ഉമ്മി,ഉമ്മി
ഉമ്മിണി,ഉമ്മിണി
ഉയരുക,ഉയരുക
ഉയർന്നു,ഉയരുക
ഉയര്ന്നു,ഉയരുക
ഉയരുന്നു,ഉയരുക
ഉയരുന്ന,ഉയരുക
ഉയരുക,ഉയരുക
ഉയർന്നു,ഉയരുക
ഉയര്ന്നു,ഉയരുക
ഉയരുന്നു,ഉയരുക
ഉയരുന്ന,ഉയരുക
ഉയർ,ഉയർ
ഉയരെ,ഉയർ
ഉയരും,ഉയർ
ഉയർ,ഉയർ
ഉയരെ,ഉയർ
ഉയരും,ഉയർ
ഉയിർ,ഉയിർ
ഉയിരിന്,ഉയിർ
ഉയിരിൽ,ഉയിർ
ഉയിരും,ഉയിർ
ഉയിരേ,ഉയിർ
ഉയിർ,ഉയിർ
ഉയിരിന്,ഉയിർ
ഉയിരിൽ,ഉയിർ
ഉയിരും,ഉയിർ
ഉയിരേ,ഉയിർ
ഉയിർപ്പു,ഉയിർപ്പു
ഉരം,ഉരം
ഉരകല്ല്,ഉരകല്ല്
ഉരച്ചു,ഉരക്കുക
ഉരക്കുന്ന,ഉരക്കുക
ഉരഗ,ഉരഗ
ഉരഞ്ഞു,ഉരയുക
ഉരയുന്ന,ഉരയുക
ഉരഞ്ഞു,ഉരയുക
ഉരയുന്ന,ഉരയുക
ഉരയ്ക്കുന്ന,ഉരയ്ക്കുക
ഉരല്,ഉരല്
ഉരലിൽ,ഉരല്
ഉരലിൽ,ഉരല്
ഉരലും,ഉരല്
ഉരലും,ഉരല്
ഉരൽ,ഉരൽ
ഉരല്,ഉരൽ
ഉരസൽ,ഉരസൽ
ഉരസല്,ഉരസൽ
ഉരസും,ഉരസ്
ഉരി,ഉരി
ഉരി,ഉരി
ഉരിയാടുന്ന,ഉരിയാടുക
ഉരിയാട്ട്,ഉരിയാട്ട്
ഉരു,ഉരു
ഉരുകുന്നു,ഉരുകുക
ഉരുകുന്ന,ഉരുകുക
ഉരുകുന്നു,ഉരുകുക
ഉരുകുന്ന,ഉരുകുക
ഉരുക്ക്,ഉരുക്ക്
ഉരുക്കിന്,ഉരുക്ക്
ഉരുക്കിന്റെ,ഉരുക്ക്
ഉരുക്കിൽ,ഉരുക്ക്
ഉരുക്കും,ഉരുക്ക്
ഉരുട്ടി,ഉരുട്ടി
ഉരുട്ടുക,ഉരുട്ടുക
ഉരുട്ടാം,ഉരുട്ട്
ഉരുട്ടുക,ഉരുട്ട്
ഉരുട്ടാം,ഉരുട്ട്
ഉരുട്ടുക,ഉരുട്ട്
ഉരുള,ഉരുള
ഉരുളി,ഉരുളി
ഉരുളുന്നു,ഉരുളുക
ഉരുളുന്ന,ഉരുളുക
ഉരുളുന്നു,ഉരുളുക
ഉരുളുന്ന,ഉരുളുക
ഉരുൾ,ഉരുൾ
ഉരുളിന്റെ,ഉരുൾ
ഉരുളും,ഉരുൾ
ഉരുൾ,ഉരുൾ
ഉരുളിന്റെ,ഉരുൾ
ഉരുളും,ഉരുൾ
ഉരുവിനെ,ഉരുവ്
ഉരുവും,ഉരുവ്
ഉരുവായ,ഉരുവ്
ഉറ,ഉറ
ഉറ,ഉറ
ഉറച്ചു,ഉറക്കുക
ഉറക്കുന്ന,ഉറക്കുക
ഉറക്കി,ഉറക്കുക
ഉറക്കുപാട്ടായ,ഉറക്കുപാട്ട്
ഉറക്ക്,ഉറക്ക്
ഉറക്കും,ഉറക്ക്
ഉറക്കാം,ഉറക്ക്
ഉറങ്ങുക,ഉറങ്ങുക
ഉറങ്ങുന്നു,ഉറങ്ങുക
ഉറങ്ങുന്ന,ഉറങ്ങുക
ഉറപ്പ്,ഉറപ്പ്
ഉറപ്പിനെ,ഉറപ്പ്
ഉറപ്പിന്,ഉറപ്പ്
ഉറപ്പിൻ,ഉറപ്പ്
ഉറപ്പിന്റെ,ഉറപ്പ്
ഉറപ്പിൽ,ഉറപ്പ്
ഉറപ്പുകൾ,ഉറപ്പ്
ഉറപ്പും,ഉറപ്പ്
ഉറപ്പായ,ഉറപ്പ്
ഉറയുക,ഉറയുക
ഉറഞ്ഞു,ഉറയുക
ഉറയുന്നു,ഉറയുക
ഉറയുന്ന,ഉറയുക
ഉറയുക,ഉറയുക
ഉറഞ്ഞു,ഉറയുക
ഉറയുന്നു,ഉറയുക
ഉറയുന്ന,ഉറയുക
ഉറയ്ക്കുന്ന,ഉറയ്ക്കുക
ഉറയ്ക്കുന്ന,ഉറയ്ക്കുക
ഉറൽ,ഉറൽ
ഉറവ്,ഉറവ്
ഉറവുകൾ,ഉറവ്
ഉറവും,ഉറവ്
ഉറി,ഉറുക
ഉറുപ്യ,ഉറുപ്യ
ഉറുമി,ഉറുമി
ഉറ്റ,ഉറ്റ
ഉല,ഉല
ഉല,ഉല
ഉലകം,ഉലകം
ഉലകവും,ഉലകം
ഉലക്ക,ഉലക്ക
ഉലച്ചു,ഉലക്കുക
ഉലട്ടി,ഉലട്ടി
ഉലമാ,ഉലമാ
ഉലഞ്ഞു,ഉലയുക
ഉലയുന്നു,ഉലയുക
ഉലയുന്ന,ഉലയുക
ഉലഞ്ഞു,ഉലയുക
ഉലയുന്നു,ഉലയുക
ഉലയുന്ന,ഉലയുക
ഉലയ്ക്കുന്ന,ഉലയ്ക്കുക
ഉലാത്തുന്ന,ഉലാത്തുക
ഉലാത്തുന്ന,ഉലാത്തുക
ഉലാവുകാഴ്ച,ഉലാവുകാഴ്ച
ഉളം,ഉളം
ഉളവ്,ഉളവ്
ഉളവായ,ഉളവ്
ഉളി,ഉളി
ഉളി,ഉളി
ഉളിയത്ത്,ഉളിയം
ഉളുക്കൽ,ഉളുക്കൽ
ഉളുക്കുക,ഉളുക്കുക
ഉളുക്കുക,ഉളുക്കുക
ഉളുക്ക്,ഉളുക്ക്
ഉളുക്കുക,ഉളുക്ക്
ഉളുപ്പ്,ഉളുപ്പ്
ഉളുപ്പും,ഉളുപ്പ്
ഉള്ളം,ഉള്ളം
ഉള്ളവും,ഉള്ളം
ഉള്ളത്ത്,ഉള്ളം
ഉള്ളവൻ,ഉള്ളവൻ
ഉള്ളവന്,ഉള്ളവൻ
ഉള്ളവന്റെ,ഉള്ളവൻ
ഉള്ളവനും,ഉള്ളവൻ
ഉള്ളാടൻ,ഉള്ളാടൻ
ഉള്ളാടന്,ഉള്ളാടൻ
ഉള്ളാൾ,ഉള്ളാൾ
ഉള്ളാളും,ഉള്ളാൾ
ഉള്ളി,ഉള്ളി
ഉള്ള്,ഉള്ള്
ഉള്ളിനെ,ഉള്ള്
ഉള്ളിന്റെ,ഉള്ള്
ഉള്ളിൽ,ഉള്ള്
ഉള്ളും,ഉള്ള്
ഉൾ,ഉൾ
ഉൾ,ഉൾ
ഉഴം,ഉഴം
ഉഴന്നു,ഉഴക്കുക
ഉഴപ്പി,ഉഴപ്പി
ഉഴറി,ഉഴറുക
ഉഴറുന്ന,ഉഴറുക
ഉഴലുന്നു,ഉഴലുക
ഉഴലുന്ന,ഉഴലുക
ഉഴലുന്നു,ഉഴലുക
ഉഴലുന്ന,ഉഴലുക
ഉഴവു,ഉഴവു
ഉഴവ്,ഉഴവ്
ഉഴവ്,ഉഴവ്
ഉഴിയല്,ഉഴിയൽ
ഉഴിഞ്ഞു,ഉഴിയുക
ഉഴിയുന്ന,ഉഴിയുക
ഉഴിഞ്ഞു,ഉഴിയുക
ഉഴിയുന്ന,ഉഴിയുക
ഉഴുക,ഉഴുക
ഉഴുന്നു,ഉഴുക
ഉഴുന്ന,ഉഴുക
ഉഴുക,ഉഴുക
ഉഴുന്നു,ഉഴുക
ഉഴുന്ന,ഉഴുക
ഉഴുന്ന്,ഉഴുന്ന്
ഉഴുന്നിന്,ഉഴുന്ന്
ഉഴുന്നാൽ,ഉഴുന്ന്
ഉഴുന്നും,ഉഴുന്ന്
ഉവ,ഉവ
ഉവ,ഉവ
ഉവ്വ,ഉവ്വ
ഉശിരൻ,ഉശിരൻ
ഉശിരന്,ഉശിരൻ
ഉഷ,ഉഷ
ഉഷണ,ഉഷണ
ഉഷാ,ഉഷൻ
ഉഷസ്,ഉഷസ്
ഉഷസിൽ,ഉഷസ്
ഉഷസ്സ്,ഉഷസ്സ്
ഉഷസ്സിന്റെ,ഉഷസ്സ്
ഉഷസ്സിൽ,ഉഷസ്സ്
ഉഷസ്സും,ഉഷസ്സ്
ഉഷാ,ഉഷാ
ഉഷാർ,ഉഷാർ
ഉഷ്,ഉഷ്
ഉഷ്ണ,ഉഷ്ണ
ഉസ്താദ്,ഉസ്താദ്
ഉസ്താദിനെ,ഉസ്താദ്
ഉസ്താദിന്റെ,ഉസ്താദ്
ഉസ്താദും,ഉസ്താദ്
ഉസ്താദായ,ഉസ്താദ്
ഉസ്ര,ഉസ്ര
ഊ,ഊ
ഊക്കൻ,ഊക്കൻ
ഊക്ക്,ഊക്ക്
ഊക്കിൽ,ഊക്ക്
ഊക്കും,ഊക്ക്
ഊഞ്ഞാൽ,ഊഞ്ഞാൽ
ഊഞ്ഞാല്,ഊഞ്ഞാൽ
ഊടെ,ഊടെ
ഊടും,ഊട്
ഊട്ട്,ഊട്
ഊടും,ഊട്
ഊട്ട്,ഊട്
ഊട്ടി,ഊട്ടി
ഊട്ടു,ഊട്ടു
ഊട്ടുന്നു,ഊട്ടുക
ഊട്ടുന്ന,ഊട്ടുക
ഊട്ട്,ഊട്ട്
ഊട്ടിന്,ഊട്ട്
ഊട്ടിന്റെ,ഊട്ട്
ഊട്ടിൽ,ഊട്ട്
ഊട്ടും,ഊട്ട്
ഊട്ട്,ഊട്ട്
ഊട്ടിന്,ഊട്ട്
ഊട്ടിന്റെ,ഊട്ട്
ഊട്ടിൽ,ഊട്ട്
ഊട്ടും,ഊട്ട്
ഊണ്,ഊണ്
ഊണിന്,ഊണ്
ഊണിന്റെ,ഊണ്
ഊണും,ഊണ്
ഊണ്,ഊണ്
ഊണിന്,ഊണ്
ഊണിന്റെ,ഊണ്
ഊണും,ഊണ്
ഊൺ,ഊൺ
ഊണിന്റെ,ഊൺ
ഊത,ഊത
ഊത,ഊത
ഊതൽ,ഊതൽ
ഊതുക,ഊതുക
ഊതുന്ന,ഊതുക
ഊതുക,ഊതുക
ഊതുന്ന,ഊതുക
ഊത്ത്,ഊത്ത്
ഊത്തിന്,ഊത്ത്
ഊന,ഊന
ഊന്നൽ,ഊന്നൽ
ഊന്നല്,ഊന്നൽ
ഊന്നുന്ന,ഊന്നുക
ഊന്ന്,ഊന്ന്
ഊന്നിൻ,ഊന്ന്
ഊന്നിന്റെ,ഊന്ന്
ഊൻ,ഊൻ
ഊന്,ഊൻ
ഊൻ,ഊൻ
ഊന്,ഊൻ
ഊപ്പ,ഊപ്പ
ഊപ്പ്,ഊപ്പ്
ഊമ,ഊമ
ഊമൻ,ഊമൻ
ഊമനും,ഊമൻ
ഊമൻ,ഊമൻ
ഊമനും,ഊമൻ
ഊരകം,ഊരകം
ഊരകത്ത്,ഊരകം
ഊരാൻ,ഊരാൻ
ഊരാന്,ഊരാൻ
ഊരാനും,ഊരാൻ
ഊരായ്മ,ഊരായ്മ
ഊരാഴ്മ,ഊരാഴ്മ
ഊരി,ഊരി
ഊരു,ഊരു
ഊരുക,ഊരുക
ഊർന്നു,ഊരുക
ഊര്ന്നു,ഊരുക
ഊരുന്നു,ഊരുക
ഊരുക,ഊരുക
ഊർന്നു,ഊരുക
ഊര്ന്നു,ഊരുക
ഊരുന്നു,ഊരുക
ഊരുകൂട്ടം,ഊരുകൂട്ടം
ഊരുകൂട്ടങ്ങൾ,ഊരുകൂട്ടം
ഊരുകൂട്ടവും,ഊരുകൂട്ടം
ഊര്,ഊര്
ഊരിനോട്,ഊര്
ഊരിന്,ഊര്
ഊരിന്റെ,ഊര്
ഊരിൽ,ഊര്
ഊരുകൾ,ഊര്
ഊരും,ഊര്
ഊരാം,ഊര്
ഊരുക,ഊര്
ഊരായ,ഊര്
ഊർ,ഊർ
ഊരിനോട്,ഊർ
ഊരിന്,ഊർ
ഊരിൽ,ഊർ
ഊരുകൾ,ഊർ
ഊരും,ഊർ
ഊർ,ഊർ
ഊരിനോട്,ഊർ
ഊരിന്,ഊർ
ഊരിൽ,ഊർ
ഊരുകൾ,ഊർ
ഊരും,ഊർ
ഊർന്നു,ഊർക്കുക
ഊർജ,ഊർജ
ഊർജിത,ഊർജിത
ഊറൽ,ഊറൽ
ഊറാന്,ഊറാൻ
ഊറി,ഊറുക
ഊറുന്ന,ഊറുക
ഊറ്റം,ഊറ്റം
ഊറ്റി,ഊറ്റുക
ഊറ്റുന്നു,ഊറ്റുക
ഊറ്റുന്ന,ഊറ്റുക
ഊള,ഊള
ഊളൻ,ഊളൻ
ഊഴം,ഊഴം
ഊഴവും,ഊഴം
ഊഴി,ഊഴി
ഊഴിയൻ,ഊഴിയൻ
ഊശാന,ഊശാന
ഊശാന്,ഊശാൻ
ഊഷര,ഊഷര
ഊഹിച്ചു,ഊഹിക്കുക
ഊഹിക്കുന്നു,ഊഹിക്കുക
ഊഹിക്കുന്ന,ഊഹിക്കുക
ഊഹ്യ,ഊഹ്യ
ഋക്,ഋക്
ഋചീക,ഋചീക
ഋണ,ഋണ
ഋതു,ഋതു
ഋത്,ഋത്
ഋദ്ധി,ഋദ്ധി
ഋഷഭ,ഋഷഭ
ഋഷി,ഋഷി
ഋഷിക,ഋഷിക
എ,എ
എംഡൻ,എംഡൻ
എകിറ്,എകിറ്
എക്ക,എക്ക
എക്കം,എക്കം
എക്കൽ,എക്കൽ
എക്കല്,എക്കൽ
എക്കിളുകൾ,എക്കിൾ
എന്നു,എക്കുക
എന്നു,എക്കുക
എക്ക്,എക്ക്
എക്കാൽ,എക്ക്
എങ്കിലും,എങ്കിലും
എങ്കിൽ,എങ്കിൽ
എങ്കില്,എങ്കിൽ
എങ്ങിനെ,എങ്ങിനെ
എച്ച,എച്ച
എച്ചം,എച്ചം
എച്ചവും,എച്ചം
എച്ചിൽ,എച്ചിൽ
എച്ചില്,എച്ചിൽ
എച്ചിൽ,എച്ചിൽ
എച്ചില്,എച്ചിൽ
എഞ്ചിനീയർ,എഞ്ചിനീയർ
എഞ്ചിനീയരുടെ,എഞ്ചിനീയർ
എഞ്ചിനോട്,എഞ്ച്
എഞ്ചിന്,എഞ്ച്
എഞ്ചിൻ,എഞ്ച്
എഞ്ചിന്റെ,എഞ്ച്
എടം,എടം
എടം,എടം
എടനാട്,എടനാട്
എടവം,എടവം
എടവക,എടവക
എടശ്ശേരി,എടശ്ശേരി
എടാ,എടാ
എടാ,എടാ
എടു,എടു
എടുക്കുക,എടുക്കുക
എടുക്കുന്നു,എടുക്കുക
എടുക്കുന്ന,എടുക്കുക
എടുക്കുക,എടുക്കുക
എടുക്കുന്നു,എടുക്കുക
എടുക്കുന്ന,എടുക്കുക
എടുത്തുചാടുക,എടുത്തുചാടുക
എടുപ്പ്,എടുപ്പ്
എടുപ്പുകൾ,എടുപ്പ്
എടുക,എട്
എട്ട്,എട്
എട്ടി,എട്ടി
എണ്ണ,എണ്ണ
എണ്ണുക,എണ്ണുക
എണ്ണുന്നു,എണ്ണുക
എണ്ണുന്ന,എണ്ണുക
എണ്ണുക,എണ്ണുക
എണ്ണുന്നു,എണ്ണുക
എണ്ണുന്ന,എണ്ണുക
എൺ,എൺ
എൺ,എൺ
എതിര്,എതിര്
എതിരും,എതിര്
എതിരായ,എതിര്
എതിർ,എതിർ
എതിരെ,എതിർ
എതിരും,എതിർ
എതിരേ,എതിർ
എത്,എത്
എതിന്,എത്
എതുക,എത്
എത്തു,എത്തു
എത്തൂ,എത്തു
എത്തുക,എത്തുക
എത്തി,എത്തുക
എത്തുന്നു,എത്തുക
എത്തുന്ന,എത്തുക
എത്തുക,എത്തുക
എത്തി,എത്തുക
എത്തുന്നു,എത്തുക
എത്തുന്ന,എത്തുക
എത്ത്,എത്ത്
എത്തിന്,എത്ത്
എത്താൽ,എത്ത്
എത്തിൽ,എത്ത്
എത്തും,എത്ത്
എത്താം,എത്ത്
എത്തുക,എത്ത്
എത്ര,എത്ര
എനി,എനി
എനീ,എനി
എന്തിനും,എന്തിനും
എന്തുമാത്രം,എന്തുമാത്രം
എന്ത്,എന്ത്
എന്തിനെ,എന്ത്
എന്തിനോട്,എന്ത്
എന്തിന്,എന്ത്
എന്തിന്റെ,എന്ത്
എന്തും,എന്ത്
എന്ത്,എന്ത്
എന്തിനെ,എന്ത്
എന്തിനോട്,എന്ത്
എന്തിന്,എന്ത്
എന്തിന്റെ,എന്ത്
എന്തും,എന്ത്
എന്ന,എന്ന
എന്ന,എന്ന
എന്നതിനു,എന്നതിനു
എന്നതിൻറെ,എന്നതിൻറെ
എന്നവണ്ണം,എന്നവണ്ണം
എന്നാലോ,എന്നാലോ
എന്നാൽ,എന്നാൽ
എന്നാല്,എന്നാൽ
എന്നീ,എന്നീ
എന്നു,എന്നു
എന്നൂ,എന്നു
എന്നും,എന്നും
എന്നെന്നേക്കും,എന്നെന്നേക്കും
എന്നേ,എന്നേ
എന്നേ,എന്നേ
എന്നേക്കും,എന്നേക്കും
എന്ന്,എന്ന്
എന്നിന്,എന്ന്
എന്നാൽ,എന്ന്
എന്നിന്റെ,എന്ന്
എന്നിൽ,എന്ന്
എന്നും,എന്ന്
എന്നാം,എന്ന്
എന്ന്,എന്ന്
എന്നിന്,എന്ന്
എന്നാൽ,എന്ന്
എന്നിന്റെ,എന്ന്
എന്നിൽ,എന്ന്
എന്നും,എന്ന്
എന്നാം,എന്ന്
എൻ,എൻ
എനെ,എൻ
എന്,എൻ
എനാൽ,എൻ
എന്റെ,എൻ
എനും,എൻ
എൻ,എൻ
എനെ,എൻ
എന്,എൻ
എനാൽ,എൻ
എന്റെ,എൻ
എനും,എൻ
എമു,എമു
എമ്പാടും,എമ്പാടും
എമ്മർ,എമ്മർ
എയ്,എയ്
എയിൻ,എയ്
എയിൽ,എയ്
എയും,എയ്
എയായ,എയ്
എയ്ത്ത്,എയ്ത്ത്
എയ്യുന്ന,എയ്യുക
എയ്യുന്ന,എയ്യുക
എരഞ്ഞി,എരഞ്ഞി
എരവാലൻ,എരവാലൻ
എരവാലന്മാർ,എരവാലൻ
എരി,എരി
എരി,എരി
എരിച്ചു,എരിക്കുക
എരിച്ചിൽ,എരിച്ചിൽ
എരിച്ചില്,എരിച്ചിൽ
എരിതീയിൽ,എരിതീയ്
എരിപ്പോട്,എരിപ്പോട്
എരിഞ്ഞു,എരിയുക
എരിയുന്ന,എരിയുക
എരിഞ്ഞു,എരിയുക
എരിയുന്ന,എരിയുക
എരിവ്,എരിവ്
എരിവിന്റെ,എരിവ്
എരിവും,എരിവ്
എരിശ്ശേരി,എരിശ്ശേരി
എരു,എരു
എരുക്ക്,എരുക്ക്
എരുക്കിന്റെ,എരുക്ക്
എരുത്,എരുത്
എരുത്,എരുത്
എരുമ,എരുമ
എരുവും,എരുവ്
എറപ്പ,എറപ്പ
എറി,എറി
എറിയൻ,എറിയൻ
എറിയനെ,എറിയൻ
എറിയുക,എറിയുക
എറിഞ്ഞു,എറിയുക
എറിയുന്നു,എറിയുക
എറിയുന്ന,എറിയുക
എറിയുക,എറിയുക
എറിഞ്ഞു,എറിയുക
എറിയുന്നു,എറിയുക
എറിയുന്ന,എറിയുക
എറി,എറുക
എറ്റി,എറ്റുക
എല,എല
എലി,എലി
എലി,എലി
എലിപ്പത്തായം,എലിപ്പത്തായം
എലിപ്പത്തായവും,എലിപ്പത്തായം
എലിമാൻ,എലിമാൻ
എല്ല,എല്ല
എല്ലൻ,എല്ലൻ
എല്ലന്,എല്ലൻ
എല്ലാ,എല്ലൻ
എല്ലാ,എല്ലാ
എല്ലാം,എല്ലാം
എല്ലാം,എല്ലാം
എല്ലി,എല്ലി
എല്ലീ,എല്ലി
എല്ല്,എല്ല്
എല്ലിനെ,എല്ല്
എല്ലിനെ,എല്ല്
എല്ലെ,എല്ല്
എല്ലിനോട്,എല്ല്
എല്ലിനോട്,എല്ല്
എല്ലിന്,എല്ല്
എല്ലിൻ,എല്ല്
എല്ലിന്,എല്ല്
എല്ലിന്റെ,എല്ല്
എല്ലിന്റെ,എല്ല്
എല്ലിൽ,എല്ല്
എല്ലിൽ,എല്ല്
എല്ലുകൾ,എല്ല്
എല്ലുകൾ,എല്ല്
എല്ലും,എല്ല്
എല്ലും,എല്ല്
എല്ലാം,എല്ല്
എളങ്കൂർ,എളങ്കൂർ
എളയ,എളയ
എളിമ,എളിമ
എളിയ,എളിയ
എളുപ്പം,എളുപ്പം
എളുപ്പവും,എളുപ്പം
എളേടത്ത്,എളേടത്ത്
എള്ളെണ്ണ,എള്ളെണ്ണ
എഴു,എഴു
എഴു,എഴു
എഴുന്നു,എഴുക
എഴുന്ന,എഴുക
എഴുന്നു,എഴുക
എഴുന്ന,എഴുക
എഴുതുക,എഴുതുക
എഴുതുന്നു,എഴുതുക
എഴുതുന്ന,എഴുതുക
എഴുത്,എഴുത്
എഴുതിന്റെ,എഴുത്
എഴുതിൽ,എഴുത്
എഴുതും,എഴുത്
എഴുതാം,എഴുത്
എഴുതുക,എഴുത്
എഴുത്,എഴുത്
എഴുതിന്റെ,എഴുത്
എഴുതിൽ,എഴുത്
എഴുതും,എഴുത്
എഴുതാം,എഴുത്
എഴുതുക,എഴുത്
എഴുത്തൻ,എഴുത്തൻ
എഴുത്തന്,എഴുത്തൻ
എഴുത്തശ്ശന്,എഴുത്തശ്ശൻ
എഴുത്താണി,എഴുത്താണി
എഴുത്താശാന്,എഴുത്താശാൻ
എഴുത്തുകാരൻ,എഴുത്തുകാരൻ
എഴുത്തുകാരനെ,എഴുത്തുകാരൻ
എഴുത്തുകാരനോട്,എഴുത്തുകാരൻ
എഴുത്തുകാരന്,എഴുത്തുകാരൻ
എഴുത്തുകാരന്റെ,എഴുത്തുകാരൻ
എഴുത്തുകാരനിൽ,എഴുത്തുകാരൻ
എഴുത്തുകാരനും,എഴുത്തുകാരൻ
എഴുത്തുകാരാ,എഴുത്തുകാരൻ
എഴുത്തുകുത്തുകൾ,എഴുത്തുകുത്ത്
എഴുത്തുപള്ളി,എഴുത്തുപള്ളി
എഴുത്തുപെട്ടി,എഴുത്തുപെട്ടി
എഴുത്തുഭാഷ,എഴുത്തുഭാഷ
എഴുത്ത്,എഴുത്ത്
എഴുത്തിനെ,എഴുത്ത്
എഴുത്തിനോട്,എഴുത്ത്
എഴുത്തിന്,എഴുത്ത്
എഴുത്തിൻ,എഴുത്ത്
എഴുത്തിന്റെ,എഴുത്ത്
എഴുത്തിൽ,എഴുത്ത്
എഴുത്തുകൾ,എഴുത്ത്
എഴുത്തും,എഴുത്ത്
എഴുനൂറ്റിക്കാർ,എഴുനൂറ്റിക്കാർ
എഴുന്നള്ളത്ത്,എഴുന്നള്ളത്ത്
എഴുന്നള്ളത്തിനെ,എഴുന്നള്ളത്ത്
എഴുന്നള്ളത്തിന്,എഴുന്നള്ളത്ത്
എഴുന്നള്ളത്തിന്റെ,എഴുന്നള്ളത്ത്
എഴുന്നള്ളത്തിൽ,എഴുന്നള്ളത്ത്
എഴുന്നള്ളത്തുകൾ,എഴുന്നള്ളത്ത്
എഴുന്നള്ളത്തും,എഴുന്നള്ളത്ത്
എഴുന്നേൽക്കുക,എഴുന്നേൽക്കുക
എഴ്,എഴ്
എഴിന്,എഴ്
എഴാം,എഴ്
എവ,എവ
എവു,എവു
ഏ,ഏ
ഏക,ഏക
ഏകകാലത്ത്,ഏകകാലം
ഏകാഗ്ര,ഏകാഗ്ര
ഏകാന്ത,ഏകാന്ത
ഏക്കൽ,ഏക്കൽ
ഏക്കോട്ട്,ഏക്ക്
ഏക്ര,ഏക്ര
ഏച്ച്,ഏച്ച്
ഏജ്,ഏജ്
ഏജിനോട്,ഏജ്
ഏജിൽ,ഏജ്
ഏടത്തി,ഏടത്തി
ഏട്,ഏട്
ഏടിന്,ഏട്
ഏടിൽ,ഏട്
ഏടുകൾ,ഏട്
ഏടായ,ഏട്
ഏട്ട്,ഏട്
ഏട്ടത്തി,ഏട്ടത്തി
ഏട്ടൻ,ഏട്ടൻ
ഏട്ടനെ,ഏട്ടൻ
ഏട്ടനോട്,ഏട്ടൻ
ഏട്ടന്,ഏട്ടൻ
ഏട്ടന്റെ,ഏട്ടൻ
ഏട്ടനിൽ,ഏട്ടൻ
ഏട്ടനും,ഏട്ടൻ
ഏട്ടാ,ഏട്ടൻ
ഏണി,ഏണി
ഏണുകൾ,ഏണ്
ഏതാ,ഏതാ
ഏതാണ്ട്,ഏതാണ്ട്
ഏതു,ഏതു
ഏത്,ഏത്
ഏതിനെ,ഏത്
ഏതിന്റെ,ഏത്
ഏതിൽ,ഏത്
ഏതും,ഏത്
ഏത്,ഏത്
ഏതിനെ,ഏത്
ഏതിന്റെ,ഏത്
ഏതിൽ,ഏത്
ഏതും,ഏത്
ഏത്തം,ഏത്തം
ഏത്തം,ഏത്തം
ഏത്തൻ,ഏത്തൻ
ഏത്തി,ഏത്തുക
ഏദൻ,ഏദൻ
ഏദന്,ഏദൻ
ഏദനിൽ,ഏദൻ
ഏന്തുന്ന,ഏന്തുക
ഏന്തും,ഏന്ത്
ഏൻ,ഏൻ
ഏന്,ഏൻ
ഏൻ,ഏൻ
ഏന്,ഏൻ
ഏമ്പക്കം,ഏമ്പക്കം
ഏമ്പക്കവും,ഏമ്പക്കം
ഏയ്,ഏയ്
ഏരത്ത്,ഏരം
ഏരി,ഏരി
ഏരി,ഏരി
ഏർ,ഏർ
ഏരെ,ഏർ
ഏറ്,ഏർ
ഏർ,ഏർ
ഏരെ,ഏർ
ഏറ്,ഏർ
ഏറി,ഏറി
ഏറി,ഏറി
ഏറുക,ഏറുക
ഏറി,ഏറുക
ഏറുന്നു,ഏറുക
ഏറുന്ന,ഏറുക
ഏറുക,ഏറുക
ഏറി,ഏറുക
ഏറുന്നു,ഏറുക
ഏറുന്ന,ഏറുക
ഏറ്,ഏറ്
ഏറിന്റെ,ഏറ്
ഏറിന്റെ,ഏറ്
ഏറിൽ,ഏറ്
ഏറിൽ,ഏറ്
ഏറും,ഏറ്
ഏറാം,ഏറ്
ഏറുക,ഏറ്
ഏറേ,ഏറ്
ഏറ്,ഏറ്
ഏറിന്റെ,ഏറ്
ഏറിന്റെ,ഏറ്
ഏറിൽ,ഏറ്
ഏറിൽ,ഏറ്
ഏറും,ഏറ്
ഏറാം,ഏറ്
ഏറുക,ഏറ്
ഏറേ,ഏറ്
ഏറ്റം,ഏറ്റം
ഏറ്റവും,ഏറ്റം
ഏറ്റി,ഏറ്റുക
ഏല,ഏല
ഏലം,ഏലം
ഏലവും,ഏലം
ഏലം,ഏലം
ഏലവും,ഏലം
ഏലസ്സിന്റെ,ഏലസ്സ്
ഏലസ്സുകൾ,ഏലസ്സ്
ഏലസ്സും,ഏലസ്സ്
ഏലാ,ഏലാ
ഏലാ,ഏലാ
ഏലി,ഏലി
ഏലീ,ഏലി
ഏല്,ഏല്
ഏലാം,ഏല്
ഏല്,ഏല്
ഏലാം,ഏല്
ഏൽ,ഏൽ
ഏല്,ഏൽ
ഏൽ,ഏൽ
ഏല്,ഏൽ
ഏൽക്കുന്നു,ഏൽക്കുക
ഏൽക്കുന്ന,ഏൽക്കുക
ഏഴ,ഏഴ
ഏഴാ,ഏഴൻ
ഏഴരശ്ശനി,ഏഴരശ്ശനി
ഏഴാമിടത്ത്,ഏഴാമിടം
ഏഴിമല,ഏഴിമല
ഏഴു,ഏഴു
ഏഴ്,ഏഴ്
ഏഴിനെ,ഏഴ്
ഏഴിന്,ഏഴ്
ഏഴിന്റെ,ഏഴ്
ഏഴിൽ,ഏഴ്
ഏഴും,ഏഴ്
ഏഴാം,ഏഴ്
ഏവ,ഏവ
ഏവ,ഏവ
ഏഷ,ഏഷ
ഏഷണ,ഏഷണ
ഏഷണി,ഏഷണി
ഏഷാ,ഏഷാ
ഐ,ഐ
ഐകാരം,ഐകാരം
ഐക്യ,ഐക്യ
ഐക്യനാടുകൾ,ഐക്യനാടുകൾ
ഐക്യനാടുകളെ,ഐക്യനാടുകൾ
ഐക്യനാടുകളോട്,ഐക്യനാടുകൾ
ഐക്യനാടുകളുടെ,ഐക്യനാടുകൾ
ഐക്യനാടുകളിൽ,ഐക്യനാടുകൾ
ഐക്യനാടുകളും,ഐക്യനാടുകൾ
ഐച്ഛിക,ഐച്ഛിക
ഐരാണിക്കുളം,ഐരാണിക്കുളം
ഐരാവത്,ഐരാവത്
ഐല,ഐല
ഐശ്വര്യ,ഐശ്വര്യ
ഒ,ഒ
ഒക്കത്ത്,ഒക്കം
ഒക്കൽ,ഒക്കൽ
ഒക്കല്,ഒക്കൽ
ഒച്ചു,ഒക്കുക
ഒന്നു,ഒക്കുക
ഒച്ചു,ഒക്കുക
ഒന്നു,ഒക്കുക
ഒക്കെ,ഒക്കെ
ഒക്ക്,ഒക്ക്
ഒച്ച,ഒച്ച
ഒച്ച,ഒച്ച
ഒച്ച്,ഒച്ച്
ഒച്ചിനെ,ഒച്ച്
ഒച്ചിന്റെ,ഒച്ച്
ഒച്ചുകൾ,ഒച്ച്
ഒടി,ഒടി
ഒടി,ഒടി
ഒടിച്ചു,ഒടിക്കുക
ഒടിയുക,ഒടിയുക
ഒടിഞ്ഞു,ഒടിയുക
ഒടിയുന്നു,ഒടിയുക
ഒടിയുന്ന,ഒടിയുക
ഒടിയുക,ഒടിയുക
ഒടിഞ്ഞു,ഒടിയുക
ഒടിയുന്നു,ഒടിയുക
ഒടിയുന്ന,ഒടിയുക
ഒടിവിദ്യ,ഒടിവിദ്യ
ഒടിവ്,ഒടിവ്
ഒടിവുകൾ,ഒടിവ്
ഒടിവും,ഒടിവ്
ഒടു,ഒടു
ഒടുക്കം,ഒടുക്കം
ഒടുക്കവും,ഒടുക്കം
ഒടുക്കുന്നു,ഒടുക്കുക
ഒടുക്കുന്ന,ഒടുക്കുക
ഒടുക്കി,ഒടുക്കുക
ഒടുങ്ങുന്നു,ഒടുങ്ങുക
ഒടുങ്ങുന്ന,ഒടുങ്ങുക
ഒടുങ്ങും,ഒടുങ്ങ്
ഒടുവിൽ,ഒടുവിൽ
ഒടുവില്,ഒടുവിൽ
ഒടുവിൽ,ഒടുവ്
ഒട്ടകം,ഒട്ടകം
ഒട്ടകങ്ങൾ,ഒട്ടകം
ഒട്ടകവും,ഒട്ടകം
ഒട്ടകപ്പക്ഷി,ഒട്ടകപ്പക്ഷി
ഒട്ടാ,ഒട്ടൻ
ഒട്ടർ,ഒട്ടർ
ഒട്ടല്,ഒട്ടൽ
ഒട്ടി,ഒട്ടി
ഒട്ടിക്കുക,ഒട്ടിക്കുക
ഒട്ടിച്ചു,ഒട്ടിക്കുക
ഒട്ടിക്കുന്ന,ഒട്ടിക്കുക
ഒട്ടു,ഒട്ടു
ഒട്ടു,ഒട്ടു
ഒട്ടുന്ന,ഒട്ടുക
ഒട്ടുന്ന,ഒട്ടുക
ഒട്ട്,ഒട്ട്
ഒട്ടും,ഒട്ട്
ഒട്ട്,ഒട്ട്
ഒട്ടും,ഒട്ട്
ഒഡിയ,ഒഡിയ
ഒഡ്ര,ഒഡ്ര
ഒൺ,ഒൺ
ഒതുക്കൽ,ഒതുക്കൽ
ഒതുക്കല്,ഒതുക്കൽ
ഒതുങ്ങുന്നു,ഒതുങ്ങുക
ഒതുങ്ങുന്ന,ഒതുങ്ങുക
ഒതുങ്ങുന്നു,ഒതുങ്ങുക
ഒതുങ്ങുന്ന,ഒതുങ്ങുക
ഒത്ത,ഒത്ത
ഒത്തിരി,ഒത്തിരി
ഒത്തുതീർപ്പ്,ഒത്തുതീർപ്പ്
ഒത്തുതീർപ്പിന്,ഒത്തുതീർപ്പ്
ഒത്തുതീർപ്പിൽ,ഒത്തുതീർപ്പ്
ഒത്തുതീർപ്പുകൾ,ഒത്തുതീർപ്പ്
ഒത്തുതീർപ്പും,ഒത്തുതീർപ്പ്
ഒന്നാകുന്നു,ഒന്നാകുക
ഒന്നാകുന്ന,ഒന്നാകുക
ഒന്നാകെ,ഒന്നാകെ
ഒന്നിക്കുക,ഒന്നിക്കുക
ഒന്നിച്ചു,ഒന്നിക്കുക
ഒന്നിക്കുന്നു,ഒന്നിക്കുക
ഒന്നിക്കുന്ന,ഒന്നിക്കുക
ഒന്നിന്നു,ഒന്നിക്കുക
ഒന്നിക്കുക,ഒന്നിക്കുക
ഒന്നിച്ചു,ഒന്നിക്കുക
ഒന്നിക്കുന്നു,ഒന്നിക്കുക
ഒന്നിക്കുന്ന,ഒന്നിക്കുക
ഒന്നിന്നു,ഒന്നിക്കുക
ഒന്നിനൊന്ന്,ഒന്നിനൊന്ന്
ഒന്നുചേരുക,ഒന്നുചേരുക
ഒന്നുചേർന്നു,ഒന്നുചേരുക
ഒന്നുചേര്ന്നു,ഒന്നുചേരുക
ഒന്നുചേരുന്നു,ഒന്നുചേരുക
ഒന്നുചേരുന്ന,ഒന്നുചേരുക
ഒന്ന്,ഒന്ന്
ഒന്നിനെ,ഒന്ന്
ഒന്നിനോട്,ഒന്ന്
ഒന്നിന്,ഒന്ന്
ഒന്നിന്റെ,ഒന്ന്
ഒന്നിൽ,ഒന്ന്
ഒന്നും,ഒന്ന്
ഒന്നാം,ഒന്ന്
ഒന്നായ,ഒന്ന്
ഒൻപത്,ഒൻപത്
ഒൻപതിന്,ഒൻപത്
ഒൻപതിൻ,ഒൻപത്
ഒൻപതിൽ,ഒൻപത്
ഒൻപതും,ഒൻപത്
ഒൻപതാം,ഒൻപത്
ഒപ്പരം,ഒപ്പരം
ഒപ്പാരി,ഒപ്പാരി
ഒപ്പാരിൻ,ഒപ്പാര്
ഒപ്പ്,ഒപ്പ്
ഒപ്പിന്റെ,ഒപ്പ്
ഒപ്പിൽ,ഒപ്പ്
ഒപ്പുകൾ,ഒപ്പ്
ഒപ്പും,ഒപ്പ്
ഒമര്,ഒമര്
ഒരിക്കൽ,ഒരിക്കൽ
ഒരിക്കല്,ഒരിക്കൽ
ഒരു,ഒരു
ഒരൂ,ഒരു
ഒരുക്കുക,ഒരുക്കുക
ഒരുക്കുന്നു,ഒരുക്കുക
ഒരുക്കുന്ന,ഒരുക്കുക
ഒരുക്കി,ഒരുക്കുക
ഒരുക്കുക,ഒരുക്കുക
ഒരുക്കുന്നു,ഒരുക്കുക
ഒരുക്കുന്ന,ഒരുക്കുക
ഒരുക്കി,ഒരുക്കുക
ഒരുക്കുകൾ,ഒരുക്ക്
ഒരുക്കും,ഒരുക്ക്
ഒരുക്കാം,ഒരുക്ക്
ഒരുക്കുക,ഒരുക്ക്
ഒരുങ്ങുക,ഒരുങ്ങുക
ഒരുങ്ങുന്നു,ഒരുങ്ങുക
ഒരുങ്ങുന്ന,ഒരുങ്ങുക
ഒരുങ്ങുക,ഒരുങ്ങുക
ഒരുങ്ങുന്നു,ഒരുങ്ങുക
ഒരുങ്ങുന്ന,ഒരുങ്ങുക
ഒരുത്തൻ,ഒരുത്തൻ
ഒരുത്തനെ,ഒരുത്തൻ
ഒരുത്തന്,ഒരുത്തൻ
ഒരുത്തനും,ഒരുത്തൻ
ഒരുപക്ഷേ,ഒരുപക്ഷേ
ഒരുപോലെ,ഒരുപോലെ
ഒരുമ,ഒരുമ
ഒരുമനം,ഒരുമനം
ഒരുമിക്കുക,ഒരുമിക്കുക
ഒരുമിച്ചു,ഒരുമിക്കുക
ഒരുമിക്കുന്നു,ഒരുമിക്കുക
ഒരുമിക്കുന്ന,ഒരുമിക്കുക
ഒരുമ്പെടുന്നു,ഒരുമ്പെടുക
ഒരുമ്പെടുന്ന,ഒരുമ്പെടുക
ഒരുവേള,ഒരുവേള
ഒറവിൽ,ഒറവ്
ഒറാങ്ഉട്ടാൻ,ഒറാങ്ഉട്ടാൻ
ഒറിയ,ഒറിയ
ഒറ്റക്കണ്ണൻ,ഒറ്റക്കണ്ണൻ
ഒറ്റക്കണ്ണന്,ഒറ്റക്കണ്ണൻ
ഒറ്റക്കയ്യൻ,ഒറ്റക്കയ്യൻ
ഒറ്റക്കയ്യന്,ഒറ്റക്കയ്യൻ
ഒറ്റക്കൊമ്പൻ,ഒറ്റക്കൊമ്പൻ
ഒറ്റമൂലി,ഒറ്റമൂലി
ഒറ്റയടിപ്പാത,ഒറ്റയടിപ്പാത
ഒറ്റയാൻ,ഒറ്റയാൻ
ഒറ്റയാനെ,ഒറ്റയാൻ
ഒറ്റയാന്,ഒറ്റയാൻ
ഒറ്റയാന്റെ,ഒറ്റയാൻ
ഒറ്റയാന്മാർ,ഒറ്റയാൻ
ഒറ്റയാനും,ഒറ്റയാൻ
ഒറ്റയ്ക്ക്,ഒറ്റയ്ക്ക്
ഒറ്റയ്ക്കും,ഒറ്റയ്ക്ക്
ഒറ്റയ്ക്കായ,ഒറ്റയ്ക്ക്
ഒറ്റൽ,ഒറ്റൽ
ഒറ്റാൽ,ഒറ്റാൽ
ഒറ്റാല്,ഒറ്റാൽ
ഒറ്റി,ഒറ്റി
ഒറ്റി,ഒറ്റി
ഒറ്റി,ഒറ്റുക
ഒറ്റുന്ന,ഒറ്റുക
ഒറ്റ്,ഒറ്റ്
ഒറ്റാൽ,ഒറ്റ്
ഒറ്റും,ഒറ്റ്
ഒല,ഒല
ഒലക്ക,ഒലക്ക
ഒലി,ഒലി
ഒലി,ഒലി
ഒലിച്ചു,ഒലിക്കുക
ഒലിക്കുന്ന,ഒലിക്കുക
ഒലിച്ചു,ഒലിക്കുക
ഒലിക്കുന്ന,ഒലിക്കുക
ഒളി,ഒളി
ഒളി,ഒളി
ഒളിക്കുക,ഒളിക്കുക
ഒളിച്ചു,ഒളിക്കുക
ഒളിക്കുന്നു,ഒളിക്കുക
ഒളിക്കുന്ന,ഒളിക്കുക
ഒളിക്കുക,ഒളിക്കുക
ഒളിച്ചു,ഒളിക്കുക
ഒളിക്കുന്നു,ഒളിക്കുക
ഒളിക്കുന്ന,ഒളിക്കുക
ഒളിച്ചുകളി,ഒളിച്ചുകളി
ഒളിയമ്പ്,ഒളിയമ്പ്
ഒളിയമ്പുകൾ,ഒളിയമ്പ്
ഒളിവ്,ഒളിവ്
ഒളിവിൽ,ഒളിവ്
ഒളിവും,ഒളിവ്
ഒഴക്ക്,ഒഴക്ക്
ഒഴി,ഒഴി
ഒഴി,ഒഴി
ഒഴികഴിവും,ഒഴികഴിവ്
ഒഴികെ,ഒഴികെ
ഒഴിക്കുക,ഒഴിക്കുക
ഒഴിച്ചു,ഒഴിക്കുക
ഒഴിക്കുന്നു,ഒഴിക്കുക
ഒഴിക്കുന്ന,ഒഴിക്കുക
ഒഴിക്കുക,ഒഴിക്കുക
ഒഴിച്ചു,ഒഴിക്കുക
ഒഴിക്കുന്നു,ഒഴിക്കുക
ഒഴിക്കുന്ന,ഒഴിക്കുക
ഒഴിച്ചുകൂട്ടാന്,ഒഴിച്ചുകൂട്ടാൻ
ഒഴിഞ്ഞ്,ഒഴിഞ്ഞ്
ഒഴിഞ്ഞാൽ,ഒഴിഞ്ഞ്
ഒഴിയുക,ഒഴിയുക
ഒഴിഞ്ഞു,ഒഴിയുക
ഒഴിയുന്നു,ഒഴിയുക
ഒഴിയുന്ന,ഒഴിയുക
ഒഴിയുക,ഒഴിയുക
ഒഴിഞ്ഞു,ഒഴിയുക
ഒഴിയുന്നു,ഒഴിയുക
ഒഴിയുന്ന,ഒഴിയുക
ഒഴിവുകഴിവ്,ഒഴിവുകഴിവ്
ഒഴിവുകഴിവുകൾ,ഒഴിവുകഴിവ്
ഒഴിവുമുറി,ഒഴിവുമുറി
ഒഴിവ്,ഒഴിവ്
ഒഴിവിന്,ഒഴിവ്
ഒഴിവിന്റെ,ഒഴിവ്
ഒഴിവിൽ,ഒഴിവ്
ഒഴിവുകൾ,ഒഴിവ്
ഒഴിവും,ഒഴിവ്
ഒഴിവായ,ഒഴിവ്
ഒഴുകുക,ഒഴുകുക
ഒഴുകുന്നു,ഒഴുകുക
ഒഴുകുന്ന,ഒഴുകുക
ഒഴുകുക,ഒഴുകുക
ഒഴുകുന്നു,ഒഴുകുക
ഒഴുകുന്ന,ഒഴുകുക
ഒഴുകിൽ,ഒഴുക്
ഒഴുകും,ഒഴുക്
ഒഴുകുക,ഒഴുക്
ഒഴുക്ക്,ഒഴുക്ക്
ഒഴുക്കിനെ,ഒഴുക്ക്
ഒഴുക്കിന്,ഒഴുക്ക്
ഒഴുക്കിനാൽ,ഒഴുക്ക്
ഒഴുക്കിന്റെ,ഒഴുക്ക്
ഒഴുക്കിൽ,ഒഴുക്ക്
ഒഴുക്കും,ഒഴുക്ക്
ഒഴുക്കുക,ഒഴുക്ക്
ഒവി,ഒവി
ഒവ്,ഒവ്
ഒവാം,ഒവ്
ഓ,ഓ
ഓം,ഓം
ഓത്ത്,ഓം
ഓക്കാനം,ഓക്കാനം
ഓക്കാനവും,ഓക്കാനം
ഓക്കാനിക്കുക,ഓക്കാനിക്കുക
ഓക്സ്,ഓക്സ്
ഓക്സിൻ,ഓക്സ്
ഓക്സിൽ,ഓക്സ്
ഓച്ചാനിച്ചു,ഓച്ചാനിക്കുക
ഓജസ്,ഓജസ്
ഓജസും,ഓജസ്
ഓജസ്സ്,ഓജസ്സ്
ഓജസ്സിന്റെ,ഓജസ്സ്
ഓജസ്സും,ഓജസ്സ്
ഓട,ഓട
ഓട,ഓട
ഓടം,ഓടം
ഓടക്കുഴൽ,ഓടക്കുഴൽ
ഓടക്കുഴല്,ഓടക്കുഴൽ
ഓടൽ,ഓടൽ
ഓടല്,ഓടൽ
ഓടി,ഓടി
ഓടി,ഓടി
ഓടുക,ഓടുക
ഓടുന്നു,ഓടുക
ഓടുന്ന,ഓടുക
ഓടുക,ഓടുക
ഓടുന്നു,ഓടുക
ഓടുന്ന,ഓടുക
ഓടെ,ഓടെ
ഓടെ,ഓടെ
ഓട്,ഓട്
ഓടിന്,ഓട്
ഓടിന്റെ,ഓട്
ഓടിൽ,ഓട്
ഓടുകൾ,ഓട്
ഓടും,ഓട്
ഓടാം,ഓട്
ഓടുക,ഓട്
ഓട്ട്,ഓട്
ഓട്,ഓട്
ഓടിന്,ഓട്
ഓടിന്റെ,ഓട്
ഓടിൽ,ഓട്
ഓടുകൾ,ഓട്
ഓടും,ഓട്
ഓടാം,ഓട്
ഓടുക,ഓട്
ഓട്ട്,ഓട്
ഓട്ട,ഓട്ട
ഓട്ടം,ഓട്ടം
ഓട്ടങ്ങൾ,ഓട്ടം
ഓട്ടവും,ഓട്ടം
ഓട്ടത്ത്,ഓട്ടം
ഓട്ടൻ,ഓട്ടൻ
ഓട്ടനെ,ഓട്ടൻ
ഓട്ടന്,ഓട്ടൻ
ഓട്ടാ,ഓട്ടൻ
ഓട്ടപ്രദക്ഷിണം,ഓട്ടപ്രദക്ഷിണം
ഓട്ടെ,ഓട്ടെ
ഓട്ട്,ഓട്ട്
ഓട്ടിൻ,ഓട്ട്
ഓട്ടിൽ,ഓട്ട്
ഓണം,ഓണം
ഓണവും,ഓണം
ഓണക്കാഴ്ച,ഓണക്കാഴ്ച
ഓണത്തപ്പനെ,ഓണത്തപ്പൻ
ഓണത്തപ്പന്,ഓണത്തപ്പൻ
ഓണത്താർ,ഓണത്താർ
ഓണപ്പുടവ,ഓണപ്പുടവ
ഓണവട്ടന്,ഓണവട്ടൻ
ഓണാട്ട്,ഓണാട്
ഓണാട്ടുകര,ഓണാട്ടുകര
ഓതി,ഓതി
ഓത്തുപള്ളി,ഓത്തുപള്ളി
ഓന്ത്,ഓന്ത്
ഓന്തിനെ,ഓന്ത്
ഓന്തിന്റെ,ഓന്ത്
ഓന്തുകൾ,ഓന്ത്
ഓന്തും,ഓന്ത്
ഓൻ,ഓൻ
ഓനെ,ഓൻ
ഓന്,ഓൻ
ഓന്റെ,ഓൻ
ഓൻ,ഓൻ
ഓനെ,ഓൻ
ഓന്,ഓൻ
ഓന്റെ,ഓൻ
ഓപി,ഓപി
ഓപ്പം,ഓപ്പം
ഓപ്പ്,ഓപ്പ്
ഓമ,ഓമ
ഓമം,ഓമം
ഓമന,ഓമന
ഓമന,ഓമന
ഓമനക്കുട്ടൻ,ഓമനക്കുട്ടൻ
ഓമനക്കുട്ടനെ,ഓമനക്കുട്ടൻ
ഓമനക്കുട്ടന്,ഓമനക്കുട്ടൻ
ഓമനക്കുട്ടന്റെ,ഓമനക്കുട്ടൻ
ഓമനക്കുട്ടനും,ഓമനക്കുട്ടൻ
ഓമനപ്പേര്,ഓമനപ്പേര്
ഓമനപ്പേരിൽ,ഓമനപ്പേര്
ഓമനപ്പേരും,ഓമനപ്പേര്
ഓമനപ്രാവ്,ഓമനപ്രാവ്
ഓയിൽ,ഓയ്
ഓയും,ഓയ്
ഓരം,ഓരം
ഓരങ്ങൾ,ഓരം
ഓരത്ത്,ഓരം
ഓരം,ഓരം
ഓരങ്ങൾ,ഓരം
ഓരത്ത്,ഓരം
ഓരാ,ഓരാ
ഓരിലത്താമര,ഓരിലത്താമര
ഓരു,ഓരു
ഓരും,ഓരും
ഓർ,ഓർ
ഓരെ,ഓർ
ഓരിനെ,ഓർ
ഓരും,ഓർ
ഓറ്,ഓർ
ഓരേ,ഓർ
ഓർ,ഓർ
ഓരെ,ഓർ
ഓരിനെ,ഓർ
ഓരും,ഓർ
ഓറ്,ഓർ
ഓരേ,ഓർ
ഓർക്കുക,ഓർക്കുക
ഓർക്കുന്നു,ഓർക്കുക
ഓർക്കുന്ന,ഓർക്കുക
ഓർക്കുക,ഓർക്കുക
ഓർക്കുന്നു,ഓർക്കുക
ഓർക്കുന്ന,ഓർക്കുക
ഓർച്ച,ഓർച്ച
ഓർമ,ഓർമ
ഓർമിക്കുക,ഓർമിക്കുക
ഓർമിച്ചു,ഓർമിക്കുക
ഓർമിക്കുന്നു,ഓർമിക്കുക
ഓർമിക്കുന്ന,ഓർമിക്കുക
ഓറ്,ഓറ്
ഓറിൻ,ഓറ്
ഓറും,ഓറ്
ഓറാം,ഓറ്
ഓല,ഓല
ഓല,ഓല
ഓലക്കുട,ഓലക്കുട
ഓലപ്പടക്കം,ഓലപ്പടക്കം
ഓലപ്പടക്കവും,ഓലപ്പടക്കം
ഓലപ്പാമ്പ്,ഓലപ്പാമ്പ്
ഓലപ്പാമ്പിനെ,ഓലപ്പാമ്പ്
ഓലപ്പീപ്പി,ഓലപ്പീപ്പി
ഓലമടൽ,ഓലമടൽ
ഓലി,ഓലി
ഓൽ,ഓൽ
ഓല്,ഓൽ
ഓളം,ഓളം
ഓളങ്ങൾ,ഓളം
ഓളവും,ഓളം
ഓളി,ഓളി
ഓള്,ഓള്
ഓവൻ,ഓവൻ
ഓവന്,ഓവൻ
ഓവനിൽ,ഓവൻ
ഓവി,ഓവി
ഓവിയം,ഓവിയം
ഓവുപാലം,ഓവുപാലം
ഓവ്,ഓവ്
ഓവിന്,ഓവ്
ഓവ്,ഓവ്
ഓവിന്,ഓവ്
ഓശാരം,ഓശാരം
ഓഷ്ഠ,ഓഷ്ഠ
ഓഹരി,ഓഹരി
ഓഹരി,ഓഹരി
ഔ,ഔ
ഔചിത്യം,ഔചിത്യം
ഔചിത്യവും,ഔചിത്യം
ഔദ്ധത്യം,ഔദ്ധത്യം
ഔദ്യോഗിക,ഔദ്യോഗിക
ഔപചാരിക,ഔപചാരിക
ഔവ്വയാർ,ഔവ്വയാർ
ക,ക
കം,കം
കവും,കം
കത്തു്,കം
കത്ത്,കം
കംബല,കംബല
കംസ,കംസ
കക്കിരി,കക്കിരി
കക്കുന്ന,കക്കുക
കക്കി,കക്കുക
കന്നു,കക്കുക
കക്ക്,കക്ക്
കക്കോട്ട്,കക്ക്
കക്കും,കക്ക്
കച്ച,കച്ച
കച്ചവടം,കച്ചവടം
കച്ചവടങ്ങൾ,കച്ചവടം
കച്ചവടവും,കച്ചവടം
കച്ചവടക്കാരൻ,കച്ചവടക്കാരൻ
കച്ചവടക്കാരനെ,കച്ചവടക്കാരൻ
കച്ചവടക്കാരന്,കച്ചവടക്കാരൻ
കച്ചവടക്കാരന്റെ,കച്ചവടക്കാരൻ
കച്ചവടക്കാരനിൽ,കച്ചവടക്കാരൻ
കച്ചവടക്കാരനും,കച്ചവടക്കാരൻ
കച്ചിൽ,കച്ചിൽ
കച്ചില്,കച്ചിൽ
കച്ച്,കച്ച്
കച്ചിൻ,കച്ച്
കച്ചിന്റെ,കച്ച്
കച്ചിൽ,കച്ച്
കച്ചും,കച്ച്
കച്ഛാ,കച്ഛാ
കട,കട
കട,കട
കടം,കടം
കടങ്ങൾ,കടം
കടവും,കടം
കടത്തു്,കടം
കടത്ത്,കടം
കടം,കടം
കടങ്ങൾ,കടം
കടവും,കടം
കടത്തു്,കടം
കടത്ത്,കടം
കടക്കുക,കടക്കുക
കടക്കുന്നു,കടക്കുക
കടക്കുന്ന,കടക്കുക
കടന്നു,കടക്കുക
കടത്തുക,കടത്തുക
കടത്തി,കടത്തുക
കടത്തുന്നു,കടത്തുക
കടത്തുന്ന,കടത്തുക
കടത്തുകാരൻ,കടത്തുകാരൻ
കടത്തുകാരനെ,കടത്തുകാരൻ
കടത്തുകാരന്,കടത്തുകാരൻ
കടത്തുകാരന്റെ,കടത്തുകാരൻ
കടന്നാക്രമണം,കടന്നാക്രമണം
കടന്നാക്രമണങ്ങൾ,കടന്നാക്രമണം
കടന്നാക്രമണവും,കടന്നാക്രമണം
കടപ്പത്രം,കടപ്പത്രം
കടപ്പത്രങ്ങൾ,കടപ്പത്രം
കടപ്പാട്,കടപ്പാട്
കടപ്പാടിനെ,കടപ്പാട്
കടപ്പാടിന്റെ,കടപ്പാട്
കടപ്പാടുകൾ,കടപ്പാട്
കടപ്പാടും,കടപ്പാട്
കടപ്പുറം,കടപ്പുറം
കടപ്പുറവും,കടപ്പുറം
കടപ്പുറത്ത്,കടപ്പുറം
കടമ,കടമ
കടമ,കടമ
കടമുറി,കടമുറി
കടമ്പ,കടമ്പ
കടഞ്ഞു,കടയുക
കടയുന്ന,കടയുക
കടഞ്ഞു,കടയുക
കടയുന്ന,കടയുക
കടല,കടല
കടലപ്പരിപ്പ്,കടലപ്പരിപ്പ്
കടലപ്പരിപ്പും,കടലപ്പരിപ്പ്
കടലാടി,കടലാടി
കടലിടുക്ക്,കടലിടുക്ക്
കടലിടുക്കിനെ,കടലിടുക്ക്
കടലിടുക്കിനോട്,കടലിടുക്ക്
കടലിടുക്കിന്,കടലിടുക്ക്
കടലിടുക്കിനാൽ,കടലിടുക്ക്
കടലിടുക്കിന്റെ,കടലിടുക്ക്
കടലിടുക്കിൽ,കടലിടുക്ക്
കടലിടുക്കുകൾ,കടലിടുക്ക്
കടലിടുക്കും,കടലിടുക്ക്
കടലിടുക്കായ,കടലിടുക്ക്
കടലെടുപ്പ്,കടലെടുപ്പ്
കടലെടുപ്പിന്റെ,കടലെടുപ്പ്
കടൽ,കടൽ
കടല്,കടൽ
കടൽ,കടൽ
കടല്,കടൽ
കടൽക്കര,കടൽക്കര
കടൽക്കാക്ക,കടൽക്കാക്ക
കടൽപ്പുറങ്ങൾ,കടൽപ്പുറം
കടവ്,കടവ്
കടവിനെ,കടവ്
കടവിനോട്,കടവ്
കടവിന്,കടവ്
കടവിന്റെ,കടവ്
കടവിൽ,കടവ്
കടവുകൾ,കടവ്
കടവും,കടവ്
കടവ്,കടവ്
കടവിനെ,കടവ്
കടവിനോട്,കടവ്
കടവിന്,കടവ്
കടവിന്റെ,കടവ്
കടവിൽ,കടവ്
കടവുകൾ,കടവ്
കടവും,കടവ്
കടാക്ഷ,കടാക്ഷ
കടാര,കടാര
കടാഹ,കടാഹ
കടി,കടി
കടി,കടി
കടിക്കുക,കടിക്കുക
കടിച്ചു,കടിക്കുക
കടിക്കുന്ന,കടിക്കുക
കടിക്കുക,കടിക്കുക
കടിച്ചു,കടിക്കുക
കടിക്കുന്ന,കടിക്കുക
കടു,കടു
കടു,കടു
കടുക,കടുക
കടുന്നു,കടുക
കടുക,കടുക
കടുന്നു,കടുക
കടുക്,കടുക്
കടുകും,കടുക്
കടുക്,കടുക്
കടുകും,കടുക്
കടുക്ക,കടുക്ക
കടുക്കൻ,കടുക്കൻ
കടുക്കന്,കടുക്കൻ
കടുക്കുന്നു,കടുക്കുക
കടുക്കുന്ന,കടുക്കുക
കടുന്നു,കടുക്കുക
കടുക്കുന്നു,കടുക്കുക
കടുക്കുന്ന,കടുക്കുക
കടുന്നു,കടുക്കുക
കടുതല്,കടുതൽ
കടുപ്പം,കടുപ്പം
കടുപ്പവും,കടുപ്പം
കടുപ്പത്ത്,കടുപ്പം
കടുപ്പിച്ചു,കടുപ്പിക്കുക
കടുപ്പിക്കുന്നു,കടുപ്പിക്കുക
കടുവൻ,കടുവൻ
കടുവാ,കടുവൻ
കട്ട,കട്ട
കട്ട,കട്ട
കട്ടക്കാൽ,കട്ടക്കാൽ
കട്ടൻ,കട്ടൻ
കട്ടന്,കട്ടൻ
കട്ടായം,കട്ടായം
കട്ടി,കട്ടി
കട്ടി,കട്ടി
കട്ടില,കട്ടില
കട്ടിൽ,കട്ടിൽ
കട്ടില്,കട്ടിൽ
കട്ടിൽ,കട്ടിൽ
കട്ടില്,കട്ടിൽ
കട്ടിള,കട്ടിള
കട്ടിളപ്പടി,കട്ടിളപ്പടി
കട്ടുറുമ്പ്,കട്ടുറുമ്പ്
കട്ടുറുമ്പുകൾ,കട്ടുറുമ്പ്
കട്ട്,കട്ട്
കട്ടിന്റെ,കട്ട്
കട്ടിൽ,കട്ട്
കട്ടുകൾ,കട്ട്
കട്ടും,കട്ട്
കഠിന,കഠിന
കണ,കണ
കണ,കണ
കണം,കണം
കണങ്ങൾ,കണം
കണവും,കണം
കണക്കൻ,കണക്കൻ
കണക്കന്,കണക്കൻ
കണക്കുസാരം,കണക്കുസാരം
കണക്കെ,കണക്കെ
കണക്ക്,കണക്ക്
കണക്കിനെ,കണക്ക്
കണക്കിന്,കണക്ക്
കണക്കിന്റെ,കണക്ക്
കണക്കിൽ,കണക്ക്
കണക്കുകൾ,കണക്ക്
കണക്കും,കണക്ക്
കണക്കായ,കണക്ക്
കണക്ക്,കണക്ക്
കണക്കിനെ,കണക്ക്
കണക്കിന്,കണക്ക്
കണക്കിന്റെ,കണക്ക്
കണക്കിൽ,കണക്ക്
കണക്കുകൾ,കണക്ക്
കണക്കും,കണക്ക്
കണക്കായ,കണക്ക്
കണങ്കാൽ,കണങ്കാൽ
കണലി,കണലി
കണാ,കണാ
കണി,കണി
കണികാ,കണികാ
കണിച്ചു,കണിക്കുക
കണിയാരം,കണിയാരം
കണ്ട,കണ്ട
കണ്ട,കണ്ട
കണ്ടം,കണ്ടം
കണ്ടവും,കണ്ടം
കണ്ടത്ത്,കണ്ടം
കണ്ടക,കണ്ടക
കണ്ടൻ,കണ്ടൻ
കണ്ടനെ,കണ്ടൻ
കണ്ടനോട്,കണ്ടൻ
കണ്ടന്,കണ്ടൻ
കണ്ടന്റെ,കണ്ടൻ
കണ്ടാ,കണ്ടൻ
കണ്ടൻ,കണ്ടൻ
കണ്ടനെ,കണ്ടൻ
കണ്ടനോട്,കണ്ടൻ
കണ്ടന്,കണ്ടൻ
കണ്ടന്റെ,കണ്ടൻ
കണ്ടാ,കണ്ടൻ
കണ്ടൽ,കണ്ടൽ
കണ്ടല്,കണ്ടൽ
കണ്ടാലും,കണ്ടാലും
കണ്ടി,കണ്ടി
കണ്ടീ,കണ്ടി
കണ്ടി,കണ്ടി
കണ്ടീ,കണ്ടി
കണ്ടിയൂർ,കണ്ടിയൂർ
കണ്ടിയൂരിന്,കണ്ടിയൂർ
കണ്ടിയൂരിൽ,കണ്ടിയൂർ
കണ്ടുപിടിക്കുക,കണ്ടുപിടിക്കുക
കണ്ടുപിടിച്ചു,കണ്ടുപിടിക്കുക
കണ്ടുപിടിക്കുന്നു,കണ്ടുപിടിക്കുക
കണ്ടുപിടിക്കുന്ന,കണ്ടുപിടിക്കുക
കണ്ടുപിടിത്തം,കണ്ടുപിടിത്തം
കണ്ടുപിടിത്തങ്ങൾ,കണ്ടുപിടിത്തം
കണ്ടുപിടിത്തവും,കണ്ടുപിടിത്തം
കണ്ട്,കണ്ട്
കണ്ടാൽ,കണ്ട്
കണ്ടും,കണ്ട്
കണ്ഠം,കണ്ഠം
കണ്ഠവും,കണ്ഠം
കണ്ഠൻ,കണ്ഠൻ
കണ്ഠന്,കണ്ഠൻ
കണ്ഠാ,കണ്ഠൻ
കണ്ഠാ,കണ്ഠാ
കണ്ണ,കണ്ണ
കണ്ണകി,കണ്ണകി
കണ്ണകീ,കണ്ണകി
കണ്ണൻ,കണ്ണൻ
കണ്ണനെ,കണ്ണൻ
കണ്ണനോട്,കണ്ണൻ
കണ്ണന്,കണ്ണൻ
കണ്ണന്റെ,കണ്ണൻ
കണ്ണനിൽ,കണ്ണൻ
കണ്ണനും,കണ്ണൻ
കണ്ണാ,കണ്ണൻ
കണ്ണാടി,കണ്ണാടി
കണ്ണാടിമാളിക,കണ്ണാടിമാളിക
കണ്ണി,കണ്ണി
കണ്ണി,കണ്ണി
കണ്ണ്,കണ്ണ്
കണ്ണിനെ,കണ്ണ്
കണ്ണിനോട്,കണ്ണ്
കണ്ണിന്,കണ്ണ്
കണ്ണിൻ,കണ്ണ്
കണ്ണിന്റെ,കണ്ണ്
കണ്ണിൽ,കണ്ണ്
കണ്ണുകൾ,കണ്ണ്
കണ്ണും,കണ്ണ്
കണ്ണാം,കണ്ണ്
കണ്ണായ,കണ്ണ്
കണ്ണേ,കണ്ണ്
കണ്ണ്,കണ്ണ്
കണ്ണിനെ,കണ്ണ്
കണ്ണിനോട്,കണ്ണ്
കണ്ണിന്,കണ്ണ്
കണ്ണിൻ,കണ്ണ്
കണ്ണിന്റെ,കണ്ണ്
കണ്ണിൽ,കണ്ണ്
കണ്ണുകൾ,കണ്ണ്
കണ്ണും,കണ്ണ്
കണ്ണാം,കണ്ണ്
കണ്ണായ,കണ്ണ്
കണ്ണേ,കണ്ണ്
കൺ,കൺ
കൺ,കൺ
കൺകുരു,കൺകുരു
കൺകെട്ട്,കൺകെട്ട്
കതിരവൻ,കതിരവൻ
കതിരവന്,കതിരവൻ
കതിര്,കതിര്
കതിരിന്,കതിര്
കതിരിൽ,കതിര്
കതിരുകൾ,കതിര്
കതിരും,കതിര്
കതിരായ,കതിര്
കതിർ,കതിർ
കതിരിന്,കതിർ
കതിരിൽ,കതിർ
കതിരുകൾ,കതിർ
കതിരും,കതിർ
കതിർ,കതിർ
കതിരിന്,കതിർ
കതിരിൽ,കതിർ
കതിരുകൾ,കതിർ
കതിരും,കതിർ
കതിർപ്പ്,കതിർപ്പ്
കത്തി,കത്തി
കത്തി,കത്തി
കത്തിരി,കത്തിരി
കത്തിവേഷങ്ങൾ,കത്തിവേഷം
കത്തുക,കത്തുക
കത്തി,കത്തുക
കത്തുന്നു,കത്തുക
കത്തുന്ന,കത്തുക
കത്തുക,കത്തുക
കത്തി,കത്തുക
കത്തുന്നു,കത്തുക
കത്തുന്ന,കത്തുക
കത്ത്,കത്ത്
കത്തിനെ,കത്ത്
കത്തിനോട്,കത്ത്
കത്തിന്,കത്ത്
കത്തിന്റെ,കത്ത്
കത്തിൽ,കത്ത്
കത്തുകൾ,കത്ത്
കത്തും,കത്ത്
കത്താം,കത്ത്
കത്തുക,കത്ത്
കത്ത്,കത്ത്
കത്തിനെ,കത്ത്
കത്തിനോട്,കത്ത്
കത്തിന്,കത്ത്
കത്തിന്റെ,കത്ത്
കത്തിൽ,കത്ത്
കത്തുകൾ,കത്ത്
കത്തും,കത്ത്
കത്താം,കത്ത്
കത്തുക,കത്ത്
കത്രികപ്പൂട്ട്,കത്രികപ്പൂട്ട്
കത്രിക്കുക,കത്രിക്കുക
കഥക,കഥക
കഥന,കഥന
കഥാ,കഥാ
കഥിത,കഥിത
കഥിത,കഥിത
കഥ്,കഥ്
കന,കന
കനം,കനം
കനവും,കനം
കനത്ത്,കനം
കനം,കനം
കനവും,കനം
കനത്ത്,കനം
കനക,കനക
കനക്കുന്നു,കനക്കുക
കനക്കുന്ന,കനക്കുക
കനക്കുന്നു,കനക്കുക
കനക്കുന്ന,കനക്കുക
കനപ്പ്,കനപ്പ്
കനലി,കനലി
കനൽ,കനൽ
കനല്,കനൽ
കനവ്,കനവ്
കനവിൽ,കനവ്
കനവുകൾ,കനവ്
കനവും,കനവ്
കനാൻ,കനാൻ
കനി,കനി
കനി,കനി
കനിഞ്ഞു,കനിയുക
കനിയുന്ന,കനിയുക
കനിഞ്ഞു,കനിയുക
കനിയുന്ന,കനിയുക
കനിവ്,കനിവ്
കനിവിൻ,കനിവ്
കനിവിന്റെ,കനിവ്
കനിവും,കനിവ്
കനിവ്,കനിവ്
കനിവിൻ,കനിവ്
കനിവിന്റെ,കനിവ്
കനിവും,കനിവ്
കനിഷ്ഠ,കനിഷ്ഠ
കന്ദ,കന്ദ
കന്നവും,കന്നം
കന്നത്ത്,കന്നം
കന്നവും,കന്നം
കന്നത്ത്,കന്നം
കന്നഡം,കന്നഡം
കന്നാരം,കന്നാരം
കന്നി,കന്നി
കന്ന്,കന്ന്
കന്നുകൾ,കന്ന്
കന്ന്,കന്ന്
കന്നുകൾ,കന്ന്
കന്യകാ,കന്യകാ
കന്യാ,കന്യാ
കപട,കപട
കപില,കപില
കപിലർ,കപിലർ
കപിലരും,കപിലർ
കപ്പ,കപ്പ
കപ്പം,കപ്പം
കപ്പട,കപ്പട
കപ്പടം,കപ്പടം
കപ്പൽ,കപ്പൽ
കപ്പല്,കപ്പൽ
കപ്പൽ,കപ്പൽ
കപ്പല്,കപ്പൽ
കപ്പളം,കപ്പളം
കപ്പി,കപ്പി
കപ്പ്,കപ്പ്
കപ്പിനെ,കപ്പ്
കപ്പിന്,കപ്പ്
കപ്പിന്റെ,കപ്പ്
കപ്പിൽ,കപ്പ്
കപ്പുകൾ,കപ്പ്
കപ്പും,കപ്പ്
കപ്പായ,കപ്പ്
കപ്യാർ,കപ്യാർ
കപ്യാരെ,കപ്യാർ
കപ്യാരുടെ,കപ്യാർ
കപ്യാരും,കപ്യാർ
കപ്യാരേ,കപ്യാർ
കപ്ലിങ്ങാടൻ,കപ്ലിങ്ങാടൻ
കഫ,കഫ
കബളിപ്പിക്കുക,കബളിപ്പിക്കുക
കബളിപ്പിച്ചു,കബളിപ്പിക്കുക
കബളിപ്പിക്കുന്നു,കബളിപ്പിക്കുക
കബളിപ്പിക്കുന്ന,കബളിപ്പിക്കുക
കമ,കമ
കമ,കമ
കമണ്ഡലു,കമണ്ഡലു
കമനീയ,കമനീയ
കമല,കമല
കമല,കമല
കമലാ,കമലാ
കമഴ്ന്നു,കമഴുക
കമിഴ്ന്നു,കമിഴുക
കമിഴ്ന്നു,കമിഴുക
കമീസ്,കമീസ്
കമുക്,കമുക്
കമുകിന്,കമുക്
കമുകിൻ,കമുക്
കമുകിന്റെ,കമുക്
കമുകിൽ,കമുക്
കമുകുകൾ,കമുക്
കമുകും,കമുക്
കമാൽ,കമ്
കമിൽ,കമ്
കമായ,കമ്
കമ്പ,കമ്പ
കമ്പ,കമ്പ
കമ്പം,കമ്പം
കമ്പവും,കമ്പം
കമ്പത്ത്,കമ്പം
കമ്പനി,കമ്പനി
കമ്പരാമായണം,കമ്പരാമായണം
കമ്പർ,കമ്പർ
കമ്പർ,കമ്പർ
കമ്പളി,കമ്പളി
കമ്പി,കമ്പി
കമ്പി,കമ്പി
കമ്പിനി,കമ്പിനി
കമ്പിൻ,കമ്പിൻ
കമ്പിന്,കമ്പിൻ
കമ്പിന്റെ,കമ്പിൻ
കമ്പിയില്ലാക്കമ്പി,കമ്പിയില്ലാക്കമ്പി
കമ്പിളി,കമ്പിളി
കമ്പിളിവെട്ടി,കമ്പിളിവെട്ടി
കമ്പ്,കമ്പ്
കമ്പിന്,കമ്പ്
കമ്പിൻ,കമ്പ്
കമ്പിന്റെ,കമ്പ്
കമ്പിൽ,കമ്പ്
കമ്പുകൾ,കമ്പ്
കമ്പും,കമ്പ്
കമ്പ്,കമ്പ്
കമ്പിന്,കമ്പ്
കമ്പിൻ,കമ്പ്
കമ്പിന്റെ,കമ്പ്
കമ്പിൽ,കമ്പ്
കമ്പുകൾ,കമ്പ്
കമ്പും,കമ്പ്
കമ്മട്ടി,കമ്മട്ടി
കമ്മൽ,കമ്മൽ
കമ്മല്,കമ്മൽ
കമ്മാര,കമ്മാര
കമ്മി,കമ്മി
കമ്മീ,കമ്മി
കയ,കയ
കയം,കയം
കയവും,കയം
കയം,കയം
കയവും,കയം
കയർ,കയർ
കയറ്,കയർ
കയർ,കയർ
കയറ്,കയർ
കയർക്കുന്ന,കയർക്കുക
കയർക്കുന്ന,കയർക്കുക
കയറുക,കയറുക
കയറി,കയറുക
കയറുന്നു,കയറുക
കയറുന്ന,കയറുക
കയറുക,കയറുക
കയറി,കയറുക
കയറുന്നു,കയറുക
കയറുന്ന,കയറുക
കയറ്,കയറ്
കയറിനെ,കയറ്
കയറിനെ,കയറ്
കയറിന്,കയറ്
കയറിന്,കയറ്
കയറിന്റെ,കയറ്
കയറിന്റെ,കയറ്
കയറിൽ,കയറ്
കയറിൽ,കയറ്
കയറുകൾ,കയറ്
കയറുകൾ,കയറ്
കയറുകൾ,കയറ്
കയറും,കയറ്
കയറാം,കയറ്
കയറുക,കയറ്
കയറ്റം,കയറ്റം
കയറ്റങ്ങൾ,കയറ്റം
കയറ്റവും,കയറ്റം
കയറ്റുക,കയറ്റുക
കയറ്റി,കയറ്റുക
കയറ്റുന്നു,കയറ്റുക
കയറ്റുന്ന,കയറ്റുക
കയറ്റുമതി,കയറ്റുമതി
കയിൻ,കയ്
കയും,കയ്
കയ്ച്ചു,കയ്ക്കുക
കയ്ച്ചു,കയ്ക്കുക
കയ്പൻ,കയ്പൻ
കയ്പ്,കയ്പ്
കയ്പിന്റെ,കയ്പ്
കയ്പും,കയ്പ്
കയ്യൻ,കയ്യൻ
കയ്യാളുന്നു,കയ്യാളുക
കയ്യാളുന്ന,കയ്യാളുക
കയ്യിൽ,കയ്യിൽ
കയ്യില്,കയ്യിൽ
കയ്യ്,കയ്യ്
കയ്യാൽ,കയ്യ്
കയ്യിന്റെ,കയ്യ്
കയ്യിൽ,കയ്യ്
കയ്യും,കയ്യ്
കയ്യ്,കയ്യ്
കയ്യാൽ,കയ്യ്
കയ്യിന്റെ,കയ്യ്
കയ്യിൽ,കയ്യ്
കയ്യും,കയ്യ്
കര,കര
കര,കര
കരം,കരം
കരങ്ങൾ,കരം
കരവും,കരം
കരക,കരക
കരകം,കരകം
കരടി,കരടി
കരടി,കരടി
കരടിന്,കരടിൻ
കരടിന്റെ,കരടിൻ
കരട്,കരട്
കരടിന്,കരട്
കരടിന്റെ,കരട്
കരടിൽ,കരട്
കരടുകൾ,കരട്
കരടും,കരട്
കരടായ,കരട്
കരണ,കരണ
കരണ,കരണ
കരണം,കരണം
കരണങ്ങൾ,കരണം
കരണവും,കരണം
കരണത്ത്,കരണം
കരണി,കരണി
കരണീ,കരണി
കരണിനെ,കരണിൻ
കരണിന്റെ,കരണിൻ
കരണിനും,കരണിൻ
കരണീ,കരണീ
കരണീയ,കരണീയ
കരണ്ടി,കരണ്ടി
കരപ്പൻ,കരപ്പൻ
കരപ്പൻ,കരപ്പൻ
കരപ്പുറം,കരപ്പുറം
കരപ്പുറത്ത്,കരപ്പുറം
കരയുക,കരയുക
കരഞ്ഞു,കരയുക
കരയുന്നു,കരയുക
കരയുന്ന,കരയുക
കരയുക,കരയുക
കരഞ്ഞു,കരയുക
കരയുന്നു,കരയുക
കരയുന്ന,കരയുക
കരള,കരള
കരളുന്ന,കരളുക
കരളുന്ന,കരളുക
കരള്,കരള്
കരളിനെ,കരള്
കരളിനോട്,കരള്
കരളിന്,കരള്
കരളിന്റെ,കരള്
കരളിൽ,കരള്
കരളും,കരള്
കരൾ,കരൾ
കരളിന്റെ,കരൾ
കരളിൽ,കരൾ
കരളും,കരൾ
കരളേ,കരൾ
കരൾ,കരൾ
കരളിന്റെ,കരൾ
കരളിൽ,കരൾ
കരളും,കരൾ
കരളേ,കരൾ
കരാ,കരാ
കരാമത്,കരാമത്
കരാർ,കരാർ
കരാറുകാരൻ,കരാറുകാരൻ
കരാറുകാരനെ,കരാറുകാരൻ
കരാറുകാരനോട്,കരാറുകാരൻ
കരാറുകാരന്,കരാറുകാരൻ
കരാറുകാരന്റെ,കരാറുകാരൻ
കരാറുകാരനിൽ,കരാറുകാരൻ
കരാറുകാരനും,കരാറുകാരൻ
കരി,കരി
കരി,കരി
കരികാലന്റെ,കരികാലൻ
കരിക്കം,കരിക്കം
കരിക്കകം,കരിക്കകം
കരിക്കകവും,കരിക്കകം
കരിക്കകത്ത്,കരിക്കകം
കരിക്കൻ,കരിക്കൻ
കരിക്കനെ,കരിക്കൻ
കരിക്കന്,കരിക്കൻ
കരിക്കൽ,കരിക്കൽ
കരിച്ചു,കരിക്കുക
കരിച്ചു,കരിക്കുക
കരിങ്ങാലി,കരിങ്ങാലി
കരിഞ്ഞത്,കരിഞ്ഞത്
കരിഞ്ഞതിന്,കരിഞ്ഞത്
കരിനിലം,കരിനിലം
കരിനിലങ്ങൾ,കരിനിലം
കരിനിലത്ത്,കരിനിലം
കരിനീല,കരിനീല
കരിൻ,കരിൻ
കരിന്,കരിൻ
കരിപ്പെട്ടി,കരിപ്പെട്ടി
കരിമ,കരിമ
കരിമ,കരിമ
കരിമാടി,കരിമാടി
കരിമ്പൻ,കരിമ്പൻ
കരിമ്പനെ,കരിമ്പൻ
കരിമ്പന്,കരിമ്പൻ
കരിമ്പനാൽ,കരിമ്പൻ
കരിമ്പനിൽ,കരിമ്പൻ
കരിമ്പനും,കരിമ്പൻ
കരിമ്പാലർ,കരിമ്പാലർ
കരിമ്പ്,കരിമ്പ്
കരിമ്പിനെ,കരിമ്പ്
കരിമ്പിന്,കരിമ്പ്
കരിമ്പിൻ,കരിമ്പ്
കരിമ്പിന്റെ,കരിമ്പ്
കരിമ്പിൽ,കരിമ്പ്
കരിമ്പുകൾ,കരിമ്പ്
കരിമ്പും,കരിമ്പ്
കരിമ്പാം,കരിമ്പ്
കരിമ്പ്,കരിമ്പ്
കരിമ്പിനെ,കരിമ്പ്
കരിമ്പിന്,കരിമ്പ്
കരിമ്പിൻ,കരിമ്പ്
കരിമ്പിന്റെ,കരിമ്പ്
കരിമ്പിൽ,കരിമ്പ്
കരിമ്പുകൾ,കരിമ്പ്
കരിമ്പും,കരിമ്പ്
കരിമ്പാം,കരിമ്പ്
കരിഞ്ഞു,കരിയുക
കരിയുന്നു,കരിയുക
കരീര,കരീര
കരു,കരു
കരൂ,കരു
കരു,കരു
കരൂ,കരു
കരും,കരും
കരുവും,കരും
കരുത്ത്,കരും
കരുന്നു,കരുക്കുക
കരുക്ക്,കരുക്ക്
കരുക്കിൽ,കരുക്ക്
കരുണ,കരുണ
കരുണം,കരുണം
കരുണാ,കരുണാ
കരുണിനെ,കരുണിൻ
കരുണിന്,കരുണിൻ
കരുണിന്റെ,കരുണിൻ
കരുണിനും,കരുണിൻ
കരുതൽ,കരുതൽ
കരുതല്,കരുതൽ
കരുതുക,കരുതുക
കരുതുന്നു,കരുതുക
കരുതുന്ന,കരുതുക
കരുതിൽ,കരുത്
കരുതും,കരുത്
കരുതാം,കരുത്
കരുതുക,കരുത്
കരുത്തൻ,കരുത്തൻ
കരുത്തനെ,കരുത്തൻ
കരുത്തന്,കരുത്തൻ
കരുത്തന്റെ,കരുത്തൻ
കരുത്തനും,കരുത്തൻ
കരുത്ത്,കരുത്ത്
കരുത്തിനെ,കരുത്ത്
കരുത്തിന്,കരുത്ത്
കരുത്തിന്റെ,കരുത്ത്
കരുത്തിൽ,കരുത്ത്
കരുത്തും,കരുത്ത്
കരുത്തായ,കരുത്ത്
കരുത്ത്,കരുത്ത്
കരുത്തിനെ,കരുത്ത്
കരുത്തിന്,കരുത്ത്
കരുത്തിന്റെ,കരുത്ത്
കരുത്തിൽ,കരുത്ത്
കരുത്തും,കരുത്ത്
കരുത്തായ,കരുത്ത്
കരുമ,കരുമ
കരുമ,കരുമ
കരുമന,കരുമന
കരുമന,കരുമന
കരുവേലി,കരുവേലി
കരേറി,കരേറുക
കരേറുന്നു,കരേറുക
കരേറി,കരേറുക
കരേറുന്നു,കരേറുക
കർണം,കർണം
കർണീ,കർണീ
കർണാൽ,കർണ്
കർതൃ,കർതൃ
കർത്താവ്,കർത്താവ്
കർത്താവിനെ,കർത്താവ്
കർത്താവിനോട്,കർത്താവ്
കർത്താവിൻ,കർത്താവ്
കർത്താവിന്റെ,കർത്താവ്
കർത്താവും,കർത്താവ്
കർത്താവായ,കർത്താവ്
കർബല,കർബല
കർമ,കർമ
കർമൻ,കർമൻ
കർവ,കർവ
കർശന,കർശന
കർഷക,കർഷക
കറ,കറ
കറ,കറ
കറക്കുക,കറക്കുക
കറക്കുന്നു,കറക്കുക
കറക്കുന്ന,കറക്കുക
കറക്കി,കറക്കുക
കറന്നു,കറക്കുക
കറക്കുക,കറക്കുക
കറക്കുന്നു,കറക്കുക
കറക്കുന്ന,കറക്കുക
കറക്കി,കറക്കുക
കറന്നു,കറക്കുക
കറങ്ങുക,കറങ്ങുക
കറങ്ങുന്നു,കറങ്ങുക
കറങ്ങുന്ന,കറങ്ങുക
കറങ്ങുക,കറങ്ങുക
കറങ്ങുന്നു,കറങ്ങുക
കറങ്ങുന്ന,കറങ്ങുക
കറപ്പൻ,കറപ്പൻ
കറി,കറി
കറി,കറി
കറിമസാല,കറിമസാല
കറിയുപ്പ്,കറിയുപ്പ്
കറിയുപ്പിന്,കറിയുപ്പ്
കറിയുപ്പിന്റെ,കറിയുപ്പ്
കറുക,കറുക
കറി,കറുക
കറുക,കറുക
കറി,കറുക
കറുത്ത,കറുത്ത
കറുത്തപക്ഷവും,കറുത്തപക്ഷം
കറുത്തവാവ്,കറുത്തവാവ്
കറുത്തവാവിന്,കറുത്തവാവ്
കറുത്തവാവും,കറുത്തവാവ്
കറുപ്പ,കറുപ്പ
കറുപ്പൻ,കറുപ്പൻ
കറുപ്പനെ,കറുപ്പൻ
കറുപ്പന്,കറുപ്പൻ
കറുപ്പന്റെ,കറുപ്പൻ
കറുപ്പനും,കറുപ്പൻ
കറുപ്പൻ,കറുപ്പൻ
കറുപ്പനെ,കറുപ്പൻ
കറുപ്പന്,കറുപ്പൻ
കറുപ്പന്റെ,കറുപ്പൻ
കറുപ്പനും,കറുപ്പൻ
കറുപ്പസ്വാമി,കറുപ്പസ്വാമി
കറുപ്പ്,കറുപ്പ്
കറുപ്പിനെ,കറുപ്പ്
കറുപ്പിനോട്,കറുപ്പ്
കറുപ്പിന്,കറുപ്പ്
കറുപ്പിന്റെ,കറുപ്പ്
കറുപ്പിൽ,കറുപ്പ്
കറുപ്പും,കറുപ്പ്
കറുപ്പായ,കറുപ്പ്
കറുപ്പ്,കറുപ്പ്
കറുപ്പിനെ,കറുപ്പ്
കറുപ്പിനോട്,കറുപ്പ്
കറുപ്പിന്,കറുപ്പ്
കറുപ്പിന്റെ,കറുപ്പ്
കറുപ്പിൽ,കറുപ്പ്
കറുപ്പും,കറുപ്പ്
കറുപ്പായ,കറുപ്പ്
കറുമുറെ,കറുമുറെ
കറുവാ,കറുവാ
കറുവാപ്പട്ട,കറുവാപ്പട്ട
കറ്റ,കറ്റ
കറ്റ,കറ്റ
കറ്റാ,കറ്റൻ
കല,കല
കല,കല
കലം,കലം
കലങ്ങൾ,കലം
കലവും,കലം
കലത്ത്,കലം
കലം,കലം
കലങ്ങൾ,കലം
കലവും,കലം
കലത്ത്,കലം
കലക്കി,കലക്കി
കലക്ക്,കലക്ക്
കലക്കും,കലക്ക്
കലക്കാം,കലക്ക്
കലക്കുക,കലക്ക്
കലങ്കിന്റെ,കലങ്കിൻ
കലന,കലന
കലമാൻ,കലമാൻ
കലമാനെ,കലമാൻ
കലമാന്റെ,കലമാൻ
കലമാനുകൾ,കലമാൻ
കലമ്പുക,കലമ്പുക
കലമ്പുക,കലമ്പുക
കലമ്പുക,കലമ്പ്
കലർന്നു,കലരുക
കലര്ന്നു,കലരുക
കലരുന്നു,കലരുക
കലരുന്ന,കലരുക
കലർന്നു,കലരുക
കലര്ന്നു,കലരുക
കലരുന്നു,കലരുക
കലരുന്ന,കലരുക
കലരും,കലര്
കലർപ്പ്,കലർപ്പ്
കലർപ്പിന്റെ,കലർപ്പ്
കലർപ്പുകൾ,കലർപ്പ്
കലശ,കലശ
കലശം,കലശം
കലശങ്ങൾ,കലശം
കലശവും,കലശം
കലശാ,കലശൻ
കലഹ,കലഹ
കലഹിച്ചു,കലഹിക്കുക
കലഹിക്കുന്നു,കലഹിക്കുക
കലഹിക്കുന്ന,കലഹിക്കുക
കലാ,കലാ
കലാപ,കലാപ
കലാപം,കലാപം
കലാപങ്ങൾ,കലാപം
കലാപവും,കലാപം
കലാല്,കലാൽ
കലാശ,കലാശ
കലാശം,കലാശം
കലാശങ്ങൾ,കലാശം
കലി,കലി
കലി,കലി
കലിംഗ,കലിംഗ
കലിക,കലിക
കലിത,കലിത
കലിപ്പ്,കലിപ്പ്
കലിപ്പിന്റെ,കലിപ്പ്
കലിപ്പിൽ,കലിപ്പ്
കലിയൻ,കലിയൻ
കലുഷ,കലുഷ
കല്,കല്
കലെ,കല്
കലും,കല്
കലും,കല്
കലാം,കല്
കല്പം,കല്പം
കല്പക,കല്പക
കല്പന,കല്പന
കല്പനാ,കല്പനാ
കല്പിത,കല്പിത
കല്പ്,കല്പ്
കല്യാ,കല്യാ
കല്യാണ,കല്യാണ
കല്യാണം,കല്യാണം
കല്യാണവും,കല്യാണം
കല്യാണിനെ,കല്യാണിൻ
കല്യാണിന്,കല്യാണിൻ
കല്യാണിന്റെ,കല്യാണിൻ
കല്യാണിനും,കല്യാണിൻ
കല്യാണീ,കല്യാണീ
കല്ല,കല്ല
കല്ലൻ,കല്ലൻ
കല്ലന്,കല്ലൻ
കല്ലരയാൽ,കല്ലരയാൽ
കല്ലാട്,കല്ലാട്
കല്ലാട്ട്,കല്ലാട്
കല്ലാണി,കല്ലാണി
കല്ലായി,കല്ലായി
കല്ലാൽ,കല്ലാൽ
കല്ലാല്,കല്ലാൽ
കല്ലിടുക്കിൽ,കല്ലിടുക്ക്
കല്ലുപ്പ്,കല്ലുപ്പ്
കല്ലുമട,കല്ലുമട
കല്ലുരുട്ടി,കല്ലുരുട്ടി
കല്ലുവാഴ,കല്ലുവാഴ
കല്ലുവെട്ട്,കല്ലുവെട്ട്
കല്ലുവെള്ളി,കല്ലുവെള്ളി
കല്ലൂരി,കല്ലൂരി
കല്ല്,കല്ല്
കല്ലിനെ,കല്ല്
കല്ലിനെ,കല്ല്
കല്ലെ,കല്ല്
കല്ലോട്ട്,കല്ല്
കല്ലിന്,കല്ല്
കല്ലിന്,കല്ല്
കല്ലാൽ,കല്ല്
കല്ലിനാൽ,കല്ല്
കല്ലിനാൽ,കല്ല്
കല്ലാൽ,കല്ല്
കല്ലിന്റെ,കല്ല്
കല്ലിന്റെ,കല്ല്
കല്ലിൽ,കല്ല്
കല്ലിൽ,കല്ല്
കല്ലുകൾ,കല്ല്
കല്ലുകൾ,കല്ല്
കല്ലും,കല്ല്
കല്ലും,കല്ല്
കല്ലേ,കല്ല്
കല്ല്,കല്ല്
കല്ലിനെ,കല്ല്
കല്ലിനെ,കല്ല്
കല്ലെ,കല്ല്
കല്ലോട്ട്,കല്ല്
കല്ലിന്,കല്ല്
കല്ലിന്,കല്ല്
കല്ലാൽ,കല്ല്
കല്ലിനാൽ,കല്ല്
കല്ലിനാൽ,കല്ല്
കല്ലാൽ,കല്ല്
കല്ലിന്റെ,കല്ല്
കല്ലിന്റെ,കല്ല്
കല്ലിൽ,കല്ല്
കല്ലിൽ,കല്ല്
കല്ലുകൾ,കല്ല്
കല്ലുകൾ,കല്ല്
കല്ലും,കല്ല്
കല്ലും,കല്ല്
കല്ലേ,കല്ല്
കല്ഹണന്,കല്ഹണൻ
കല്ഹണന്റെ,കല്ഹണൻ
കൽ,കൽ
കല്,കൽ
കൽ,കൽ
കല്,കൽ
കൽക,കൽക
കൽക്കി,കൽക്കുക
കൽപ,കൽപ
കൽപന,കൽപന
കൽപനാ,കൽപനാ
കൽപിത,കൽപിത
കള,കള
കള,കള
കളം,കളം
കളങ്ങൾ,കളം
കളവും,കളം
കളം,കളം
കളങ്ങൾ,കളം
കളവും,കളം
കളക,കളക
കളക്റ്റർ,കളക്റ്റർ
കളത്തട്ട്,കളത്തട്ട്
കളത്തട്ടും,കളത്തട്ട്
കളത്ര,കളത്ര
കളമെഴുത്ത്,കളമെഴുത്ത്
കളമെഴുത്തിന്,കളമെഴുത്ത്
കളമെഴുത്തിൽ,കളമെഴുത്ത്
കളമെഴുത്തും,കളമെഴുത്ത്
കളമ്പാട്ട്,കളമ്പാട്ട്
കളയുക,കളയുക
കളഞ്ഞു,കളയുക
കളയുന്നു,കളയുക
കളയുന്ന,കളയുക
കളയുക,കളയുക
കളഞ്ഞു,കളയുക
കളയുന്നു,കളയുക
കളയുന്ന,കളയുക
കളരി,കളരി
കളരിപ്പയറ്റ്,കളരിപ്പയറ്റ്
കളരിപ്പയറ്റിന്റെ,കളരിപ്പയറ്റ്
കളരിപ്പയറ്റിന്റെ,കളരിപ്പയറ്റ്
കളരിപ്പയറ്റിൽ,കളരിപ്പയറ്റ്
കളരിപ്പയറ്റിൽ,കളരിപ്പയറ്റ്
കളരിപ്പയറ്റും,കളരിപ്പയറ്റ്
കളർ,കളർ
കളർ,കളർ
കളവ്,കളവ്
കളവിനെ,കളവ്
കളവുകൾ,കളവ്
കളവും,കളവ്
കളവായ,കളവ്
കളവ്,കളവ്
കളവിനെ,കളവ്
കളവുകൾ,കളവ്
കളവും,കളവ്
കളവായ,കളവ്
കളി,കളി
കളി,കളി
കളിക്കുക,കളിക്കുക
കളിച്ചു,കളിക്കുക
കളിക്കുന്നു,കളിക്കുക
കളിക്കുന്ന,കളിക്കുക
കളിക്കൂട്ടുകാർ,കളിക്കൂട്ടുകാർ
കളിക്കൂട്ടുകാരും,കളിക്കൂട്ടുകാർ
കളിപ്പാട്ടം,കളിപ്പാട്ടം
കളിപ്പാട്ടങ്ങൾ,കളിപ്പാട്ടം
കളിപ്പാട്ടവും,കളിപ്പാട്ടം
കളിപ്പാവ,കളിപ്പാവ
കളിയത്ത്,കളിയം
കളിയടയ്ക്ക,കളിയടയ്ക്ക
കളിയാക്കുക,കളിയാക്കുക
കളിയാക്കുന്നു,കളിയാക്കുക
കളിയാക്കുന്ന,കളിയാക്കുക
കളിയാക്കി,കളിയാക്കുക
കളിയാടുന്നു,കളിയാടുക
കളിയാടുന്ന,കളിയാടുക
കളിയാട്ടം,കളിയാട്ടം
കളിയാട്ടവും,കളിയാട്ടം
കള്ളം,കള്ളം
കള്ളങ്ങൾ,കള്ളം
കള്ളവും,കള്ളം
കള്ളക്കടത്ത്,കള്ളക്കടത്ത്
കള്ളക്കടത്തിന്,കള്ളക്കടത്ത്
കള്ളക്കടത്തിന്റെ,കള്ളക്കടത്ത്
കള്ളക്കടത്തിൽ,കള്ളക്കടത്ത്
കള്ളക്കടത്തുകൾ,കള്ളക്കടത്ത്
കള്ളക്കടത്തും,കള്ളക്കടത്ത്
കള്ളക്കളി,കള്ളക്കളി
കള്ളച്ചൂത്,കള്ളച്ചൂത്
കള്ളച്ചൂതിന്,കള്ളച്ചൂത്
കള്ളച്ചൂതിൽ,കള്ളച്ചൂത്
കള്ളത്തെളിവ്,കള്ളത്തെളിവ്
കള്ളനാണയം,കള്ളനാണയം
കള്ളൻ,കള്ളൻ
കള്ളനെ,കള്ളൻ
കള്ളനോട്,കള്ളൻ
കള്ളന്,കള്ളൻ
കള്ളന്റെ,കള്ളൻ
കള്ളന്മാർ,കള്ളൻ
കള്ളനും,കള്ളൻ
കള്ളൻ,കള്ളൻ
കള്ളനെ,കള്ളൻ
കള്ളനോട്,കള്ളൻ
കള്ളന്,കള്ളൻ
കള്ളന്റെ,കള്ളൻ
കള്ളന്മാർ,കള്ളൻ
കള്ളനും,കള്ളൻ
കള്ളപ്പണം,കള്ളപ്പണം
കള്ളപ്പണവും,കള്ളപ്പണം
കള്ളപ്പേര്,കള്ളപ്പേര്
കള്ളപ്പേരിൽ,കള്ളപ്പേര്
കള്ളർ,കള്ളർ
കള്ളി,കള്ളി
കള്ളി,കള്ളി
കള്ളിമുണ്ടും,കള്ളിമുണ്ട്
കള്ളിമുള്ളിന്റെ,കള്ളിമുള്ള്
കള്ളുചെത്ത്,കള്ളുചെത്ത്
കള്ളുചെത്തിന്,കള്ളുചെത്ത്
കള്ള്,കള്ള്
കള്ളിനെ,കള്ള്
കള്ളിന്,കള്ള്
കള്ളിന്റെ,കള്ള്
കള്ളിൽ,കള്ള്
കള്ളും,കള്ള്
കള്ള്,കള്ള്
കള്ളിനെ,കള്ള്
കള്ളിന്,കള്ള്
കള്ളിന്റെ,കള്ള്
കള്ളിൽ,കള്ള്
കള്ളും,കള്ള്
കൾ,കൾ
കളെ,കൾ
കളോട്,കൾ
കളുടെ,കൾ
കളിൽ,കൾ
കൾക്കാർ,കൾ
കളും,കൾ
കളേ,കൾ
കൾ,കൾ
കളെ,കൾ
കളോട്,കൾ
കളുടെ,കൾ
കളിൽ,കൾ
കൾക്കാർ,കൾ
കളും,കൾ
കളേ,കൾ
കഴ,കഴ
കഴ,കഴ
കഴകം,കഴകം
കഴകങ്ങൾ,കഴകം
കഴകവും,കഴകം
കഴകക്കാരൻ,കഴകക്കാരൻ
കഴകത്തിന്,കഴകത്ത്
കഴകത്തിന്റെ,കഴകത്ത്
കഴകത്തിൽ,കഴകത്ത്
കഴഞ്ച്,കഴഞ്ച്
കഴഞ്ച്,കഴഞ്ച്
കഴനി,കഴനി
കഴമ്പ്,കഴമ്പ്
കഴയ്ക്കുന്ന,കഴയ്ക്കുക
കഴയ്ക്കുന്ന,കഴയ്ക്കുക
കഴലവീക്കം,കഴലവീക്കം
കഴി,കഴി
കഴി,കഴി
കഴിക്കുക,കഴിക്കുക
കഴിച്ചു,കഴിക്കുക
കഴിക്കുന്നു,കഴിക്കുക
കഴിക്കുന്ന,കഴിക്കുക
കഴിക്കുക,കഴിക്കുക
കഴിച്ചു,കഴിക്കുക
കഴിക്കുന്നു,കഴിക്കുക
കഴിക്കുന്ന,കഴിക്കുക
കഴിച്ചുകൂട്ടുന്നു,കഴിച്ചുകൂട്ടുക
കഴിച്ചുകൂട്ടുന്ന,കഴിച്ചുകൂട്ടുക
കഴിച്ച്,കഴിച്ച്
കഴിച്ചാൽ,കഴിച്ച്
കഴിച്ചും,കഴിച്ച്
കഴിഞ്ഞുകൂടുക,കഴിഞ്ഞുകൂടുക
കഴിഞ്ഞുകൂടുന്നു,കഴിഞ്ഞുകൂടുക
കഴിഞ്ഞുകൂടുന്ന,കഴിഞ്ഞുകൂടുക
കഴിപ്പ്,കഴിപ്പ്
കഴിയുക,കഴിയുക
കഴിഞ്ഞു,കഴിയുക
കഴിയുന്നു,കഴിയുക
കഴിയുന്ന,കഴിയുക
കഴിയുക,കഴിയുക
കഴിഞ്ഞു,കഴിയുക
കഴിയുന്നു,കഴിയുക
കഴിയുന്ന,കഴിയുക
കഴിവ്,കഴിവ്
കഴിവിനെ,കഴിവ്
കഴിവിന്,കഴിവ്
കഴിവാൽ,കഴിവ്
കഴിവിന്റെ,കഴിവ്
കഴിവിൽ,കഴിവ്
കഴിവുകൾ,കഴിവ്
കഴിവും,കഴിവ്
കഴുകൻ,കഴുകൻ
കഴുകനെ,കഴുകൻ
കഴുകനോട്,കഴുകൻ
കഴുകന്,കഴുകൻ
കഴുകന്റെ,കഴുകൻ
കഴുകന്മാർ,കഴുകൻ
കഴുകുക,കഴുകുക
കഴുകുന്നു,കഴുകുക
കഴുകുന്ന,കഴുകുക
കഴുകുക,കഴുകുക
കഴുകുന്നു,കഴുകുക
കഴുകുന്ന,കഴുകുക
കഴുകും,കഴുക്
കഴുകാം,കഴുക്
കഴുകുക,കഴുക്
കഴുത,കഴുത
കഴുത,കഴുത
കഴുത്തറുപ്പൻ,കഴുത്തറുപ്പൻ
കഴുത്തറുപ്പന്,കഴുത്തറുപ്പൻ
കഴുത്താരവും,കഴുത്താരം
കഴുത്ത്,കഴുത്ത്
കഴുത്തിനെ,കഴുത്ത്
കഴുത്തിന്,കഴുത്ത്
കഴുത്തിന്റെ,കഴുത്ത്
കഴുത്തിൽ,കഴുത്ത്
കഴുത്തുകൾ,കഴുത്ത്
കഴുത്തും,കഴുത്ത്
കഴുത്ത്,കഴുത്ത്
കഴുത്തിനെ,കഴുത്ത്
കഴുത്തിന്,കഴുത്ത്
കഴുത്തിന്റെ,കഴുത്ത്
കഴുത്തിൽ,കഴുത്ത്
കഴുത്തുകൾ,കഴുത്ത്
കഴുത്തും,കഴുത്ത്
കഴുപ്പും,കഴുപ്പ്
കഴുമരം,കഴുമരം
കഴുവേറീ,കഴുവേറി
കവ,കവ
കവ,കവ
കവച,കവച
കവഞ്ചി,കവഞ്ചി
കവടി,കവടി
കവണി,കവണി
കവനം,കവനം
കവര,കവര
കവര,കവര
കവരുക,കവരുക
കവർന്നു,കവരുക
കവര്ന്നു,കവരുക
കവരുന്നു,കവരുക
കവരുന്ന,കവരുക
കവർ,കവർ
കവരും,കവർ
കവർ,കവർ
കവരും,കവർ
കവർന്നു,കവർക്കുക
കവർച്ച,കവർച്ച
കവറിന്,കവറ്
കവറിന്,കവറ്
കവറിന്റെ,കവറ്
കവറിന്റെ,കവറ്
കവറിൽ,കവറ്
കവറിൽ,കവറ്
കവറുകൾ,കവറ്
കവറുകൾ,കവറ്
കവറുകൾ,കവറ്
കവറും,കവറ്
കവറിന്,കവറ്
കവറിന്,കവറ്
കവറിന്റെ,കവറ്
കവറിന്റെ,കവറ്
കവറിൽ,കവറ്
കവറിൽ,കവറ്
കവറുകൾ,കവറ്
കവറുകൾ,കവറ്
കവറുകൾ,കവറ്
കവറും,കവറ്
കവല,കവല
കവല,കവല
കവലൈ,കവലൈ
കവള,കവള
കവാട,കവാട
കവി,കവി
കവി,കവി
കവിടി,കവിടി
കവിത,കവിത
കവിതാ,കവിതാ
കവിഞ്ഞു,കവിയുക
കവിയുന്നു,കവിയുക
കവിയുന്ന,കവിയുക
കവിഞ്ഞു,കവിയുക
കവിയുന്നു,കവിയുക
കവിയുന്ന,കവിയുക
കവിൾ,കവിൾ
കവിളിന്റെ,കവിൾ
കവിളിൽ,കവിൾ
കവിളുകൾ,കവിൾ
കവിളും,കവിൾ
കവിന്,കവ്
കവും,കവ്
കശകശ,കശകശ
കശക്കുന്നു,കശക്കുക
കശക്കി,കശക്കുക
കശാപ്പുകാരൻ,കശാപ്പുകാരൻ
കശാപ്പുകാരനെ,കശാപ്പുകാരൻ
കശാപ്പുകാരന്റെ,കശാപ്പുകാരൻ
കശാപ്പുകാരനും,കശാപ്പുകാരൻ
കശാപ്പുശാല,കശാപ്പുശാല
കശ്യപ,കശ്യപ
കഷണം,കഷണം
കഷണങ്ങൾ,കഷണം
കഷണവും,കഷണം
കഷാ,കഷാ
കഷായ,കഷായ
കഷ്,കഷ്
കഷിന്,കഷ്
കഷായ,കഷ്
കഷ്ട,കഷ്ട
കഷ്ടപ്പെടുന്നു,കഷ്ടപ്പെടുക
കഷ്ടപ്പെടുന്ന,കഷ്ടപ്പെടുക
കഷ്ടി,കഷ്ടി
കഷ്ടിച്ചു,കഷ്ടിക്കുക
കഷ്ടിച്ചു,കഷ്ടിക്കുക
കഷ്ടിപിഷ്ടി,കഷ്ടിപിഷ്ടി
കഷ്ണം,കഷ്ണം
കഷ്ണങ്ങൾ,കഷ്ണം
കഷ്ണവും,കഷ്ണം
കസ,കസ
കസവും,കസം
കസബ,കസബ
കസർത്ത്,കസർത്ത്
കസറി,കസറുക
കസവുതട്ടം,കസവുതട്ടം
കസായി,കസായി
കസ്,കസ്
കസിന്,കസ്
കസിൻ,കസ്
കസിന്റെ,കസ്
കസ്രത്ത്,കസ്രത്ത്
കാ,കാ
കാ,കാ
കാംക്ഷിക്കുക,കാംക്ഷിക്കുക
കാംക്ഷിക്കുന്നു,കാംക്ഷിക്കുക
കാംക്ഷിക്കുന്ന,കാംക്ഷിക്കുക
കാക,കാക
കാകളി,കാകളി
കാകളി,കാകളി
കാകാ,കാകാ
കാകി,കാകി
കാകിനീ,കാകിനി
കാക്ക,കാക്ക
കാക്കക്കുയില്,കാക്കക്കുയിൽ
കാക്കണം,കാക്കണം
കാക്കത്തമ്പുരാട്ടി,കാക്കത്തമ്പുരാട്ടി
കാക്കുക,കാക്കുക
കാക്കുന്നു,കാക്കുക
കാക്കുന്ന,കാക്കുക
കാക്കി,കാക്കുക
കാക്കുക,കാക്കുക
കാക്കുന്നു,കാക്കുക
കാക്കുന്ന,കാക്കുക
കാക്കി,കാക്കുക
കാച്ചല്,കാച്ചൽ
കാച്ചി,കാച്ചി
കാച്ചി,കാച്ചി
കാച്ചിൽ,കാച്ചിൽ
കാച്ചില്,കാച്ചിൽ
കാച്ചിൽ,കാച്ചിൽ
കാച്ചില്,കാച്ചിൽ
കാച്ച്,കാച്ച്
കാച്ചിൽ,കാച്ച്
കാച്ചും,കാച്ച്
കാഞ്ചി,കാഞ്ചി
കാഞ്ചി,കാഞ്ചി
കാട,കാട
കാടത്തം,കാടത്തം
കാടത്തവും,കാടത്തം
കാടൻ,കാടൻ
കാടന്,കാടൻ
കാടന്റെ,കാടൻ
കാടന്മാർ,കാടൻ
കാടി,കാടി
കാടി,കാടി
കാടിളക്കി,കാടിളക്കുക
കാടുവെട്ടി,കാടുവെട്ടി
കാട്,കാട്
കാടിനെ,കാട്
കാടിനോട്,കാട്
കാടിന്,കാട്
കാടിനാൽ,കാട്
കാടിന്റെ,കാട്
കാടുകൾ,കാട്
കാടും,കാട്
കാട്ട്,കാട്
കാട്,കാട്
കാടിനെ,കാട്
കാടിനോട്,കാട്
കാടിന്,കാട്
കാടിനാൽ,കാട്
കാടിന്റെ,കാട്
കാടുകൾ,കാട്
കാടും,കാട്
കാട്ട്,കാട്
കാട്ടകത്ത്,കാട്ടകം
കാട്ടി,കാട്ടി
കാട്ടുക,കാട്ടുക
കാട്ടുന്നു,കാട്ടുക
കാട്ടുന്ന,കാട്ടുക
കാട്ടുകള്ളൻ,കാട്ടുകള്ളൻ
കാട്ടുകള്ളന്,കാട്ടുകള്ളൻ
കാട്ടുകഴുത,കാട്ടുകഴുത
കാട്ടുമൃഗങ്ങൾ,കാട്ടുമൃഗം
കാട്ടുമൃഗവും,കാട്ടുമൃഗം
കാട്ടുമൈന,കാട്ടുമൈന
കാട്ടുവഴി,കാട്ടുവഴി
കർത്താവ്,കർത്താവ്
കർത്താവിനെ,കർത്താവ്
കർത്താവിനോട്,കർത്താവ്
കർത്താവിൻ,കർത്താവ്
കർത്താവിന്റെ,കർത്താവ്
കർത്താവും,കർത്താവ്
കർത്താവായ,കർത്താവ്
കാണം,കാണം
കാണത്ത്,കാണം
കാണം,കാണം
കാണത്ത്,കാണം
കാണക്കാരന്,കാണക്കാരൻ
കാണൻ,കാണൻ
കാണന്,കാണൻ
കാണനും,കാണൻ
കാണാ,കാണൻ
കാണാ,കാണാ
കാണാ,കാണാ
കാണാച്ചെലവുകൾ,കാണാച്ചെലവ്
കാണാപ്പാഠം,കാണാപ്പാഠം
കാണി,കാണി
കാണി,കാണി
കാണിക്ക,കാണിക്ക
കാണിക്കാരന്,കാണിക്കാരൻ
കാണുക,കാണുക
കാണുന്നു,കാണുക
കാണുന്ന,കാണുക
കാണുക,കാണുക
കാണുന്നു,കാണുക
കാണുന്ന,കാണുക
കാതം,കാതം
കാതങ്ങൾ,കാതം
കാതര,കാതര
കാതര,കാതര
കാതൽ,കാതൽ
കാതല്,കാതൽ
കാതി,കാതി
കാതുകുത്ത്,കാതുകുത്ത്
കാത്,കാത്
കാതിനെ,കാത്
കാതിന്,കാത്
കാതിന്റെ,കാത്
കാതിൽ,കാത്
കാതുകൾ,കാത്
കാതും,കാത്
കാത്,കാത്
കാതിനെ,കാത്
കാതിന്,കാത്
കാതിന്റെ,കാത്
കാതിൽ,കാത്
കാതുകൾ,കാത്
കാതും,കാത്
കാത്യ,കാത്യ
കാത്യായനി,കാത്യായനി
കാത്യായനീ,കാത്യായനി
കാദംബരി,കാദംബരി
കാദംബരീ,കാദംബരി
കാദംബിനി,കാദംബിനി
കാന,കാന
കാനം,കാനം
കാനവും,കാനം
കാനത്ത്,കാനം
കാനന,കാനന
കാനനം,കാനനം
കാനൽ,കാനൽ
കാനല്,കാനൽ
കാനാ,കാനാ
കാനൂല്,കാനൂൽ
കാന്ത,കാന്ത
കാന്തം,കാന്തം
കാന്തൻ,കാന്തൻ
കാന്തന്,കാന്തൻ
കാന്തന്റെ,കാന്തൻ
കാന്താ,കാന്തൻ
കാന്താ,കാന്താ
കാന്താരവും,കാന്താരം
കാന്താരി,കാന്താരി
കാന്താരി,കാന്താരി
കാന്തി,കാന്തി
കാന്തിമതാം,കാന്തിമത്
കാന്ത്,കാന്ത്
കാന്തിനെ,കാന്ത്
കാന്തിന്റെ,കാന്ത്
കാപാലീ,കാപാലി
കാപ്പ,കാപ്പ
കാപ്പ്,കാപ്പ്
കാപ്പിൽ,കാപ്പ്
കാപ്പ്,കാപ്പ്
കാപ്പിൽ,കാപ്പ്
കാമ,കാമ
കാമം,കാമം
കാമവും,കാമം
കാമത്ത്,കാമം
കാമകല,കാമകല
കാമദേവൻ,കാമദേവൻ
കാമദേവനെ,കാമദേവൻ
കാമദേവന്,കാമദേവൻ
കാമദേവന്റെ,കാമദേവൻ
കാമധേനു,കാമധേനു
കാമൻ,കാമൻ
കാമനെ,കാമൻ
കാമന്,കാമൻ
കാമന്റെ,കാമൻ
കാമാ,കാമൻ
കാമരൂപ,കാമരൂപ
കാമരൂപം,കാമരൂപം
കാമല,കാമല
കാമല,കാമല
കാമലിന്റെ,കാമലിൻ
കാമസൂത്രം,കാമസൂത്രം
കാമാക്ഷി,കാമാക്ഷി
കാമാഖ്യ,കാമാഖ്യ
കാമി,കാമി
കാമീ,കാമി
കാമിച്ചു,കാമിക്കുക
കാമിനി,കാമിനി
കാമില,കാമില
കാമുക,കാമുക
കാമുക,കാമുക
കാമുകൻ,കാമുകൻ
കാമുകനെ,കാമുകൻ
കാമുകനോട്,കാമുകൻ
കാമുകന്,കാമുകൻ
കാമുകന്റെ,കാമുകൻ
കാമുകനിൽ,കാമുകൻ
കാമുകനും,കാമുകൻ
കാമുകാ,കാമുകൻ
കാമുകി,കാമുകി
കാമുകീ,കാമുകി
കാമുകീ,കാമുകീ
കാമേശ്വരനെ,കാമേശ്വരൻ
കാമേശ്വരന്,കാമേശ്വരൻ
കാമേശ്വരന്റെ,കാമേശ്വരൻ
കാമ്പിത്താൻ,കാമ്പിത്താൻ
കാമ്പിത്താന്,കാമ്പിത്താൻ
കാമ്പ്,കാമ്പ്
കാമ്പിനെ,കാമ്പ്
കാമ്പോട്ട്,കാമ്പ്
കാമ്പിന്,കാമ്പ്
കാമ്പിന്റെ,കാമ്പ്
കാമ്പിൽ,കാമ്പ്
കാമ്പും,കാമ്പ്
കാമ്പായ,കാമ്പ്
കാമ്പ്,കാമ്പ്
കാമ്പിനെ,കാമ്പ്
കാമ്പോട്ട്,കാമ്പ്
കാമ്പിന്,കാമ്പ്
കാമ്പിന്റെ,കാമ്പ്
കാമ്പിൽ,കാമ്പ്
കാമ്പും,കാമ്പ്
കാമ്പായ,കാമ്പ്
കാമ്യ,കാമ്യ
കായ,കായ
കായം,കായം
കായവും,കായം
കായം,കായം
കായവും,കായം
കായക,കായക
കായക്കഞ്ഞി,കായക്കഞ്ഞി
കായങ്കുളം,കായങ്കുളം
കായചികിത്സ,കായചികിത്സ
കായൽ,കായൽ
കായല്,കായൽ
കായൽപ്പാടത്ത്,കായൽപ്പാടം
കായവ്യൂഹം,കായവ്യൂഹം
കായസ്ഥ,കായസ്ഥ
കാഞ്ഞു,കായുക
കായുന്ന,കായുക
കാഞ്ഞു,കായുക
കായുന്ന,കായുക
കായ്,കായ്
കായിൽ,കായ്
കായും,കായ്
കായാം,കായ്
കായ്ച്ചു,കായ്ക്കുക
കായ്ക്കുന്നു,കായ്ക്കുക
കായ്ക്കുന്ന,കായ്ക്കുക
കായ്ച്ചു,കായ്ക്കുക
കായ്ക്കുന്നു,കായ്ക്കുക
കായ്ക്കുന്ന,കായ്ക്കുക
കാര,കാര
കാര,കാര
കാരം,കാരം
കാരങ്ങൾ,കാരം
കാരവും,കാരം
കാരം,കാരം
കാരങ്ങൾ,കാരം
കാരവും,കാരം
കാരക,കാരക
കാരകന്,കാരകൻ
കാരകനും,കാരകൻ
കാരകിൽ,കാരകിൽ
കാരണ,കാരണ
കാരണം,കാരണം
കാരണങ്ങൾ,കാരണം
കാരണവും,കാരണം
കാരണത്ത്,കാരണം
കാരണനും,കാരണൻ
കാരണവൻ,കാരണവൻ
കാരണവന്മാർ,കാരണവൻ
കാരണവാ,കാരണവൻ
കാരണശരീരം,കാരണശരീരം
കാരൻ,കാരൻ
കാരനെ,കാരൻ
കാരന്,കാരൻ
കാരന്റെ,കാരൻ
കാരനിൽ,കാരൻ
കാരന്മാർ,കാരൻ
കാരനും,കാരൻ
കാരാ,കാരൻ
കാരൻ,കാരൻ
കാരനെ,കാരൻ
കാരന്,കാരൻ
കാരന്റെ,കാരൻ
കാരനിൽ,കാരൻ
കാരന്മാർ,കാരൻ
കാരനും,കാരൻ
കാരാ,കാരൻ
കാരമുള്ള്,കാരമുള്ള്
കാരമുള്ളിന്റെ,കാരമുള്ള്
കാരമുള്ളുകൾ,കാരമുള്ള്
കാരയ്ക്ക,കാരയ്ക്ക
കാരവല്ലി,കാരവല്ലി
കാരാടൻ,കാരാടൻ
കാരാടന്,കാരാടൻ
കാരാണ്മ,കാരാണ്മ
കാരാണ്മ,കാരാണ്മ
കാരായ്മ,കാരായ്മ
കാരാളർ,കാരാളർ
കാരാഴ്മ,കാരാഴ്മ
കാരാഴ്മ,കാരാഴ്മ
കാരി,കാരി
കാരീ,കാരി
കാരിക,കാരിക
കാരിൻ,കാരിൻ
കാരീ,കാരീ
കാരു,കാരു
കാരൂ,കാരു
കാരു,കാരു
കാരൂ,കാരു
കാർന്നു,കാരുക
കാര്ന്നു,കാരുക
കാർന്നു,കാരുക
കാര്ന്നു,കാരുക
കാരുണ്യ,കാരുണ്യ
കാര്യ,കാര്യ
കാര്യം,കാര്യം
കാര്യങ്ങൾ,കാര്യം
കാര്യവും,കാര്യം
കാര്യത്ത്,കാര്യം
കാര്യകാരി,കാര്യകാരി
കാര്യകാരീ,കാര്യകാരി
കാര്യക്കാരന്,കാര്യക്കാരൻ
കാര്യക്കാർ,കാര്യക്കാർ
കാര്യക്കാരോട്,കാര്യക്കാർ
കാര്യക്കാരുടെ,കാര്യക്കാർ
കാര്യക്രമം,കാര്യക്രമം
കാര്യക്രമവും,കാര്യക്രമം
കാര്യക്ഷമത,കാര്യക്ഷമത
കാര്യഗൗരവം,കാര്യഗൗരവം
കാര്യദർശി,കാര്യദർശി
കാര്യനിർവഹണം,കാര്യനിർവഹണം
കാര്യബോധം,കാര്യബോധം
കാര്യമായ,കാര്യമായ
കാര്യലാഭം,കാര്യലാഭം
കാര്യശേഷി,കാര്യശേഷി
കാര്യസാധ്യം,കാര്യസാധ്യം
കാര്യസിദ്ധി,കാര്യസിദ്ധി
കാര്യസിദ്ധീ,കാര്യസിദ്ധി
കാര്യസ്ഥ,കാര്യസ്ഥ
കാര്യസ്ഥൻ,കാര്യസ്ഥൻ
കാര്യസ്ഥനോട്,കാര്യസ്ഥൻ
കാര്യസ്ഥന്,കാര്യസ്ഥൻ
കാര്യസ്ഥന്റെ,കാര്യസ്ഥൻ
കാര്യസ്ഥനും,കാര്യസ്ഥൻ
കാര്യസ്ഥൻ,കാര്യസ്ഥൻ
കാര്യസ്ഥനോട്,കാര്യസ്ഥൻ
കാര്യസ്ഥന്,കാര്യസ്ഥൻ
കാര്യസ്ഥന്റെ,കാര്യസ്ഥൻ
കാര്യസ്ഥനും,കാര്യസ്ഥൻ
കാര്യാ,കാര്യാ
കാര്യാലയം,കാര്യാലയം
കാര്യാലയങ്ങൾ,കാര്യാലയം
കാര്യാലയവും,കാര്യാലയം
കാർ,കാർ
കാരെ,കാർ
കാരോട്,കാർ
കാരുടെ,കാർ
കാരിൽ,കാർ
കാരും,കാർ
കാറ്,കാർ
കാരേ,കാർ
കാർക്കശ്യം,കാർക്കശ്യം
കാർക്കശ്യവും,കാർക്കശ്യം
കാർക്കിച്ചു,കാർക്കിക്കുക
കാർന്നു,കാർക്കുക
കാർത്തവീര്യൻ,കാർത്തവീര്യൻ
കാർത്തവീര്യനെ,കാർത്തവീര്യൻ
കാർത്തവീര്യന്റെ,കാർത്തവീര്യൻ
കാർത്തവീര്യനും,കാർത്തവീര്യൻ
കാർത്തി,കാർത്തി
കാർത്തിക,കാർത്തിക
കാർത്തികം,കാർത്തികം
കാർത്തികൻ,കാർത്തികൻ
കാർത്തികനും,കാർത്തികൻ
കാർത്തികാ,കാർത്തികൻ
കാർത്തികപൂജ,കാർത്തികപൂജ
കാർത്തികേയൻ,കാർത്തികേയൻ
കാർത്തികേയനെ,കാർത്തികേയൻ
കാർത്തികേയന്,കാർത്തികേയൻ
കാർത്തികേയന്റെ,കാർത്തികേയൻ
കാർത്തികേയനും,കാർത്തികേയൻ
കാർത്യായനി,കാർത്യായനി
കാർത്യായനീ,കാർത്യായനി
കാർപ്പ്,കാർപ്പ്
കാർപ്പ്,കാർപ്പ്
കാർമൻ,കാർമൻ
കാർമികൻ,കാർമികൻ
കാർമികന്,കാർമികൻ
കാർമികനും,കാർമികൻ
കാർമുകിൽ,കാർമുകിൽ
കാർമേഘം,കാർമേഘം
കാർമേഘങ്ങൾ,കാർമേഘം
കാർവർണൻ,കാർവർണൻ
കാറ,കാറ
കാറി,കാറുക
കാറി,കാറുക
കാറ്,കാറ്
കാറിനെ,കാറ്
കാറിനെ,കാറ്
കാറിന്,കാറ്
കാറിന്,കാറ്
കാറിന്റെ,കാറ്
കാറിന്റെ,കാറ്
കാറിൽ,കാറ്
കാറിൽ,കാറ്
കാറുകൾ,കാറ്
കാറുകൾ,കാറ്
കാറുകൾ,കാറ്
കാറും,കാറ്
കാറായ,കാറ്
കാറ്റുവീഴ്ച,കാറ്റുവീഴ്ച
കാറ്റ്,കാറ്റ്
കാറ്റിനെ,കാറ്റ്
കാറ്റിനെ,കാറ്റ്
കാറ്റിനോട്,കാറ്റ്
കാറ്റിനോട്,കാറ്റ്
കാറ്റിന്,കാറ്റ്
കാറ്റിന്,കാറ്റ്
കാറ്റിന്റെ,കാറ്റ്
കാറ്റിന്റെ,കാറ്റ്
കാറ്റിൽ,കാറ്റ്
കാറ്റിൽ,കാറ്റ്
കാറ്റും,കാറ്റ്
കാറ്റാം,കാറ്റ്
കാറ്റേ,കാറ്റ്
കാറ്റ്,കാറ്റ്
കാറ്റിനെ,കാറ്റ്
കാറ്റിനെ,കാറ്റ്
കാറ്റിനോട്,കാറ്റ്
കാറ്റിനോട്,കാറ്റ്
കാറ്റിന്,കാറ്റ്
കാറ്റിന്,കാറ്റ്
കാറ്റിന്റെ,കാറ്റ്
കാറ്റിന്റെ,കാറ്റ്
കാറ്റിൽ,കാറ്റ്
കാറ്റിൽ,കാറ്റ്
കാറ്റും,കാറ്റ്
കാറ്റാം,കാറ്റ്
കാറ്റേ,കാറ്റ്
കാല,കാല
കാല,കാല
കാലം,കാലം
കാലങ്ങൾ,കാലം
കാലവും,കാലം
കാലത്തു്,കാലം
കാലത്ത്,കാലം
കാലം,കാലം
കാലങ്ങൾ,കാലം
കാലവും,കാലം
കാലത്തു്,കാലം
കാലത്ത്,കാലം
കാലകാലന്,കാലകാലൻ
കാലകേയന്മാരെ,കാലകേയന്മാർ
കാലക്കേട്,കാലക്കേട്
കാലക്രമം,കാലക്രമം
കാലക്രമേണ,കാലക്രമേണ
കാലഗതി,കാലഗതി
കാലചക്രം,കാലചക്രം
കാലടി,കാലടി
കാലടിപ്പാത,കാലടിപ്പാത
കാലതാമസം,കാലതാമസം
കാലതാമസങ്ങൾ,കാലതാമസം
കാലതാമസവും,കാലതാമസം
കാലത്തെ,കാലത്തെ
കാലത്തേത്,കാലത്തെ
കാലദൂതനെ,കാലദൂതൻ
കാലൻ,കാലൻ
കാലനെ,കാലൻ
കാലനോട്,കാലൻ
കാലന്,കാലൻ
കാലന്റെ,കാലൻ
കാലാ,കാലൻ
കാലൻ,കാലൻ
കാലനെ,കാലൻ
കാലനോട്,കാലൻ
കാലന്,കാലൻ
കാലന്റെ,കാലൻ
കാലാ,കാലൻ
കാലപാശം,കാലപാശം
കാലപ്രമാണം,കാലപ്രമാണം
കാലഭൈരവൻ,കാലഭൈരവൻ
കാലഭൈരവനെ,കാലഭൈരവൻ
കാലഭൈരവന്,കാലഭൈരവൻ
കാലഭൈരവന്റെ,കാലഭൈരവൻ
കാലമാടൻ,കാലമാടൻ
കാലമേ,കാലമേ
കാലയാപനം,കാലയാപനം
കാലരാത്രി,കാലരാത്രി
കാലവർഷം,കാലവർഷം
കാലാ,കാലാ
കാലാ,കാലാ
കാലാതീത,കാലാതീത
കാലാതീതന്,കാലാതീതൻ
കാലാന്തരവും,കാലാന്തരം
കാലാപം,കാലാപം
കാലായി,കാലായി
കാലായ്,കാലായ്
കാലായിൽ,കാലായ്
കാലാവധി,കാലാവധി
കാലാവസ്ഥ,കാലാവസ്ഥ
കാലി,കാലി
കാലി,കാലി
കാലിക,കാലിക
കാലികവും,കാലികം
കാലിത,കാലിത
കാലുമാറ്റം,കാലുമാറ്റം
കാലുമാറ്റവും,കാലുമാറ്റം
കാലുറ,കാലുറ
കാലുഷ്യം,കാലുഷ്യം
കാലുഷ്യവും,കാലുഷ്യം
കാലൂന്നി,കാലൂന്നി
കാല്,കാല്
കാലിനെ,കാല്
കാലിനെ,കാല്
കാലെ,കാല്
കാലിന്,കാല്
കാലിൻ,കാല്
കാലിന്,കാല്
കാലിന്റെ,കാല്
കാലിന്റെ,കാല്
കാലിൽ,കാല്
കാലിൽ,കാല്
കാലുകൾ,കാല്
കാലുകൾ,കാല്
കാലും,കാല്
കാലും,കാല്
കാല്,കാല്
കാലിനെ,കാല്
കാലിനെ,കാല്
കാലെ,കാല്
കാലിന്,കാല്
കാലിൻ,കാല്
കാലിന്,കാല്
കാലിന്റെ,കാല്
കാലിന്റെ,കാല്
കാലിൽ,കാല്
കാലിൽ,കാല്
കാലുകൾ,കാല്
കാലുകൾ,കാല്
കാലും,കാല്
കാലും,കാല്
കാല്വരി,കാല്വരി
കാൽ,കാൽ
കാല്,കാൽ
കാൽ,കാൽ
കാല്,കാൽ
കാൽക്കൽ,കാൽക്കൽ
കാൽച്ചിലമ്പ്,കാൽച്ചിലമ്പ്
കാൽച്ചിലമ്പുകൾ,കാൽച്ചിലമ്പ്
കാൽച്ചിലമ്പും,കാൽച്ചിലമ്പ്
കാൽച്ചുവടിന്റെ,കാൽച്ചുവട്
കാൽത്തള,കാൽത്തള
കാൽനട,കാൽനട
കാൽനടപ്പാത,കാൽനടപ്പാത
കാൽപനിക,കാൽപനിക
കാൽപ്പാട്,കാൽപ്പാട്
കാൽപ്പാടുകൾ,കാൽപ്പാട്
കാൽപ്പെരുമാറ്റം,കാൽപ്പെരുമാറ്റം
കാള,കാള
കാള,കാള
കാളം,കാളം
കാളകണ്ഠന്റെ,കാളകണ്ഠൻ
കാളകണ്ഠി,കാളകണ്ഠി
കാളകണ്ഠീ,കാളകണ്ഠി
കാളകൂടം,കാളകൂടം
കാളൻ,കാളൻ
കാളന്,കാളൻ
കാളന്മാർ,കാളൻ
കാളനും,കാളൻ
കാളമേഘം,കാളമേഘം
കാളരാത്രി,കാളരാത്രി
കാളവണ്ടി,കാളവണ്ടി
കാളാഞ്ചി,കാളാഞ്ചി
കാളി,കാളി
കാളീ,കാളി
കാളിദാസൻ,കാളിദാസൻ
കാളിദാസനെ,കാളിദാസൻ
കാളിദാസന്,കാളിദാസൻ
കാളിദാസന്റെ,കാളിദാസൻ
കാളിദാസനും,കാളിദാസൻ
കാളിന്ദി,കാളിന്ദി
കാളിയ,കാളിയ
കാളിയൻ,കാളിയൻ
കാളിയനെ,കാളിയൻ
കാളിയന്,കാളിയൻ
കാളിയന്റെ,കാളിയൻ
കാളിയനിൽ,കാളിയൻ
കാളിയനും,കാളിയൻ
കാളിയൂട്ട്,കാളിയൂട്ട്
കാളിയൂട്ടിന്,കാളിയൂട്ട്
കാളിയൂട്ടിന്റെ,കാളിയൂട്ട്
കാളിയൂട്ടും,കാളിയൂട്ട്
കാളുന്ന,കാളുക
കാളുന്ന,കാളുക
കാൾ,കാൾ
കാളിന്റെ,കാൾ
കാളും,കാൾ
കാഴ്ച,കാഴ്ച
കാഴ്ച,കാഴ്ച
കാഴ്ചക്കാരൻ,കാഴ്ചക്കാരൻ
കാഴ്ചക്കാരനെ,കാഴ്ചക്കാരൻ
കാഴ്ചക്കാരനോട്,കാഴ്ചക്കാരൻ
കാഴ്ചക്കാരന്,കാഴ്ചക്കാരൻ
കാഴ്ചക്കാരന്റെ,കാഴ്ചക്കാരൻ
കാഴ്ചക്കാരനിൽ,കാഴ്ചക്കാരൻ
കാഴ്ചക്കാരനും,കാഴ്ചക്കാരൻ
കാഴ്ചദ്രവ്യങ്ങൾ,കാഴ്ചദ്രവ്യം
കാഴ്ചപ്പാട്,കാഴ്ചപ്പാട്
കാഴ്ചപ്പാടിനെ,കാഴ്ചപ്പാട്
കാഴ്ചപ്പാടിനോട്,കാഴ്ചപ്പാട്
കാഴ്ചപ്പാടിന്,കാഴ്ചപ്പാട്
കാഴ്ചപ്പാടിന്റെ,കാഴ്ചപ്പാട്
കാഴ്ചപ്പാടിൽ,കാഴ്ചപ്പാട്
കാഴ്ചപ്പാടുകൾ,കാഴ്ചപ്പാട്
കാഴ്ചപ്പാടും,കാഴ്ചപ്പാട്
കാഴ്ചശ്ശീവേലി,കാഴ്ചശ്ശീവേലി
കാവ,കാവ
കാവടി,കാവടി
കാവടി,കാവടി
കാവണ,കാവണ
കാവത്ത്,കാവത്ത്
കാവനാൽ,കാവൻ
കാവാ,കാവൻ
കാവലൻ,കാവലൻ
കാവലന്,കാവലൻ
കാവലനും,കാവലൻ
കാവൽ,കാവൽ
കാവല്,കാവൽ
കാവൽക്കാരൻ,കാവൽക്കാരൻ
കാവൽക്കാരനെ,കാവൽക്കാരൻ
കാവൽക്കാരന്,കാവൽക്കാരൻ
കാവൽക്കാരന്റെ,കാവൽക്കാരൻ
കാവൽപ്പുര,കാവൽപ്പുര
കാവൽമാടങ്ങൾ,കാവൽമാടം
കാവി,കാവി
കാവിമണ്ണ്,കാവിമണ്ണ്
കാവിമണ്ണിന്റെ,കാവിമണ്ണ്
കാവിമണ്ണും,കാവിമണ്ണ്
കാവിമുണ്ടും,കാവിമുണ്ട്
കാവിയൻ,കാവിയൻ
കാവിലമ്മ,കാവിലമ്മ
കാവിവസ്ത്രം,കാവിവസ്ത്രം
കാവിവസ്ത്രവും,കാവിവസ്ത്രം
കാവൂട്ട്,കാവൂട്ട്
കാവേരി,കാവേരി
കാവേരീ,കാവേരി
കാവ്,കാവ്
കാവിനെ,കാവ്
കാവിന്,കാവ്
കാവിൻ,കാവ്
കാവാൽ,കാവ്
കാവിന്റെ,കാവ്
കാവിൽ,കാവ്
കാവുകൾ,കാവ്
കാവും,കാവ്
കാവായ,കാവ്
കാവ്,കാവ്
കാവിനെ,കാവ്
കാവിന്,കാവ്
കാവിൻ,കാവ്
കാവാൽ,കാവ്
കാവിന്റെ,കാവ്
കാവിൽ,കാവ്
കാവുകൾ,കാവ്
കാവും,കാവ്
കാവായ,കാവ്
കാവ്യ,കാവ്യ
കാവ്യ,കാവ്യ
കാവ്യം,കാവ്യം
കാവ്യങ്ങൾ,കാവ്യം
കാവ്യവും,കാവ്യം
കാവ്യനീതി,കാവ്യനീതി
കാവ്യന്,കാവ്യൻ
കാവ്യാ,കാവ്യൻ
കാവ്യമീമാംസ,കാവ്യമീമാംസ
കാവ്യമുഖം,കാവ്യമുഖം
കാശ,കാശ
കാശാവ്,കാശാവ്
കാശി,കാശി
കാശീ,കാശി
കാശി,കാശി
കാശീ,കാശി
കാശിനാഥൻ,കാശിനാഥൻ
കാശിനാഥനെ,കാശിനാഥൻ
കാശിനാഥന്,കാശിനാഥൻ
കാശിനാഥന്റെ,കാശിനാഥൻ
കാശിനാഥനും,കാശിനാഥൻ
കാശിന്,കാശിൻ
കാശിന്റെ,കാശിൻ
കാശിനും,കാശിൻ
കാശീ,കാശീ
കാശുമാല,കാശുമാല
കാശ്,കാശ്
കാശിന്,കാശ്
കാശിന്റെ,കാശ്
കാശുകൾ,കാശ്
കാശും,കാശ്
കാശ്,കാശ്
കാശിന്,കാശ്
കാശിന്റെ,കാശ്
കാശുകൾ,കാശ്
കാശും,കാശ്
കാശ്മീരം,കാശ്മീരം
കാശ്മീരി,കാശ്മീരി
കാശ്മീരീ,കാശ്മീരി
കാശ്മീർ,കാശ്മീർ
കാശ്മീരിനെ,കാശ്മീർ
കാശ്മീരിനോട്,കാശ്മീർ
കാശ്മീരിന്,കാശ്മീർ
കാശ്മീരിൽ,കാശ്മീർ
കാശ്മീരും,കാശ്മീർ
കാശ്യപൻ,കാശ്യപൻ
കാശ്യപനോട്,കാശ്യപൻ
കാശ്യപന്,കാശ്യപൻ
കാശ്യപന്റെ,കാശ്യപൻ
കാശ്യപനും,കാശ്യപൻ
കാഷായ,കാഷായ
കാഷായ,കാഷായ
കാഷായം,കാഷായം
കാഷ്ഠം,കാഷ്ഠം
കാഷ്ഠവും,കാഷ്ഠം
കാസ,കാസ
കാസി,കാസി
കാസിയ,കാസിയ
കാസു,കാസു
കി,കി
കീ,കി
കിംവദന്തി,കിംവദന്തി
കിങ്കരൻ,കിങ്കരൻ
കിങ്കരന്,കിങ്കരൻ
കിങ്കരന്മാർ,കിങ്കരൻ
കിങ്ങിണി,കിങ്ങിണി
കിട,കിട
കിട,കിട
കിടക്കുക,കിടക്കുക
കിടക്കുന്നു,കിടക്കുക
കിടക്കുന്ന,കിടക്കുക
കിടന്നു,കിടക്കുക
കിടക്കുക,കിടക്കുക
കിടക്കുന്നു,കിടക്കുക
കിടക്കുന്ന,കിടക്കുക
കിടന്നു,കിടക്കുക
കിടങ്ങ്,കിടങ്ങ്
കിടങ്ങിനാൽ,കിടങ്ങ്
കിടങ്ങിന്റെ,കിടങ്ങ്
കിടങ്ങിൽ,കിടങ്ങ്
കിടങ്ങുകൾ,കിടങ്ങ്
കിടങ്ങും,കിടങ്ങ്
കിടത്തവും,കിടത്തം
കിടത്തുക,കിടത്തുക
കിടത്തി,കിടത്തുക
കിടത്തുന്നു,കിടത്തുക
കിടത്തുന്ന,കിടത്തുക
കിടത്തുക,കിടത്തുക
കിടത്തി,കിടത്തുക
കിടത്തുന്നു,കിടത്തുക
കിടത്തുന്ന,കിടത്തുക
കിടപ്പാടം,കിടപ്പാടം
കിടപ്പാടവും,കിടപ്പാടം
കിടപ്പ്,കിടപ്പ്
കിടപ്പിന്റെ,കിടപ്പ്
കിടപ്പിൽ,കിടപ്പ്
കിടപ്പും,കിടപ്പ്
കിടപ്പായ,കിടപ്പ്
കിടമത്സരം,കിടമത്സരം
കിടമത്സരവും,കിടമത്സരം
കിടാരന്,കിടാരൻ
കിടാവ്,കിടാവ്
കിടാവിനെ,കിടാവ്
കിടാവിന്,കിടാവ്
കിടാവിന്റെ,കിടാവ്
കിടാവുകൾ,കിടാവ്
കിടാവും,കിടാവ്
കിടാവ്,കിടാവ്
കിടാവിനെ,കിടാവ്
കിടാവിന്,കിടാവ്
കിടാവിന്റെ,കിടാവ്
കിടാവുകൾ,കിടാവ്
കിടാവും,കിടാവ്
കിടിലം,കിടിലം
കിടിലം,കിടിലം
കിടിൽ,കിടിൽ
കിടുക്കും,കിടുക്ക്
കിട്ടൻ,കിട്ടൻ
കിട്ടന്,കിട്ടൻ
കിട്ടന്റെ,കിട്ടൻ
കിട്ടി,കിട്ടി
കിട്ടീ,കിട്ടി
കിട്ടുക,കിട്ടുക
കിട്ടുന്നു,കിട്ടുക
കിട്ടുന്ന,കിട്ടുക
കിട്ടുക,കിട്ടുക
കിട്ടുന്നു,കിട്ടുക
കിട്ടുന്ന,കിട്ടുക
കിണഞ്ഞു,കിണയുക
കിണഞ്ഞു,കിണയുക
കിണർ,കിണർ
കിണറ്,കിണർ
കിണർ,കിണർ
കിണറ്,കിണർ
കിണി,കിണി
കിണ്ടം,കിണ്ടം
കിണ്ടി,കിണ്ടി
കിണ്ടി,കിണ്ടി
കിണ്ണം,കിണ്ണം
കിണ്ണങ്ങൾ,കിണ്ണം
കിണ്വനം,കിണ്വനം
കിനാവള്ളി,കിനാവള്ളി
കിനാവ്,കിനാവ്
കിനാവിന്റെ,കിനാവ്
കിനാവുകൾ,കിനാവ്
കിനാവും,കിനാവ്
കിനാവ്,കിനാവ്
കിനാവിന്റെ,കിനാവ്
കിനാവുകൾ,കിനാവ്
കിനാവും,കിനാവ്
കിനി,കിനി
കിനിയുന്ന,കിനിയുക
കിന്നരൻ,കിന്നരൻ
കിന്നരനും,കിന്നരൻ
കിന്നരി,കിന്നരി
കിന്നരിമൈന,കിന്നരിമൈന
കിന്നാരം,കിന്നാരം
കിൻ,കിൻ
കിന്,കിൻ
കിന്റെ,കിൻ
കിമിനെ,കിമ്
കിമാം,കിമ്
കിരണ,കിരണ
കിരണം,കിരണം
കിരണങ്ങൾ,കിരണം
കിരണന്റെ,കിരണൻ
കിരാട,കിരാട
കിരാത,കിരാത
കിരാതം,കിരാതം
കിരാതവും,കിരാതം
കിരാതൻ,കിരാതൻ
കിരാതനെ,കിരാതൻ
കിരാതനോട്,കിരാതൻ
കിരാതന്റെ,കിരാതൻ
കിരാതനും,കിരാതൻ
കിരാതമൂർത്തി,കിരാതമൂർത്തി
കിരാൽ,കിരാൽ
കിരി,കിരി
കിരിക്കി,കിരിക്കുക
കിരിയത്ത്,കിരിയം
കിരിയത്ത്,കിരിയം
കിരീട,കിരീട
കിരീടം,കിരീടം
കിരീടങ്ങൾ,കിരീടം
കിരീടവും,കിരീടം
കിരീടധാരണം,കിരീടധാരണം
കിരീടപതി,കിരീടപതി
കിരീടാവകാശി,കിരീടാവകാശി
കിരുകിരുപ്പ്,കിരുകിരുപ്പ്
കിർമീര,കിർമീര
കിറ,കിറ
കിറി,കിറി
കിറുകൃത്യം,കിറുകൃത്യം
കിറുക്കൻ,കിറുക്കൻ
കിറുക്കന്,കിറുക്കൻ
കിറുക്കിനെ,കിറുക്ക്
കിറുക്കും,കിറുക്ക്
കിറുക്കിനെ,കിറുക്ക്
കിറുക്കും,കിറുക്ക്
കില,കില
കില,കില
കിലുക്കം,കിലുക്കം
കിലുക്കച്ചെടി,കിലുക്കച്ചെടി
കിലുക്കൻ,കിലുക്കൻ
കിലുക്കി,കിലുക്കി
കിലുക്കി,കിലുക്കി
കിലുങ്ങുന്ന,കിലുങ്ങുക
കിലോ,കിലോ
കില്ല,കില്ല
കില്ലിൽ,കില്ല്
കില്ലിൽ,കില്ല്
കിൽ,കിൽ
കില്,കിൽ
കിളമ്പിൽ,കിളമ്പ്
കിളയ്ക്കുന്ന,കിളയ്ക്കുക
കിളി,കിളി
കിളി,കിളി
കിളിക്കൂട്,കിളിക്കൂട്
കിളിച്ചുണ്ടന്,കിളിച്ചുണ്ടൻ
കിളിച്ചുണ്ടനും,കിളിച്ചുണ്ടൻ
കിളിത്തട്ട്,കിളിത്തട്ട്
കിളിത്തട്ടിൽ,കിളിത്തട്ട്
കിളിപ്പാട്ട്,കിളിപ്പാട്ട്
കിളിപ്പാട്ടിൽ,കിളിപ്പാട്ട്
കിളിപ്പാട്ടുകൾ,കിളിപ്പാട്ട്
കിളിപ്പാട്ടും,കിളിപ്പാട്ട്
കിളിമൂക്ക്,കിളിമൂക്ക്
കിളിയാൻ,കിളിയാൻ
കിളിർക്കുന്നു,കിളിർക്കുക
കിളിവാതിൽ,കിളിവാതിൽ
കിളുന്നു,കിളുക്കുക
കിള്ളി,കിള്ളി
കിള്ളിക്കുറിശ്ശി,കിള്ളിക്കുറിശ്ശി
കിഴക്കൻ,കിഴക്കൻ
കിഴക്കന്,കിഴക്കൻ
കിഴക്കിട,കിഴക്കിട
കിഴക്കേ,കിഴക്കേ
കിഴക്ക്,കിഴക്ക്
കിഴക്കിനെ,കിഴക്ക്
കിഴക്കിനോട്,കിഴക്ക്
കിഴക്കോട്ട്,കിഴക്ക്
കിഴക്കിന്,കിഴക്ക്
കിഴക്കിന്റെ,കിഴക്ക്
കിഴക്കിൽ,കിഴക്ക്
കിഴക്കും,കിഴക്ക്
കിഴക്കാം,കിഴക്ക്
കിഴക്കായ,കിഴക്ക്
കിഴങ്ങ്,കിഴങ്ങ്
കിഴങ്ങിന്,കിഴങ്ങ്
കിഴങ്ങിന്റെ,കിഴങ്ങ്
കിഴങ്ങിൽ,കിഴങ്ങ്
കിഴങ്ങുകൾ,കിഴങ്ങ്
കിഴങ്ങും,കിഴങ്ങ്
കിഴങ്ങായ,കിഴങ്ങ്
കിഴങ്ങ്,കിഴങ്ങ്
കിഴങ്ങിന്,കിഴങ്ങ്
കിഴങ്ങിന്റെ,കിഴങ്ങ്
കിഴങ്ങിൽ,കിഴങ്ങ്
കിഴങ്ങുകൾ,കിഴങ്ങ്
കിഴങ്ങും,കിഴങ്ങ്
കിഴങ്ങായ,കിഴങ്ങ്
കിഴാർ,കിഴാർ
കിഴി,കിഴി
കിഴി,കിഴി
കിഴിക്കുക,കിഴിക്കുക
കിഴിച്ചു,കിഴിക്കുക
കിഴിവ്,കിഴിവ്
കിഴിവിന്,കിഴിവ്
കിഴിവുകൾ,കിഴിവ്
കിഴിവും,കിഴിവ്
കിഴുക്കാംതൂക്കായ,കിഴുക്കാംതൂക്ക്
കിഴുക്ക്,കിഴുക്ക്
കിഴുക്കാം,കിഴുക്ക്
കിവി,കിവി
കിഷ്കിന്ധ,കിഷ്കിന്ധ
കിഷ്കു,കിഷ്കു
കിസ്മിസ്,കിസ്മിസ്
കിസ്മിസും,കിസ്മിസ്
കീ,കീ
കീ,കീ
കീചക,കീചക
കീചകൻ,കീചകൻ
കീചകനെ,കീചകൻ
കീചകന്,കീചകൻ
കീചകനാൽ,കീചകൻ
കീചകന്റെ,കീചകൻ
കീചകനും,കീചകൻ
കീച്ചേരി,കീച്ചേരി
കീച്ച്,കീച്ച്
കീച്ചും,കീച്ച്
കീട,കീട
കീട,കീട
കീടം,കീടം
കീടങ്ങൾ,കീടം
കീടവും,കീടം
കീടം,കീടം
കീടങ്ങൾ,കീടം
കീടവും,കീടം
കീടനാശിനി,കീടനാശിനി
കീയത്ത്,കീയം
കീരം,കീരം
കീരൻ,കീരൻ
കീരന്റെ,കീരൻ
കീരവാണി,കീരവാണി
കീരി,കീരി
കീരിക്കിഴങ്ങ്,കീരിക്കിഴങ്ങ്
കീർത്തന,കീർത്തന
കീർത്തന,കീർത്തന
കീർത്തനം,കീർത്തനം
കീർത്തനങ്ങൾ,കീർത്തനം
കീർത്തി,കീർത്തി
കീർത്തി,കീർത്തി
കീർത്തിമതി,കീർത്തിമതി
കീർത്തിമാനും,കീർത്തിമാൻ
കീർത്തിമുദ്ര,കീർത്തിമുദ്ര
കീർത്തിസ്തംഭം,കീർത്തിസ്തംഭം
കീറ,കീറ
കീറൽ,കീറൽ
കീറല്,കീറൽ
കീറാമുട്ടി,കീറാമുട്ടി
കീറുക,കീറുക
കീറി,കീറുക
കീറുന്നു,കീറുക
കീറുന്ന,കീറുക
കീറ്,കീറ്
കീറുകൾ,കീറ്
കീറുകൾ,കീറ്
കീറുകൾ,കീറ്
കീറും,കീറ്
കീറുക,കീറ്
കീറ്റിന്റെ,കീറ്റ്
കീറ്റിന്റെ,കീറ്റ്
കീല,കീല
കീല,കീല
കീലത്ത്,കീലം
കീല്,കീല്
കീലുകൾ,കീല്
കീലുകൾ,കീല്
കീൽ,കീൽ
കീല്,കീൽ
കീൾ,കീൾ
കീഴ,കീഴ
കീഴടക്കുക,കീഴടക്കുക
കീഴടക്കുന്നു,കീഴടക്കുക
കീഴടക്കുന്ന,കീഴടക്കുക
കീഴടക്കി,കീഴടക്കുക
കീഴടങ്ങുക,കീഴടങ്ങുക
കീഴടങ്ങുന്നു,കീഴടങ്ങുക
കീഴടങ്ങുന്ന,കീഴടങ്ങുക
കീഴാർനെല്ലി,കീഴാർനെല്ലി
കീഴാൾ,കീഴാൾ
കീഴൂട്ട്,കീഴൂട്
കീഴൂര്,കീഴൂര്
കീഴൂരിൽ,കീഴൂര്
കീഴെ,കീഴെ
കീഴേടം,കീഴേടം
കീഴേടങ്ങൾ,കീഴേടം
കീഴേടത്ത്,കീഴേടം
കീഴേപ്പാട്ട്,കീഴേപ്പാട്
കീഴ്,കീഴ്
കീഴോട്ട്,കീഴ്
കീഴിന്റെ,കീഴ്
കീഴിൽ,കീഴ്
കീഴ്ക്കോടതി,കീഴ്ക്കോടതി
കീഴ്ജാതി,കീഴ്ജാതി
കീഴ്ജാതിക്കാരനെ,കീഴ്ജാതിക്കാരൻ
കീഴ്ത്തളി,കീഴ്ത്തളി
കീഴ്നടപ്പും,കീഴ്നടപ്പ്
കീഴ്പെടുന്ന,കീഴ്പെടുക
കീഴ്പെട്ട്,കീഴ്പെട്ട്
കീഴ്മലനാട്,കീഴ്മലനാട്
കീഴ്മേൽ,കീഴ്മേൽ
കീഴ്മേല്,കീഴ്മേൽ
കീഴ്വഴക്കം,കീഴ്വഴക്കം
കീഴ്വഴക്കങ്ങൾ,കീഴ്വഴക്കം
കീഴ്വഴക്കവും,കീഴ്വഴക്കം
കീഴ്വായു,കീഴ്വായു
കീഴ്ശാന്തി,കീഴ്ശാന്തി
കീശ,കീശ
കീശ,കീശ
കു,കു
കൂ,കു
കു,കു
കൂ,കു
കുംബ,കുംബ
കുംബം,കുംബം
കുംഭ,കുംഭ
കുംഭ,കുംഭ
കുംഭം,കുംഭം
കുംഭങ്ങൾ,കുംഭം
കുംഭകം,കുംഭകം
കുംഭകവും,കുംഭകം
കുംഭകർണൻ,കുംഭകർണൻ
കുംഭക്കൂറ്,കുംഭക്കൂറ്
കുംഭൻ,കുംഭൻ
കുംഭനെ,കുംഭൻ
കുംഭനോട്,കുംഭൻ
കുംഭന്,കുംഭൻ
കുംഭന്റെ,കുംഭൻ
കുംഭനും,കുംഭൻ
കുംഭാഭിഷേകം,കുംഭാഭിഷേകം
കുംഭാഭിഷേകവും,കുംഭാഭിഷേകം
കുംഭി,കുംഭി
കുങ്,കുങ്
കുങ്കൻ,കുങ്കൻ
കുങ്കന്,കുങ്കൻ
കുങ്കന്റെ,കുങ്കൻ
കുങ്കനും,കുങ്കൻ
കുങ്കുമ,കുങ്കുമ
കുങ്കുമം,കുങ്കുമം
കുങ്കുമവും,കുങ്കുമം
കുചന്ദനം,കുചന്ദനം
കുചേല,കുചേല
കുചേലൻ,കുചേലൻ
കുചേലനെ,കുചേലൻ
കുചേലന്,കുചേലൻ
കുചേലന്റെ,കുചേലൻ
കുചേലനും,കുചേലൻ
കുചേഷ്ടിതങ്ങൾ,കുചേഷ്ടിതം
കുച്,കുച്
കുച്ചി,കുച്ചി
കുച്ചി,കുച്ചി
കുച്ച്,കുച്ച്
കുജ,കുജ
കുജ,കുജ
കുജൻ,കുജൻ
കുജന്,കുജൻ
കുജന്റെ,കുജൻ
കുജനും,കുജൻ
കുഞ്ചൻ,കുഞ്ചൻ
കുഞ്ചനെ,കുഞ്ചൻ
കുഞ്ചന്,കുഞ്ചൻ
കുഞ്ചന്റെ,കുഞ്ചൻ
കുഞ്ചനും,കുഞ്ചൻ
കുഞ്ചാ,കുഞ്ചൻ
കുഞ്ചൻനമ്പ്യാർ,കുഞ്ചൻനമ്പ്യാർ
കുഞ്ചൻനമ്പ്യാരുടെ,കുഞ്ചൻനമ്പ്യാർ
കുഞ്ചൻനമ്പ്യാരും,കുഞ്ചൻനമ്പ്യാർ
കുഞ്ചലം,കുഞ്ചലം
കുഞ്ച്,കുഞ്ച്
കുഞ്ച്,കുഞ്ച്
കുഞ്ഞൻ,കുഞ്ഞൻ
കുഞ്ഞന്,കുഞ്ഞൻ
കുഞ്ഞന്റെ,കുഞ്ഞൻ
കുഞ്ഞനും,കുഞ്ഞൻ
കുഞ്ഞാ,കുഞ്ഞൻ
കുഞ്ഞമ്മ,കുഞ്ഞമ്മ
കുഞ്ഞിക്കാല്,കുഞ്ഞിക്കാൽ
കുഞ്ഞ്,കുഞ്ഞ്
കുഞ്ഞിനെ,കുഞ്ഞ്
കുഞ്ഞിനോട്,കുഞ്ഞ്
കുഞ്ഞിന്,കുഞ്ഞ്
കുഞ്ഞിന്റെ,കുഞ്ഞ്
കുഞ്ഞിൽ,കുഞ്ഞ്
കുഞ്ഞുകൾ,കുഞ്ഞ്
കുഞ്ഞും,കുഞ്ഞ്
കുഞ്ഞായ,കുഞ്ഞ്
കുഞ്ഞ്,കുഞ്ഞ്
കുഞ്ഞിനെ,കുഞ്ഞ്
കുഞ്ഞിനോട്,കുഞ്ഞ്
കുഞ്ഞിന്,കുഞ്ഞ്
കുഞ്ഞിന്റെ,കുഞ്ഞ്
കുഞ്ഞിൽ,കുഞ്ഞ്
കുഞ്ഞുകൾ,കുഞ്ഞ്
കുഞ്ഞും,കുഞ്ഞ്
കുഞ്ഞായ,കുഞ്ഞ്
കുട,കുട
കുട,കുട
കുടം,കുടം
കുടങ്ങൾ,കുടം
കുടവും,കുടം
കുടം,കുടം
കുടങ്ങൾ,കുടം
കുടവും,കുടം
കുടകം,കുടകം
കുടകന്റെ,കുടകൻ
കുടക്,കുടക്
കുടകിന്,കുടക്
കുടകിന്റെ,കുടക്
കുടകിൽ,കുടക്
കുടജാദ്രി,കുടജാദ്രി
കുടനാട്,കുടനാട്
കുടപ്പന,കുടപ്പന
കുടപ്പൻ,കുടപ്പൻ
കുടപ്പന്,കുടപ്പൻ
കുടപ്പന്റെ,കുടപ്പൻ
കുടപ്പറ,കുടപ്പറ
കുടമണി,കുടമണി
കുടമുല്ല,കുടമുല്ല
കുടമ്പുളി,കുടമ്പുളി
കുടഞ്ഞു,കുടയുക
കുടയുന്ന,കുടയുക
കുടൽ,കുടൽ
കുടല്,കുടൽ
കുടൽവള്ളി,കുടൽവള്ളി
കുടവയർ,കുടവയർ
കുടി,കുടി
കുടി,കുടി
കുടിക്കാർ,കുടിക്കാർ
കുടിക്കാരുടെ,കുടിക്കാർ
കുടിക്കുക,കുടിക്കുക
കുടിച്ചു,കുടിക്കുക
കുടിക്കുന്നു,കുടിക്കുക
കുടിക്കുന്ന,കുടിക്കുക
കുടിക്കുക,കുടിക്കുക
കുടിച്ചു,കുടിക്കുക
കുടിക്കുന്നു,കുടിക്കുക
കുടിക്കുന്ന,കുടിക്കുക
കുടിജന്മം,കുടിജന്മം
കുടിനീർ,കുടിനീർ
കുടിനീരും,കുടിനീർ
കുടിപ്പക,കുടിപ്പക
കുടിപ്പള്ളിക്കൂടം,കുടിപ്പള്ളിക്കൂടം
കുടിപ്പള്ളിക്കൂടങ്ങൾ,കുടിപ്പള്ളിക്കൂടം
കുടിയൻ,കുടിയൻ
കുടിയനെ,കുടിയൻ
കുടിയന്,കുടിയൻ
കുടിയനും,കുടിയൻ
കുടിയാൻ,കുടിയാൻ
കുടിയാന്,കുടിയാൻ
കുടിയാന്റെ,കുടിയാൻ
കുടിയാന്മാർ,കുടിയാൻ
കുടിയാൻ,കുടിയാൻ
കുടിയാന്,കുടിയാൻ
കുടിയാന്റെ,കുടിയാൻ
കുടിയാന്മാർ,കുടിയാൻ
കുടിയായ്മ,കുടിയായ്മ
കുടിയിരിക്കുന്നു,കുടിയിരിക്കുക
കുടിയിരിക്കുന്ന,കുടിയിരിക്കുക
കുടിയിരിപ്പ്,കുടിയിരിപ്പ്
കുടിയിരുത്തുക,കുടിയിരുത്തുക
കുടിയിരുത്തി,കുടിയിരുത്തുക
കുടിയിരുത്തുന്ന,കുടിയിരുത്തുക
കുടിയിറക്കുന്ന,കുടിയിറക്കുക
കുടിയിറക്കി,കുടിയിറക്കുക
കുടിയിറക്ക്,കുടിയിറക്ക്
കുടിയേറിപ്പാർക്കുന്ന,കുടിയേറിപ്പാർക്കുക
കുടിയേറി,കുടിയേറുക
കുടിയേറുന്നു,കുടിയേറുക
കുടിയേറുന്ന,കുടിയേറുക
കുടിയേറ്റം,കുടിയേറ്റം
കുടിയേറ്റങ്ങൾ,കുടിയേറ്റം
കുടിയേറ്റവും,കുടിയേറ്റം
കുടില,കുടില
കുടില,കുടില
കുടിലവും,കുടിലം
കുടിലത,കുടിലത
കുടിൽ,കുടിൽ
കുടില്,കുടിൽ
കുടിവീരൻ,കുടിവീരൻ
കുടിവെള്ളം,കുടിവെള്ളം
കുടിവെള്ളവും,കുടിവെള്ളം
കുടിശ്ശിക,കുടിശ്ശിക
കുടീചരന്,കുടീചരൻ
കുടീചരന്റെ,കുടീചരൻ
കുടീര,കുടീര
കുടീരം,കുടീരം
കുടീരങ്ങൾ,കുടീരം
കുടു,കുടു
കുടുംബ,കുടുംബ
കുടുംബ,കുടുംബ
കുടുംബം,കുടുംബം
കുടുംബങ്ങൾ,കുടുംബം
കുടുംബവും,കുടുംബം
കുടുംബത്ത്,കുടുംബം
കുടുംബകം,കുടുംബകം
കുടുംബകലഹം,കുടുംബകലഹം
കുടുംബകലഹങ്ങൾ,കുടുംബകലഹം
കുടുംബജീവിതം,കുടുംബജീവിതം
കുടുംബജീവിതവും,കുടുംബജീവിതം
കുടുംബനാഥൻ,കുടുംബനാഥൻ
കുടുംബനാഥനെ,കുടുംബനാഥൻ
കുടുംബനാഥന്,കുടുംബനാഥൻ
കുടുംബനാഥന്റെ,കുടുംബനാഥൻ
കുടുംബബന്ധം,കുടുംബബന്ധം
കുടുംബബന്ധങ്ങൾ,കുടുംബബന്ധം
കുടുംബവസ്തു,കുടുംബവസ്തു
കുടുംബസംവിധാനം,കുടുംബസംവിധാനം
കുടുംബസ്വത്ത്,കുടുംബസ്വത്ത്
കുടുംബസ്വത്തിന്റെ,കുടുംബസ്വത്ത്
കുടുംബസ്വത്തിൽ,കുടുംബസ്വത്ത്
കുടുംബസ്വത്തും,കുടുംബസ്വത്ത്
കുടുംബസ്വത്തായ,കുടുംബസ്വത്ത്
കുടുംബാസൂത്രണം,കുടുംബാസൂത്രണം
കുടുംബി,കുടുംബി
കുടുംബിനി,കുടുംബിനി
കുടുന്നു,കുടുക
കുടുകുടാ,കുടുകുടാ
കുടുക്കം,കുടുക്കം
കുടുക്കത്ത്,കുടുക്കം
കുടുക്കി,കുടുക്കി
കുടുക്കുക,കുടുക്കുക
കുടുക്കുന്നു,കുടുക്കുക
കുടുക്കുന്ന,കുടുക്കുക
കുടുക്കി,കുടുക്കുക
കുടുന്നു,കുടുക്കുക
കുടുക്ക്,കുടുക്ക്
കുടുക്കിൽ,കുടുക്ക്
കുടുക്കും,കുടുക്ക്
കുടുക്കുക,കുടുക്ക്
കുടുക്ക്,കുടുക്ക്
കുടുക്കിൽ,കുടുക്ക്
കുടുക്കും,കുടുക്ക്
കുടുക്കുക,കുടുക്ക്
കുടുങ്ങുന്നു,കുടുങ്ങുക
കുടുങ്ങുന്ന,കുടുങ്ങുക
കുടുത്ത,കുടുത്ത
കുടുമ,കുടുമ
കുടുമ്പ,കുടുമ്പ
കുടുവ,കുടുവ
കുടുവൻ,കുടുവൻ
കുടുസ്സായ,കുടുസ്സ്
കുട്ട,കുട്ട
കുട്ട,കുട്ട
കുട്ടം,കുട്ടം
കുട്ടത്ത്,കുട്ടം
കുട്ടകം,കുട്ടകം
കുട്ടത്തി,കുട്ടത്തി
കുട്ടൻ,കുട്ടൻ
കുട്ടനെ,കുട്ടൻ
കുട്ടന്,കുട്ടൻ
കുട്ടന്റെ,കുട്ടൻ
കുട്ടനും,കുട്ടൻ
കുട്ടാ,കുട്ടൻ
കുട്ടൻ,കുട്ടൻ
കുട്ടനെ,കുട്ടൻ
കുട്ടന്,കുട്ടൻ
കുട്ടന്റെ,കുട്ടൻ
കുട്ടനും,കുട്ടൻ
കുട്ടാ,കുട്ടൻ
കുട്ടപ്പൻ,കുട്ടപ്പൻ
കുട്ടപ്പനെ,കുട്ടപ്പൻ
കുട്ടപ്പന്,കുട്ടപ്പൻ
കുട്ടപ്പന്റെ,കുട്ടപ്പൻ
കുട്ടപ്പനും,കുട്ടപ്പൻ
കുട്ടാല,കുട്ടാല
കുട്ടി,കുട്ടി
കുട്ടീ,കുട്ടി
കുട്ടി,കുട്ടി
കുട്ടീ,കുട്ടി
കുട്ടിക്കളി,കുട്ടിക്കളി
കുട്ടിക്കാലം,കുട്ടിക്കാലം
കുട്ടിക്കാലവും,കുട്ടിക്കാലം
കുട്ടിക്കാലത്ത്,കുട്ടിക്കാലം
കുട്ടിച്ചാത്തൻ,കുട്ടിച്ചാത്തൻ
കുട്ടിച്ചാത്തനെ,കുട്ടിച്ചാത്തൻ
കുട്ടിച്ചാത്തന്,കുട്ടിച്ചാത്തൻ
കുട്ടിച്ചാത്തന്റെ,കുട്ടിച്ചാത്തൻ
കുട്ടിച്ചാത്തനിൽ,കുട്ടിച്ചാത്തൻ
കുട്ടിച്ചാത്തന്മാർ,കുട്ടിച്ചാത്തൻ
കുട്ടിച്ചാത്തനും,കുട്ടിച്ചാത്തൻ
കുട്ടിത്തം,കുട്ടിത്തം
കുട്ടിത്തവും,കുട്ടിത്തം
കുട്ടിത്തരം,കുട്ടിത്തരം
കുട്ടിയച്ചൻ,കുട്ടിയച്ചൻ
കുട്ടിയച്ചന്,കുട്ടിയച്ചൻ
കുട്ടിയച്ചന്റെ,കുട്ടിയച്ചൻ
കുട്ടിയുടുപ്പ്,കുട്ടിയുടുപ്പ്
കുട്ടുന്നു,കുട്ടുക
കുട്ടുന്ന,കുട്ടുക
കുഡി,കുഡി
കുണ്ട,കുണ്ട
കുണ്ടൻ,കുണ്ടൻ
കുണ്ടന്,കുണ്ടൻ
കുണ്ടറ,കുണ്ടറ
കുണ്ടല,കുണ്ടല
കുണ്ടാണത്ത്,കുണ്ടാണം
കുണ്ടാമണ്ടി,കുണ്ടാമണ്ടി
കുണ്ടികുലുക്കി,കുണ്ടികുലുക്കി
കുണ്ടുകുളം,കുണ്ടുകുളം
കുണ്ട്,കുണ്ട്
കുണ്ടാൽ,കുണ്ട്
കുണ്ടിന്റെ,കുണ്ട്
കുണ്ടിൽ,കുണ്ട്
കുണ്ടും,കുണ്ട്
കുണ്ട്,കുണ്ട്
കുണ്ടാൽ,കുണ്ട്
കുണ്ടിന്റെ,കുണ്ട്
കുണ്ടിൽ,കുണ്ട്
കുണ്ടും,കുണ്ട്
കുണ്ഠത,കുണ്ഠത
കുണ്ഠിതം,കുണ്ഠിതം
കുണ്ഡലം,കുണ്ഡലം
കുണ്ഡലങ്ങൾ,കുണ്ഡലം
കുണ്ഡലവും,കുണ്ഡലം
കുണ്ഡലിനി,കുണ്ഡലിനി
കുണ്ഡലിനീ,കുണ്ഡലിനി
കുതന്ത്ര,കുതന്ത്ര
കുതന്ത്രം,കുതന്ത്രം
കുതന്ത്രങ്ങൾ,കുതന്ത്രം
കുതന്ത്രവും,കുതന്ത്രം
കുതറി,കുതറുക
കുതറുന്ന,കുതറുക
കുതി,കുതി
കുതിക്കുക,കുതിക്കുക
കുതിച്ചു,കുതിക്കുക
കുതിക്കുന്നു,കുതിക്കുക
കുതിക്കുന്ന,കുതിക്കുക
കുതിപ്പ്,കുതിപ്പ്
കുതിപ്പിനെ,കുതിപ്പ്
കുതിപ്പിന്,കുതിപ്പ്
കുതിപ്പിന്റെ,കുതിപ്പ്
കുതിപ്പിൽ,കുതിപ്പ്
കുതിപ്പുകൾ,കുതിപ്പ്
കുതിപ്പും,കുതിപ്പ്
കുതിര,കുതിര
കുതിര,കുതിര
കുതിരപ്പട,കുതിരപ്പട
കുതിരപ്പട്ടാളം,കുതിരപ്പട്ടാളം
കുതിരപ്പട്ടാളവും,കുതിരപ്പട്ടാളം
കുതിരപ്പന്തയം,കുതിരപ്പന്തയം
കുതിരപ്പന്തി,കുതിരപ്പന്തി
കുതിരപ്പവൻ,കുതിരപ്പവൻ
കുതിരപ്പുറം,കുതിരപ്പുറം
കുതിരപ്പുറത്ത്,കുതിരപ്പുറം
കുതിരലായം,കുതിരലായം
കുതിരലായങ്ങൾ,കുതിരലായം
കുതിരവണ്ടി,കുതിരവണ്ടി
കുതിരശക്തി,കുതിരശക്തി
കുതിർന്നു,കുതിരുക
കുതിര്ന്നു,കുതിരുക
കുതിരുന്ന,കുതിരുക
കുതിർന്നു,കുതിരുക
കുതിര്ന്നു,കുതിരുക
കുതിരുന്ന,കുതിരുക
കുതിരും,കുതിർ
കുതുകം,കുതുകം
കുതുകം,കുതുകം
കുത്തക,കുത്തക
കുത്തക,കുത്തക
കുത്തകപ്പാട്ടം,കുത്തകപ്പാട്ടം
കുത്തനെ,കുത്തനെ
കുത്തനെ,കുത്തൻ
കുത്തനേ,കുത്തൻ
കുത്തൽ,കുത്തൽ
കുത്തല്,കുത്തൽ
കുത്തി,കുത്തി
കുത്തിക്കുറിച്ചു,കുത്തിക്കുറിക്കുക
കുത്തിക്കുറിക്കുന്ന,കുത്തിക്കുറിക്കുക
കുത്തിനിറയ്ക്കുന്ന,കുത്തിനിറയ്ക്കുക
കുത്തിയിരിക്കുന്നു,കുത്തിയിരിക്കുക
കുത്തിയിരിക്കുന്ന,കുത്തിയിരിക്കുക
കുത്തിയിറക്കുക,കുത്തിയിറക്കുക
കുത്തിയിറക്കി,കുത്തിയിറക്കുക
കുത്തിയിളക്കുന്നു,കുത്തിയിളക്കുക
കുത്തിയിളക്കുന്ന,കുത്തിയിളക്കുക
കുത്തിയിളക്കി,കുത്തിയിളക്കുക
കുത്തിയെടുക്കുക,കുത്തിയെടുക്കുക
കുത്തിയെടുക്കുന്നു,കുത്തിയെടുക്കുക
കുത്തിയോട്ടം,കുത്തിയോട്ടം
കുത്തിവരയ്ക്കുന്ന,കുത്തിവരയ്ക്കുക
കുത്തുക,കുത്തുക
കുത്തി,കുത്തുക
കുത്തുന്നു,കുത്തുക
കുത്തുന്ന,കുത്തുക
കുത്തുക,കുത്തുക
കുത്തി,കുത്തുക
കുത്തുന്നു,കുത്തുക
കുത്തുന്ന,കുത്തുക
കുത്തുകല്ല്,കുത്തുകല്ല്
കുത്തുകല്ലിൻ,കുത്തുകല്ല്
കുത്തുപാര,കുത്തുപാര
കുത്തുപാള,കുത്തുപാള
കുത്തുവാക്ക്,കുത്തുവാക്ക്
കുത്തുവാക്കുകൾ,കുത്തുവാക്ക്
കുത്തുവിളക്ക്,കുത്തുവിളക്ക്
കുത്തുവിളക്കിന്റെ,കുത്തുവിളക്ക്
കുത്തുവിളക്കുകൾ,കുത്തുവിളക്ക്
കുത്ത്,കുത്ത്
കുത്തോട്ട്,കുത്ത്
കുത്തിന്,കുത്ത്
കുത്തിൽ,കുത്ത്
കുത്തുകൾ,കുത്ത്
കുത്തും,കുത്ത്
കുത്തുക,കുത്ത്
കുത്സിത,കുത്സിത
കുത്സിത,കുത്സിത
കുദാശ,കുദാശ
കുനി,കുനി
കുനിച്ചു,കുനിക്കുക
കുനിപ്പ്,കുനിപ്പ്
കുനിയുക,കുനിയുക
കുനിഞ്ഞു,കുനിയുക
കുനിയുന്ന,കുനിയുക
കുനിയുക,കുനിയുക
കുനിഞ്ഞു,കുനിയുക
കുനിയുന്ന,കുനിയുക
കുനു,കുനു
കുനുകുനെ,കുനുകുനെ
കുന്തം,കുന്തം
കുന്തങ്ങൾ,കുന്തം
കുന്തവും,കുന്തം
കുന്താണി,കുന്താണി
കുന്തി,കുന്തി
കുന്തീ,കുന്തി
കുന്തിരിക്കം,കുന്തിരിക്കം
കുന്ദ,കുന്ദ
കുന്ദ,കുന്ദ
കുന്ദം,കുന്ദം
കുന്നം,കുന്നം
കുന്നവും,കുന്നം
കുന്നത്തു്,കുന്നം
കുന്നത്ത്,കുന്നം
കുന്നൻ,കുന്നൻ
കുന്നൻ,കുന്നൻ
കുന്നി,കുന്നി
കുന്നീ,കുന്നി
കുന്ന്,കുന്ന്
കുന്നിനെ,കുന്ന്
കുന്നിനോട്,കുന്ന്
കുന്നിന്,കുന്ന്
കുന്നിൻ,കുന്ന്
കുന്നിന്റെ,കുന്ന്
കുന്നിൽ,കുന്ന്
കുന്നുകൾ,കുന്ന്
കുന്നും,കുന്ന്
കുന്നായ,കുന്ന്
കുപിതനും,കുപിതൻ
കുപ്,കുപ്
കുപ്പ,കുപ്പ
കുപ്പം,കുപ്പം
കുപ്പത്ത്,കുപ്പം
കുപ്പായം,കുപ്പായം
കുപ്പായവും,കുപ്പായം
കുപ്പായം,കുപ്പായം
കുപ്പായവും,കുപ്പായം
കുപ്പി,കുപ്പി
കുപ്രചരണം,കുപ്രചരണം
കുപ്രചരണങ്ങൾ,കുപ്രചരണം
കുപ്രസിദ്ധി,കുപ്രസിദ്ധി
കുബുദ്ധി,കുബുദ്ധി
കുബേര,കുബേര
കുബേര,കുബേര
കുബേരൻ,കുബേരൻ
കുബേരനെ,കുബേരൻ
കുബേരന്,കുബേരൻ
കുബേരന്റെ,കുബേരൻ
കുബേരനിൽ,കുബേരൻ
കുബേരനും,കുബേരൻ
കുഭം,കുഭം
കുമരി,കുമരി
കുമാര,കുമാര
കുമാരന്മാരെ,കുമാരന്മാർ
കുമാരന്മാരോട്,കുമാരന്മാർ
കുമാരന്മാരുടെ,കുമാരന്മാർ
കുമാരന്മാരും,കുമാരന്മാർ
കുമാരന്മാരേ,കുമാരന്മാർ
കുമാരൻ,കുമാരൻ
കുമാരനെ,കുമാരൻ
കുമാരന്,കുമാരൻ
കുമാരന്റെ,കുമാരൻ
കുമാരനും,കുമാരൻ
കുമാരസംഭവം,കുമാരസംഭവം
കുമാരസംഭവവും,കുമാരസംഭവം
കുമാരി,കുമാരി
കുമാരീ,കുമാരി
കുമാരിലഭട്ടൻ,കുമാരിലഭട്ടൻ
കുമാരിലഭട്ടനെ,കുമാരിലഭട്ടൻ
കുമാരിലഭട്ടന്റെ,കുമാരിലഭട്ടൻ
കുമാരീ,കുമാരീ
കുമാർഗവും,കുമാർഗം
കുമിച്ചു,കുമിക്കുക
കുമിഞ്ഞു,കുമിയുക
കുമിയുന്നു,കുമിയുക
കുമിള,കുമിള
കുമുദം,കുമുദം
കുമുദിനി,കുമുദിനി
കുമുദ്,കുമുദ്
കുമുദിൻ,കുമുദ്
കുമ്പ,കുമ്പ
കുമ്പൻ,കുമ്പൻ
കുമ്പളം,കുമ്പളം
കുമ്പളത്ത്,കുമ്പളം
കുമ്പിൾ,കുമ്പിൾ
കുമ്പിളിൽ,കുമ്പിൾ
കുമ്മനോട്,കുമ്മൻ
കുമ്മാട്ടി,കുമ്മാട്ടി
കുമ്മായം,കുമ്മായം
കുമ്മായങ്ങൾ,കുമ്മായം
കുമ്മായവും,കുമ്മായം
കുമ്മി,കുമ്മി
കുയി,കുയി
കുയിലൻ,കുയിലൻ
കുയിൽ,കുയിൽ
കുയില്,കുയിൽ
കുയിൽ,കുയിൽ
കുയില്,കുയിൽ
കുര,കുര
കുര,കുര
കുരക്കും,കുരക്ക്
കുരങ്ങൻ,കുരങ്ങൻ
കുരങ്ങനെ,കുരങ്ങൻ
കുരങ്ങന്,കുരങ്ങൻ
കുരങ്ങന്റെ,കുരങ്ങൻ
കുരങ്ങന്മാർ,കുരങ്ങൻ
കുരങ്ങനും,കുരങ്ങൻ
കുരങ്ങാ,കുരങ്ങൻ
കുരങ്ങാട്ടി,കുരങ്ങാട്ടി
കുരങ്ങ്,കുരങ്ങ്
കുരങ്ങിനെ,കുരങ്ങ്
കുരങ്ങിനോട്,കുരങ്ങ്
കുരങ്ങിന്,കുരങ്ങ്
കുരങ്ങിന്റെ,കുരങ്ങ്
കുരങ്ങിൽ,കുരങ്ങ്
കുരങ്ങുകൾ,കുരങ്ങ്
കുരങ്ങും,കുരങ്ങ്
കുരങ്ങായ,കുരങ്ങ്
കുരണ്ടി,കുരണ്ടി
കുരണ്ടിക,കുരണ്ടിക
കുരയ്ക്കുക,കുരയ്ക്കുക
കുരയ്ക്കുന്ന,കുരയ്ക്കുക
കുരവ,കുരവ
കുരികിൽ,കുരികിൽ
കുരികിൽ,കുരികിൽ
കുരിക്കത്ത്,കുരിക്കം
കുരിക്കൾ,കുരിക്കൾ
കുരിക്കളെ,കുരിക്കൾ
കുരിക്കളുടെ,കുരിക്കൾ
കുരിക്കളും,കുരിക്കൾ
കുരിയൻ,കുരിയൻ
കുരിയന്,കുരിയൻ
കുരിയന്റെ,കുരിയൻ
കുരിശുപള്ളി,കുരിശുപള്ളി
കുരിശുയുദ്ധം,കുരിശുയുദ്ധം
കുരു,കുരു
കുരു,കുരു
കുരുക്കൾ,കുരുക്കൾ
കുരുക്കളെ,കുരുക്കൾ
കുരുക്കളുടെ,കുരുക്കൾ
കുരുക്കളും,കുരുക്കൾ
കുരുക്കുക,കുരുക്കുക
കുരുക്കുന്നു,കുരുക്കുക
കുരുക്കുന്ന,കുരുക്കുക
കുരുക്കി,കുരുക്കുക
കുരുന്നു,കുരുക്കുക
കുരുക്ക്,കുരുക്ക്
കുരുക്കിനെ,കുരുക്ക്
കുരുക്കിന്,കുരുക്ക്
കുരുക്കിന്റെ,കുരുക്ക്
കുരുക്കിൽ,കുരുക്ക്
കുരുക്കുകൾ,കുരുക്ക്
കുരുക്കും,കുരുക്ക്
കുരുക്കുക,കുരുക്ക്
കുരുക്ക്,കുരുക്ക്
കുരുക്കിനെ,കുരുക്ക്
കുരുക്കിന്,കുരുക്ക്
കുരുക്കിന്റെ,കുരുക്ക്
കുരുക്കിൽ,കുരുക്ക്
കുരുക്കുകൾ,കുരുക്ക്
കുരുക്കും,കുരുക്ക്
കുരുക്കുക,കുരുക്ക്
കുരുക്ഷേത്രം,കുരുക്ഷേത്രം
കുരുങ്ങുന്നു,കുരുങ്ങുക
കുരുങ്ങുന്ന,കുരുങ്ങുക
കുരുങ്ങും,കുരുങ്ങ്
കുരുടൻ,കുരുടൻ
കുരുടന്,കുരുടൻ
കുരുടൻ,കുരുടൻ
കുരുടന്,കുരുടൻ
കുരുടി,കുരുടി
കുരുട്,കുരുട്
കുരുതി,കുരുതി
കുരുത്തം,കുരുത്തം
കുരുത്തോല,കുരുത്തോല
കുരുന്ന്,കുരുന്ന്
കുരുന്നിനെ,കുരുന്ന്
കുരുന്നിനോട്,കുരുന്ന്
കുരുന്നിന്,കുരുന്ന്
കുരുന്നിന്റെ,കുരുന്ന്
കുരുന്നുകൾ,കുരുന്ന്
കുരുന്നും,കുരുന്ന്
കുരുന്ന്,കുരുന്ന്
കുരുന്നിനെ,കുരുന്ന്
കുരുന്നിനോട്,കുരുന്ന്
കുരുന്നിന്,കുരുന്ന്
കുരുന്നിന്റെ,കുരുന്ന്
കുരുന്നുകൾ,കുരുന്ന്
കുരുന്നും,കുരുന്ന്
കുരുവി,കുരുവി
കുരുവി,കുരുവി
കുർത്ത,കുർത്ത
കുർസി,കുർസി
കുറ,കുറ
കുറവർ,കുറവർ
കുറവരും,കുറവർ
കുറവ്,കുറവ്
കുറവിനെ,കുറവ്
കുറവിന്,കുറവ്
കുറവിന്റെ,കുറവ്
കുറവിൽ,കുറവ്
കുറവുകൾ,കുറവ്
കുറവും,കുറവ്
കുറവായ,കുറവ്
കുറാ,കുറാ
കുറി,കുറി
കുറിപ്പ്,കുറിപ്പ്
കുറിപ്പിനെ,കുറിപ്പ്
കുറിപ്പിനോട്,കുറിപ്പ്
കുറിപ്പിന്,കുറിപ്പ്
കുറിപ്പിന്റെ,കുറിപ്പ്
കുറിപ്പിൽ,കുറിപ്പ്
കുറിപ്പുകൾ,കുറിപ്പ്
കുറിപ്പും,കുറിപ്പ്
കുറിൽ,കുറിൽ
കുറു,കുറു
കുറൂ,കുറു
കുറു,കുറു
കുറൂ,കുറു
കുറുക്കൻ,കുറുക്കൻ
കുറുക്കനെ,കുറുക്കൻ
കുറുക്കനോട്,കുറുക്കൻ
കുറുക്കന്,കുറുക്കൻ
കുറുക്കന്റെ,കുറുക്കൻ
കുറുക്കന്മാർ,കുറുക്കൻ
കുറുക്കനും,കുറുക്കൻ
കുറുക്ക്,കുറുക്ക്
കുറുക്കും,കുറുക്ക്
കുറുക്കുക,കുറുക്ക്
കുറുഞ്ഞി,കുറുഞ്ഞി
കുറുന്തല,കുറുന്തല
കുറുപ്പ്,കുറുപ്പ്
കുറുപ്പിനെ,കുറുപ്പ്
കുറുപ്പിന്,കുറുപ്പ്
കുറുപ്പിന്റെ,കുറുപ്പ്
കുറുപ്പുകൾ,കുറുപ്പ്
കുറുപ്പും,കുറുപ്പ്
കുറുപ്പായ,കുറുപ്പ്
കുറുമ,കുറുമ
കുറുമ്പൻ,കുറുമ്പൻ
കുറുമ്പനെ,കുറുമ്പൻ
കുറുമ്പനും,കുറുമ്പൻ
കുറുമ്പി,കുറുമ്പി
കുറുമ്പ്,കുറുമ്പ്
കുറുമ്പും,കുറുമ്പ്
കുറെ,കുറെ
കുറ്റം,കുറ്റം
കുറ്റങ്ങൾ,കുറ്റം
കുറ്റവും,കുറ്റം
കുറ്റം,കുറ്റം
കുറ്റങ്ങൾ,കുറ്റം
കുറ്റവും,കുറ്റം
കുറ്റാക്കുറ്റിരുട്ട്,കുറ്റാക്കുറ്റിരുട്ട്
കുറ്റി,കുറ്റി
കുറ്റി,കുറ്റി
കുല,കുല
കുല,കുല
കുലം,കുലം
കുലവും,കുലം
കുലം,കുലം
കുലവും,കുലം
കുലഗുരു,കുലഗുരു
കുലട,കുലട
കുലദൈവം,കുലദൈവം
കുലപതി,കുലപതി
കുലമഹിമ,കുലമഹിമ
കുലയ്ക്കുന്ന,കുലയ്ക്കുക
കുലവൻ,കുലവൻ
കുലവാട്ടം,കുലവാട്ടം
കുലവാഴ,കുലവാഴ
കുലവും,കുലവ്
കുലശേഖരൻ,കുലശേഖരൻ
കുലശേഖരന്റെ,കുലശേഖരൻ
കുലശേഖരന്മാർ,കുലശേഖരൻ
കുലാ,കുലാ
കുലാല,കുലാല
കുലീന,കുലീന
കുലുക്കി,കുലുക്കി
കുളം,കുളം
കുളങ്ങൾ,കുളം
കുളവും,കുളം
കുളത്ത്,കുളം
കുളമ്പ്,കുളമ്പ്
കുളമ്പിന്റെ,കുളമ്പ്
കുളമ്പിൽ,കുളമ്പ്
കുളമ്പുകൾ,കുളമ്പ്
കുളമ്പും,കുളമ്പ്
കുളി,കുളി
കുളിരിനെ,കുളിർ
കുളിരിന്,കുളിർ
കുളിരുകൾ,കുളിർ
കുളിരും,കുളിർ
കുഴ,കുഴ
കുഴ,കുഴ
കുഴഞ്ഞു,കുഴയുക
കുഴയുന്നു,കുഴയുക
കുഴൽ,കുഴൽ
കുഴല്,കുഴൽ
കുഴി,കുഴി
കുഴിക്കാണം,കുഴിക്കാണം
കുഴിയൻ,കുഴിയൻ
കുഴിയന്,കുഴിയൻ
കുവലയ,കുവലയ
കുശ,കുശ
കുശല,കുശല
കുശ്മാണ്ഡ,കുശ്മാണ്ഡ
കുഷ്ഠ,കുഷ്ഠ
കുസുമ,കുസുമ
കുസൃതി,കുസൃതി
കൂ,കൂ
കൂ,കൂ
കൂകൽ,കൂകൽ
കൂച്ചു,കൂക്കുക
കൂക്കി,കൂക്കുക
കൂച്ച്,കൂച്ച്
കൂച്ച്,കൂച്ച്
കൂജനം,കൂജനം
കൂജനവും,കൂജനം
കൂട,കൂട
കൂട,കൂട
കൂടം,കൂടം
കൂടങ്ങൾ,കൂടം
കൂടവും,കൂടം
കൂടുക,കൂടുക
കൂടുന്നു,കൂടുക
കൂടുന്ന,കൂടുക
കൂടുക,കൂടുക
കൂടുന്നു,കൂടുക
കൂടുന്ന,കൂടുക
കൂടുതൽ,കൂടുതൽ
കൂടുതല്,കൂടുതൽ
കൂടെ,കൂടെ
കൂടെ,കൂടെ
കൂട്,കൂട്
കൂടിനെ,കൂട്
കൂടിന്,കൂട്
കൂടിന്റെ,കൂട്
കൂടിൽ,കൂട്
കൂടുകൾ,കൂട്
കൂടും,കൂട്
കൂടാം,കൂട്
കൂടുക,കൂട്
കൂട്ട്,കൂട്
കൂട്,കൂട്
കൂടിനെ,കൂട്
കൂടിന്,കൂട്
കൂടിന്റെ,കൂട്
കൂടിൽ,കൂട്
കൂടുകൾ,കൂട്
കൂടും,കൂട്
കൂടാം,കൂട്
കൂടുക,കൂട്
കൂട്ട്,കൂട്
കൂട്ട,കൂട്ട
കൂട്ടം,കൂട്ടം
കൂട്ടങ്ങൾ,കൂട്ടം
കൂട്ടവും,കൂട്ടം
കൂട്ടർ,കൂട്ടർ
കൂട്ടരെ,കൂട്ടർ
കൂട്ടരുടെ,കൂട്ടർ
കൂട്ടരും,കൂട്ടർ
കൂട്ടരേ,കൂട്ടർ
കൂട്ടൽ,കൂട്ടൽ
കൂട്ടല്,കൂട്ടൽ
കൂട്ടാൻ,കൂട്ടാൻ
കൂട്ടാന്,കൂട്ടാൻ
കൂട്ടാന്റെ,കൂട്ടാൻ
കൂട്ടാനും,കൂട്ടാൻ
കൂട്ടാനേ,കൂട്ടാൻ
കൂട്ടാളി,കൂട്ടാളി
കൂട്ടാളും,കൂട്ടാൾ
കൂട്ടുക,കൂട്ടുക
കൂട്ടുന്നു,കൂട്ടുക
കൂട്ടുന്ന,കൂട്ടുക
കൂട്ട്,കൂട്ട്
കൂട്ടിന്,കൂട്ട്
കൂട്ടിന്റെ,കൂട്ട്
കൂട്ടിൽ,കൂട്ട്
കൂട്ടുകൾ,കൂട്ട്
കൂട്ടും,കൂട്ട്
കൂട്ടാം,കൂട്ട്
കൂട്ടുക,കൂട്ട്
കൂട്ടായ,കൂട്ട്
കൂത്ത്,കൂത്ത്
കൂത്തിന്,കൂത്ത്
കൂത്തിന്റെ,കൂത്ത്
കൂത്തിൽ,കൂത്ത്
കൂത്തും,കൂത്ത്
കൂദാശ,കൂദാശ
കൂന,കൂന
കൂനി,കൂനി
കൂന്,കൂന്
കൂനിന്,കൂന്
കൂന്തൽ,കൂന്തൽ
കൂൻ,കൂൻ
കൂന്,കൂൻ
കൂപ്പുകൈ,കൂപ്പുകൈ
കൂപ്പ്,കൂപ്പ്
കൂപ്പിന്,കൂപ്പ്
കൂപ്പിൽ,കൂപ്പ്
കൂപ്പുകൾ,കൂപ്പ്
കൂപ്പും,കൂപ്പ്
കൂപ്പ്,കൂപ്പ്
കൂപ്പിന്,കൂപ്പ്
കൂപ്പിൽ,കൂപ്പ്
കൂപ്പുകൾ,കൂപ്പ്
കൂപ്പും,കൂപ്പ്
കൂമ്പ്,കൂമ്പ്
കൂമ്പിന്റെ,കൂമ്പ്
കൂമ്പിൽ,കൂമ്പ്
കൂര,കൂര
കൂരൻ,കൂരൻ
കൂരി,കൂരി
കൂര്,കൂര്
കൂർ,കൂർ
കൂറ്,കൂർ
കൂർ,കൂർ
കൂറ്,കൂർ
കൂർക്ക,കൂർക്ക
കൂർമ,കൂർമ
കൂറ,കൂറ
കൂറ,കൂറ
കൂറുക,കൂറുക
കൂറി,കൂറുക
കൂറുന്നു,കൂറുക
കൂറ്,കൂറ്
കൂറിന്,കൂറ്
കൂറിന്,കൂറ്
കൂറിന്റെ,കൂറ്
കൂറിന്റെ,കൂറ്
കൂറിൽ,കൂറ്
കൂറിൽ,കൂറ്
കൂറും,കൂറ്
കൂറുക,കൂറ്
കൂറ്,കൂറ്
കൂറിന്,കൂറ്
കൂറിന്,കൂറ്
കൂറിന്റെ,കൂറ്
കൂറിന്റെ,കൂറ്
കൂറിൽ,കൂറ്
കൂറിൽ,കൂറ്
കൂറും,കൂറ്
കൂറുക,കൂറ്
കൂറ്റൻ,കൂറ്റൻ
കൂറ്റനെ,കൂറ്റൻ
കൂറ്റന്,കൂറ്റൻ
കൂറ്റനാൽ,കൂറ്റൻ
കൂറ്റൻ,കൂറ്റൻ
കൂറ്റനെ,കൂറ്റൻ
കൂറ്റന്,കൂറ്റൻ
കൂറ്റനാൽ,കൂറ്റൻ
കൂറ്റ്,കൂറ്റ്
കൂറ്റിന്,കൂറ്റ്
കൂറ്റിന്,കൂറ്റ്
കൂറ്റ്,കൂറ്റ്
കൂറ്റിന്,കൂറ്റ്
കൂറ്റിന്,കൂറ്റ്
കൂലം,കൂലം
കൂലി,കൂലി
കൂലി,കൂലി
കൂള,കൂള
കൂളം,കൂളം
കൂളി,കൂളി
കൂളി,കൂളി
കൂഴ,കൂഴ
കൂഴിൽ,കൂഴ്
കൂവ,കൂവ
കൂവള,കൂവള
കൂവളം,കൂവളം
കൂവളവും,കൂവളം
കൂവളത്ത്,കൂവളം
കൂവുന്നു,കൂവുക
കൂവുന്ന,കൂവുക
കൂശ്മാണ്ഡ,കൂശ്മാണ്ഡ
കൂസ,കൂസ
കൂസ്,കൂസ്
കൃ,കൃ
കൃത,കൃത
കൃത,കൃത
കൃതി,കൃതി
കൃതിന്റെ,കൃതിൻ
കൃതിന്റെ,കൃത്
കൃത്ത്,കൃത്ത്
കൃത്തിന്,കൃത്ത്
കൃത്തും,കൃത്ത്
കൃത്യ,കൃത്യ
കൃത്രിമ,കൃത്രിമ
കൃപ,കൃപ
കൃപാ,കൃപാ
കൃമി,കൃമി
കൃഷ,കൃഷ
കൃഷി,കൃഷി
കൃഷ്,കൃഷ്
കൃഷും,കൃഷ്
കൃഷ്ണ,കൃഷ്ണ
കൃഷ്ണാ,കൃഷ്ണാ
കൃസരി,കൃസരി
കെങ്കേമം,കെങ്കേമം
കെടാവിളക്ക്,കെടാവിളക്ക്
കെടാവിളക്കിന്,കെടാവിളക്ക്
കെടാവിളക്കിന്റെ,കെടാവിളക്ക്
കെടാവിളക്കും,കെടാവിളക്ക്
കെടു,കെടു
കെടൂ,കെടു
കെടു,കെടു
കെടൂ,കെടു
കെടുന്നു,കെടുക
കെടുന്ന,കെടുക
കെടുന്നു,കെടുക
കെടുന്ന,കെടുക
കെടുത്തി,കെടുത്തുക
കെടുത്തുന്നു,കെടുത്തുക
കെടുത്തുന്ന,കെടുത്തുക
കെടും,കെട്
കെടായ,കെട്
കെട്ട്,കെട്
കെട്ട,കെട്ട
കെട്ടി,കെട്ടി
കെട്ടിടം,കെട്ടിടം
കെട്ടിടങ്ങൾ,കെട്ടിടം
കെട്ടിടവും,കെട്ടിടം
കെട്ടിനിൽക്കുന്നു,കെട്ടിനിൽക്കുക
കെട്ടിനിൽക്കുന്ന,കെട്ടിനിൽക്കുക
കെട്ടിപ്പാച്ചൽ,കെട്ടിപ്പാച്ചൽ
കെട്ടിവയ്ക്കുക,കെട്ടിവയ്ക്കുക
കെട്ടിവയ്ക്കുന്നു,കെട്ടിവയ്ക്കുക
കെട്ടിവയ്ക്കുന്ന,കെട്ടിവയ്ക്കുക
കെട്ടിവലിച്ചു,കെട്ടിവലിക്കുക
കെട്ടിവലിക്കുന്ന,കെട്ടിവലിക്കുക
കെട്ടുക,കെട്ടുക
കെട്ടുന്നു,കെട്ടുക
കെട്ടുന്ന,കെട്ടുക
കെട്ടുക,കെട്ടുക
കെട്ടുന്നു,കെട്ടുക
കെട്ടുന്ന,കെട്ടുക
കെട്ടുവള്ളം,കെട്ടുവള്ളം
കെട്ടുവള്ളങ്ങൾ,കെട്ടുവള്ളം
കെട്ട്,കെട്ട്
കെട്ടിനോട്,കെട്ട്
കെട്ടിന്,കെട്ട്
കെട്ടിന്റെ,കെട്ട്
കെട്ടിൽ,കെട്ട്
കെട്ടുകൾ,കെട്ട്
കെട്ടും,കെട്ട്
കെട്ടാം,കെട്ട്
കെട്ടുക,കെട്ട്
കെണി,കെണി
കെണി,കെണി
കെന്നി,കെന്നി
കെമ്പിന്റെ,കെമ്പ്
കെൽപ്,കെൽപ്
കൊക്കന്,കൊക്കൻ
കൊച്ചു,കൊക്കുക
കൊന്നു,കൊക്കുക
കൊച്ചി,കൊച്ചി
കൊച്ചി,കൊച്ചി
കൊച്ചിന്,കൊച്ച്
കൊച്ചിൻ,കൊച്ച്
കൊടി,കൊടി
കൊടി,കൊടി
കൊടിയ,കൊടിയ
കൊടും,കൊടും
കൊടുത്ത്,കൊടും
കൊടുക്കുക,കൊടുക്കുക
കൊടുക്കുക,കൊടുക്കുക
കൊടുങ്കാറ്റ്,കൊടുങ്കാറ്റ്
കൊടുങ്കാറ്റിന്റെ,കൊടുങ്കാറ്റ്
കൊടുങ്കാറ്റിന്റെ,കൊടുങ്കാറ്റ്
കൊടുങ്കാറ്റിൽ,കൊടുങ്കാറ്റ്
കൊടുങ്കാറ്റിൽ,കൊടുങ്കാറ്റ്
കൊടുങ്ങല്ലൂർ,കൊടുങ്ങല്ലൂർ
കൊടുതി,കൊടുതി
കൊടുമ്പിരി,കൊടുമ്പിരി
കൊട്,കൊട്
കൊടും,കൊട്
കൊണ്ട,കൊണ്ട
കൊണ്ട,കൊണ്ട
കൊണ്ട്,കൊണ്ട്
കൊണ്ടും,കൊണ്ട്
കൊതി,കൊതി
കൊതി,കൊതി
കൊന്ന,കൊന്ന
കൊപ്ര,കൊപ്ര
കൊമ്പ്,കൊമ്പ്
കൊമ്പ്,കൊമ്പ്
കൊയ്ത്ത്,കൊയ്ത്ത്
കൊയ്ത്ത്,കൊയ്ത്ത്
കൊല,കൊല
കൊല,കൊല
കൊലക്കുറ്റം,കൊലക്കുറ്റം
കൊലയാളി,കൊലയാളി
കൊല്ലം,കൊല്ലം
കൊല്ലത്ത്,കൊല്ലം
കൊല്ലവർഷം,കൊല്ലവർഷം
കൊല്ലുന്ന,കൊല്ലുക
കൊല്ലുന്ന,കൊല്ലുക
കൊളുത്തി,കൊളുത്തുക
കൊള്ള,കൊള്ള
കൊള്ളയടിച്ചു,കൊള്ളയടിക്കുക
കൊള്ളുന്ന,കൊള്ളുക
കൊള്ളുന്ന,കൊള്ളുക
കൊള്ളും,കൊള്ള്
കൊള്ളാം,കൊള്ള്
കൊഴിച്ചിൽ,കൊഴിച്ചിൽ
കൊഴിച്ചില്,കൊഴിച്ചിൽ
കൊഴിഞ്ഞു,കൊഴിയുക
കൊഴിയുന്നു,കൊഴിയുക
കൊവ്വൽ,കൊവ്വൽ
കേകിന്,കേകിൻ
കേടാ,കേടൻ
കേട്,കേട്
കേടിന്റെ,കേട്
കേടും,കേട്
കേടായ,കേട്
കേട്ട്,കേട്
കേണി,കേണി
കേതു,കേതു
കേന,കേന
കേന്ദ്ര,കേന്ദ്ര
കേന്ദ്രഗവണ്മെന്റ്,കേന്ദ്രഗവണ്മെന്റ്
കേന്ദ്രഗവണ്മെന്റിന്,കേന്ദ്രഗവണ്മെന്റ്
കേന്ദ്രഗവണ്മെന്റിന്,കേന്ദ്രഗവണ്മെന്റ്
കേന്ദ്രഗവണ്മെന്റിന്റെ,കേന്ദ്രഗവണ്മെന്റ്
കേന്ദ്രഗവണ്മെന്റിന്റെ,കേന്ദ്രഗവണ്മെന്റ്
കേന്ദ്രഗവണ്മെന്റും,കേന്ദ്രഗവണ്മെന്റ്
കേമത്തം,കേമത്തം
കേമ്പിരി,കേമ്പിരി
കേയി,കേയി
കേരല,കേരല
കേറി,കേറുക
കേറുന്ന,കേറുക
കേറും,കേറ്
കേലി,കേലി
കേളൻ,കേളൻ
കേളനെ,കേളൻ
കേളന്,കേളൻ
കേളന്റെ,കേളൻ
കേളനും,കേളൻ
കേളി,കേളി
കേളീ,കേളി
കേള്,കേള്
കേള്,കേള്
കേൾ,കേൾ
കേൾക്കുക,കേൾക്കുക
കേൾക്കുന്നു,കേൾക്കുക
കേൾക്കുന്ന,കേൾക്കുക
കേൾക്കുക,കേൾക്കുക
കേൾക്കുന്നു,കേൾക്കുക
കേൾക്കുന്ന,കേൾക്കുക
കേഴ,കേഴ
കേഴുക,കേഴുക
കേഴുന്നു,കേഴുക
കേഴുന്ന,കേഴുക
കേഴുക,കേഴുക
കേഴുന്നു,കേഴുക
കേഴുന്ന,കേഴുക
കേഴുക,കേഴ്
കേഴ്വി,കേഴ്വി
കേവല,കേവല
കേവലാ,കേവലാ
കേശ,കേശ
കേശം,കേശം
കേശവ,കേശവ
കേശ്,കേശ്
കേസ,കേസ
കോ,കോ
കോ,കോ
കോങ്കണ്ണും,കോങ്കണ്ണ്
കോച്ച്,കോച്ച്
കോടി,കോടി
കോടി,കോടി
കോട്ട്,കോട്
കോട്ട്,കോട്
കോട്ട,കോട്ട
കോട്ട,കോട്ട
കോട്ട്,കോട്ട്
കോണത്ത്,കോണം
കോൺ,കോൺ
കോൺ,കോൺ
കോൺസ്റ്റബിൾ,കോൺസ്റ്റബിൾ
കോർ,കോർ
കോലം,കോലം
കോലം,കോലം
കോളാമ്പി,കോളാമ്പി
കോളുകൾ,കോള്
കോൾ,കോൾ
കോളുകൾ,കോൾ
കോൾ,കോൾ
കോളുകൾ,കോൾ
കോഴ,കോഴ
കോഴ,കോഴ
കോഴിക്കോട്,കോഴിക്കോട്
കോഴിക്കോടിന്റെ,കോഴിക്കോട്
കോഴിക്കോടും,കോഴിക്കോട്
കോഴിക്കോട്ട്,കോഴിക്കോട്
കൈ,കൈ
കൈ,കൈ
കൈകാര്യം,കൈകാര്യം
കൈകാര്യവും,കൈകാര്യം
കൈകൂപ്പുന്നു,കൈകൂപ്പുക
കൈകൂപ്പുന്ന,കൈകൂപ്പുക
കൈകൂപ്പും,കൈകൂപ്പ്
കൈകേയീ,കൈകേയീ
കൈക്കാരൻ,കൈക്കാരൻ
കൈക്കാരന്,കൈക്കാരൻ
കൈക്കുമ്പിൾ,കൈക്കുമ്പിൾ
കൈക്കുമ്പിളിൽ,കൈക്കുമ്പിൾ
കൈക്കൂലി,കൈക്കൂലി
കൈക്കൊള്ളുക,കൈക്കൊള്ളുക
കൈക്കോട്ടും,കൈക്കോട്ട്
കൈക്കോട്ടും,കൈക്കോട്ട്
കൈക്രിയ,കൈക്രിയ
കൈചൂണ്ടി,കൈചൂണ്ടി
കൈച്ചങ്ങല,കൈച്ചങ്ങല
കൈതച്ചക്ക,കൈതച്ചക്ക
കൈതാങ്ങി,കൈതാങ്ങി
കൈത്തണ്ട,കൈത്തണ്ട
കൈത്തരിപ്പ്,കൈത്തരിപ്പ്
കൈത്താങ്ങ്,കൈത്താങ്ങ്
കൈത്താങ്ങിന്,കൈത്താങ്ങ്
കൈത്താങ്ങിന്റെ,കൈത്താങ്ങ്
കൈത്താങ്ങിൽ,കൈത്താങ്ങ്
കൈത്താങ്ങും,കൈത്താങ്ങ്
കൈത്തിരി,കൈത്തിരി
കൈത്തെറ്റ്,കൈത്തെറ്റ്
കൈനാറി,കൈനാറി
കൈനീട്ടം,കൈനീട്ടം
കൈനീട്ടവും,കൈനീട്ടം
കൈനീട്ടുന്ന,കൈനീട്ടുക
കൈപിടിക്കുക,കൈപിടിക്കുക
കൈപിടിച്ചു,കൈപിടിക്കുക
കൈപിടിക്കുന്നു,കൈപിടിക്കുക
കൈപ്പട,കൈപ്പട
കൈപ്പടം,കൈപ്പടം
കൈപ്പണി,കൈപ്പണി
കൈപ്പത്തി,കൈപ്പത്തി
കൈപ്പറ്റുക,കൈപ്പറ്റുക
കൈപ്പറ്റി,കൈപ്പറ്റുക
കൈപ്പറ്റുന്നു,കൈപ്പറ്റുക
കൈപ്പറ്റുന്ന,കൈപ്പറ്റുക
കൈപ്പാട്,കൈപ്പാട്
കൈപ്പാടിന്റെ,കൈപ്പാട്
കൈപ്പാടിൽ,കൈപ്പാട്
കൈപ്പാണി,കൈപ്പാണി
കൈപ്പിഴ,കൈപ്പിഴ
കൈമടക്ക്,കൈമടക്ക്
കൈമടക്കിനോട്,കൈമടക്ക്
കൈമടക്കും,കൈമടക്ക്
കൈമണി,കൈമണി
കൈമൾ,കൈമൾ
കൈമളെ,കൈമൾ
കൈമളുടെ,കൈമൾ
കൈമളിന്റെ,കൈമൾ
കൈമളും,കൈമൾ
കൈമളേ,കൈമൾ
കൈമൾ,കൈമൾ
കൈമളെ,കൈമൾ
കൈമളുടെ,കൈമൾ
കൈമളിന്റെ,കൈമൾ
കൈമളും,കൈമൾ
കൈമളേ,കൈമൾ
കൈമാറുക,കൈമാറുക
കൈമാറി,കൈമാറുക
കൈമാറുന്നു,കൈമാറുക
കൈമാറുന്ന,കൈമാറുക
കൈമാറും,കൈമാറ്
കൈമാറാം,കൈമാറ്
കൈമാറുക,കൈമാറ്
കൈമാറ്റം,കൈമാറ്റം
കൈമാറ്റങ്ങൾ,കൈമാറ്റം
കൈമാറ്റവും,കൈമാറ്റം
കൈമുക്കി,കൈമുക്കുക
കൈമുട്ട്,കൈമുട്ട്
കൈമുട്ടിന്,കൈമുട്ട്
കൈമുട്ടിന്റെ,കൈമുട്ട്
കൈമുട്ടിൽ,കൈമുട്ട്
കൈമുതൽ,കൈമുതൽ
കൈമുതല്,കൈമുതൽ
കൈമുത്ത്,കൈമുത്ത്
കൈമോശം,കൈമോശം
കൈയടക്കം,കൈയടക്കം
കൈയടക്കുക,കൈയടക്കുക
കൈയടക്കുന്നു,കൈയടക്കുക
കൈയടക്കുന്ന,കൈയടക്കുക
കൈയടക്കി,കൈയടക്കുക
കൈയടിച്ചു,കൈയടിക്കുക
കൈയടിക്കുന്ന,കൈയടിക്കുക
കൈയുറ,കൈയുറ
കൈയൂക്കിന്റെ,കൈയൂക്ക്
കൈയൂക്കും,കൈയൂക്ക്
കൈയൂരി,കൈയൂരി
കൈയൊഴിഞ്ഞു,കൈയൊഴിയുക
കൈയ്,കൈയ്
കൈയാൽ,കൈയ്
കൈയിന്റെ,കൈയ്
കൈയിൽ,കൈയ്
കൈയും,കൈയ്
കൈലാസ,കൈലാസ
കൈലി,കൈലി
കൈൽ,കൈൽ
കൈവട്ടക,കൈവട്ടക
കൈവയ്ക്കുന്നു,കൈവയ്ക്കുക
കൈവയ്ക്കുന്ന,കൈവയ്ക്കുക
കൈവരി,കൈവരി
കൈവരിക്കുക,കൈവരിക്കുക
കൈവരിച്ചു,കൈവരിക്കുക
കൈവരിക്കുന്നു,കൈവരിക്കുക
കൈവരിക്കുന്ന,കൈവരിക്കുക
കൈവരുക,കൈവരുക
കൈവരുന്നു,കൈവരുക
കൈവരുന്ന,കൈവരുക
കൈവല്യ,കൈവല്യ
കൈവള,കൈവള
കൈവഴക്കം,കൈവഴക്കം
കൈവിടുന്നു,കൈവിടുക
കൈവിടുന്ന,കൈവിടുക
കൈവിലങ്ങ്,കൈവിലങ്ങ്
കൈവിലങ്ങുകൾ,കൈവിലങ്ങ്
കൈവിളക്ക്,കൈവിളക്ക്
കൈവെടിയുക,കൈവെടിയുക
കൈവെടിഞ്ഞു,കൈവെടിയുക
കൈവെടിയുന്നു,കൈവെടിയുക
കൈവെള്ള,കൈവെള്ള
കൈവേല,കൈവേല
ക്,ക്
കോട്ട്,ക്
കിന്,ക്
കിൻ,ക്
കാൽ,ക്
കിന്റെ,ക്
കിൽ,ക്
കും,ക്
കാം,ക്
കുക,ക്
കേക്ക്,ക്
കായ,ക്
ക്ക്,ക്ക്
ക്കും,ക്ക്
ക്കാം,ക്ക്
ക്കുക,ക്ക്
ക്തി,ക്തി
ക്യ,ക്യ
ക്രവും,ക്രം
ക്രതു,ക്രതു
ക്രമ,ക്രമ
ക്രമം,ക്രമം
ക്രമങ്ങൾ,ക്രമം
ക്രമവും,ക്രമം
ക്രമിക,ക്രമിക
ക്രയ,ക്രയ
ക്രയിന്,ക്രയിൻ
ക്രാന്ത,ക്രാന്ത
ക്രാന്തി,ക്രാന്തി
ക്രിയ,ക്രിയ
ക്രിയാ,ക്രിയാ
ക്രിസ്താബ്ദം,ക്രിസ്താബ്ദം
ക്രിസ്തുമതം,ക്രിസ്തുമതം
ക്രിസ്തുമതവും,ക്രിസ്തുമതം
ക്രീ,ക്രീ
ക്രീഡാ,ക്രീഡാ
ക്രീഡ്,ക്രീഡ്
ക്രീഡിൽ,ക്രീഡ്
ക്രൂര,ക്രൂര
ക്രൂശിച്ചു,ക്രൂശിക്കുക
ക്രൂശിക്കുന്നു,ക്രൂശിക്കുക
ക്രൂശിക്കുന്ന,ക്രൂശിക്കുക
ക്രൂശിന്റെ,ക്രൂശ്
ക്രൂശിൽ,ക്രൂശ്
ക്ലാവ്,ക്ലാവ്
ക്ലിപ്ത,ക്ലിപ്ത
ക്ലേശ,ക്ലേശ
ക്ലേശം,ക്ലേശം
ക്ലേശങ്ങൾ,ക്ലേശം
ക്ലേശവും,ക്ലേശം
ക്ഷ,ക്ഷ
ക്ഷ,ക്ഷ
ക്ഷണ,ക്ഷണ
ക്ഷണാത്,ക്ഷണാത്
ക്ഷണിക,ക്ഷണിക
ക്ഷണേന,ക്ഷണേന
ക്ഷത,ക്ഷത
ക്ഷത,ക്ഷത
ക്ഷത്രം,ക്ഷത്രം
ക്ഷത്രിയ,ക്ഷത്രിയ
ക്ഷമ,ക്ഷമ
ക്ഷമതാ,ക്ഷമതാ
ക്ഷമാ,ക്ഷമാ
ക്ഷയ,ക്ഷയ
ക്ഷര,ക്ഷര
ക്ഷാന്തി,ക്ഷാന്തി
ക്ഷാമ,ക്ഷാമ
ക്ഷാര,ക്ഷാര
ക്ഷി,ക്ഷി
ക്ഷിപ്തം,ക്ഷിപ്തം
ക്ഷിപ്ര,ക്ഷിപ്ര
ക്ഷീണ,ക്ഷീണ
ക്ഷീര,ക്ഷീര
ക്ഷുദ്ര,ക്ഷുദ്ര
ക്ഷുദ്രാ,ക്ഷുദ്രാ
ക്ഷേത്ര,ക്ഷേത്ര
ക്ഷേമ,ക്ഷേമ
കൗടില്യ,കൗടില്യ
കൗടില്യങ്ങൾ,കൗടില്യം
കൗടില്യവും,കൗടില്യം
കൗടില്യന്,കൗടില്യൻ
കൗടില്യന്റെ,കൗടില്യൻ
കൗതുക,കൗതുക
കൗമാര,കൗമാര
കൗമാരീ,കൗമാരീ
കൗമുദി,കൗമുദി
കൗല,കൗല
കൗശല,കൗശല
കൗശികാ,കൗശികാ
ഖജാന,ഖജാന
ഖഡ്ഗ,ഖഡ്ഗ
ഖണ്ഡ,ഖണ്ഡ
ഖണ്ഡന,ഖണ്ഡന
ഖണ്ഡിത,ഖണ്ഡിത
ഖണ്ഡ്,ഖണ്ഡ്
ഖനന,ഖനന
ഖനി,ഖനി
ഖനാൽ,ഖന്
ഖനാം,ഖന്
ഖൻ,ഖൻ
ഖനാൽ,ഖൻ
ഖാ,ഖൻ
ഖര,ഖര
ഖല,ഖല
ഖലാസി,ഖലാസി
ഖലീഫ്,ഖലീഫ്
ഖലീഫിന്റെ,ഖലീഫ്
ഖലിൽ,ഖല്
ഖലിൽ,ഖല്
ഖലാം,ഖല്
ഖൽബിന്റെ,ഖൽബ്
ഖൽബിൽ,ഖൽബ്
ഖിച്ഡി,ഖിച്ഡി
ഖില,ഖില
ഖിലാഡി,ഖിലാഡി
ഖു,ഖു
ഖുദ,ഖുദ
ഖുറാൻ,ഖുറാൻ
ഖുറാനെ,ഖുറാൻ
ഖുറാന്,ഖുറാൻ
ഖുറാന്റെ,ഖുറാൻ
ഖുറാനിൽ,ഖുറാൻ
ഖുറാനും,ഖുറാൻ
ഖേദ,ഖേദ
ഖേമ,ഖേമ
ഖേല,ഖേല
ഖേല്,ഖേല്
ഖേലെ,ഖേല്
ഖേവ,ഖേവ
ഖോഖോ,ഖോഖോ
ഖ്യാതി,ഖ്യാതി
ഗ,ഗ
ഗ,ഗ
ഗം,ഗം
ഗങ്ങൾ,ഗം
ഗവും,ഗം
ഗത്ത്,ഗം
ഗംഗാ,ഗംഗാ
ഗംഭീര,ഗംഭീര
ഗച്ഛ,ഗച്ഛ
ഗജ,ഗജ
ഗജേന്ദ്ര,ഗജേന്ദ്ര
ഗഞ്ചിറ,ഗഞ്ചിറ
ഗണ,ഗണ
ഗണം,ഗണം
ഗണങ്ങൾ,ഗണം
ഗണവും,ഗണം
ഗണനാ,ഗണനാ
ഗണപതി,ഗണപതി
ഗണപതീ,ഗണപതി
ഗണിത,ഗണിത
ഗണ്,ഗണ്
ഗണ്ഡ,ഗണ്ഡ
ഗണ്ഡകീ,ഗണ്ഡകീ
ഗണ്ഡു,ഗണ്ഡു
ഗതി,ഗതി
ഗതിക,ഗതിക
ഗദ,ഗദ
ഗദാ,ഗദാ
ഗന്ധ,ഗന്ധ
ഗന്ധർവ,ഗന്ധർവ
ഗന്ധി,ഗന്ധി
ഗന്ധീ,ഗന്ധി
ഗമ,ഗമ
ഗമ,ഗമ
ഗമക,ഗമക
ഗമന,ഗമന
ഗമിക്കുന്ന,ഗമിക്കുക
ഗമാൽ,ഗമ്
ഗയ,ഗയ
ഗയാ,ഗയാ
ഗരുഡ,ഗരുഡ
ഗർഭ,ഗർഭ
ഗല,ഗല
ഗലങ്ങൾ,ഗലം
ഗലാ,ഗലാ
ഗല്,ഗല്
ഗലെ,ഗല്
ഗലോട്ട്,ഗല്
ഗലിന്,ഗല്
ഗലിന്,ഗല്
ഗവ,ഗവ
ഗവേഷക,ഗവേഷക
ഗവേഷണ,ഗവേഷണ
ഗഹന,ഗഹന
ഗാ,ഗാ
ഗാഢ,ഗാഢ
ഗാത്ര,ഗാത്ര
ഗാദ,ഗാദ
ഗാന,ഗാന
ഗാന്ധർവ,ഗാന്ധർവ
ഗാന്ധാരീ,ഗാന്ധാരീ
ഗാമിനി,ഗാമിനി
ഗായത്രീ,ഗായത്രീ
ഗാര,ഗാര
ഗാരു,ഗാരു
ഗാഹിന്റെ,ഗാഹിൻ
ഗാഹ്,ഗാഹ്
ഗാഹിന്റെ,ഗാഹ്
ഗാഹിൽ,ഗാഹ്
ഗിരി,ഗിരി
ഗിര്,ഗിര്
ഗീത,ഗീത
ഗീതാ,ഗീതാ
ഗീതി,ഗീതി
ഗീഥ,ഗീഥ
ഗീഥാ,ഗീഥാ
ഗു,ഗു
ഗൂ,ഗു
ഗുജറാത്തി,ഗുജറാത്തി
ഗുഡ,ഗുഡ
ഗുണ,ഗുണ
ഗുണമാകുക,ഗുണമാകുക
ഗുണമാകുന്ന,ഗുണമാകുക
ഗുണ്ട്,ഗുണ്ട്
ഗുണ്ടാം,ഗുണ്ട്
ഗുദ,ഗുദ
ഗുപ്ത,ഗുപ്ത
ഗുപ്താ,ഗുപ്താ
ഗുമ്മൻ,ഗുമ്മൻ
ഗുരു,ഗുരു
ഗുരുക്കൾ,ഗുരുക്കൾ
ഗുരുക്കളെ,ഗുരുക്കൾ
ഗുരുക്കളുടെ,ഗുരുക്കൾ
ഗുരുക്കളും,ഗുരുക്കൾ
ഗുലാം,ഗുലാം
ഗുസ്തിക്കാരൻ,ഗുസ്തിക്കാരൻ
ഗുസ്തിക്കാരനും,ഗുസ്തിക്കാരൻ
ഗുഹ,ഗുഹ
ഗുഹാ,ഗുഹാ
ഗുഹ്യ,ഗുഹ്യ
ഗൂഢ,ഗൂഢ
ഗൂഹ്,ഗൂഹ്
ഗൃഹ,ഗൃഹ
ഗൃഹ്,ഗൃഹ്
ഗൃഹ്യ,ഗൃഹ്യ
ഗോ,ഗോ
ഗോത്ര,ഗോത്ര
ഗൈ,ഗൈ
ഗ്രന്ഥ,ഗ്രന്ഥ
ഗ്രന്ഥി,ഗ്രന്ഥി
ഗ്രസ്,ഗ്രസ്
ഗ്രസിന്റെ,ഗ്രസ്
ഗ്രഹ,ഗ്രഹ
ഗ്രഹം,ഗ്രഹം
ഗ്രഹങ്ങൾ,ഗ്രഹം
ഗ്രഹവും,ഗ്രഹം
ഗ്രഹണ,ഗ്രഹണ
ഗ്രഹാം,ഗ്രഹ്
ഗ്രാമ,ഗ്രാമ
ഗ്രാമ്പുകൾ,ഗ്രാമ്പ്
ഗ്രാമ്യ,ഗ്രാമ്യ
ഗ്രാസ,ഗ്രാസ
ഗ്രാസിന്റെ,ഗ്രാസിൻ
ഗ്രാഹീ,ഗ്രാഹി
ഗ്രീ,ഗ്രീ
ഗ്രീവിന്,ഗ്രീവിൻ
ഗൗഡ,ഗൗഡ
ഗൗണ്ടർ,ഗൗണ്ടർ
ഗൗണ്ടരുടെ,ഗൗണ്ടർ
ഗൗതമ,ഗൗതമ
ഗൗതമാ,ഗൗതമാ
ഗൗനിക്കുന്നു,ഗൗനിക്കുക
ഗൗര,ഗൗര
ഗൗരവ,ഗൗരവ
ഗൗരീ,ഗൗരീ
ഘട,ഘട
ഘടക,ഘടക
ഘടനാ,ഘടനാ
ഘട്ട്,ഘട്
ഘട്ട,ഘട്ട
ഘട്ടനം,ഘട്ടനം
ഘട്ടിത,ഘട്ടിത
ഘട്ട്,ഘട്ട്
ഘട്ടിനെ,ഘട്ട്
ഘട്ടിൽ,ഘട്ട്
ഘട്ടുകൾ,ഘട്ട്
ഘന,ഘന
ഘർഷണ,ഘർഷണ
ഘാട,ഘാട
ങു,ങു
ച,ച
ചകട,ചകട
ചകിനെ,ചകിൻ
ചകിന്റെ,ചകിൻ
ചകിരി,ചകിരി
ചകീ,ചകീ
ചക്,ചക്
ചകിനെ,ചക്
ചകിന്റെ,ചക്
ചക്ക,ചക്ക
ചക്ക,ചക്ക
ചക്കച്ചന്,ചക്കച്ചൻ
ചക്കച്ചുള,ചക്കച്ചുള
ചക്കമുള്ള്,ചക്കമുള്ള്
ചക്കര,ചക്കര
ചക്കരക്കല്ല്,ചക്കരക്കല്ല്
ചക്കരക്കല്ലിൽ,ചക്കരക്കല്ല്
ചക്കരക്കല്ലിൽ,ചക്കരക്കല്ല്
ചക്കരക്കിഴങ്ങ്,ചക്കരക്കിഴങ്ങ്
ചക്കരക്കിഴങ്ങിന്റെ,ചക്കരക്കിഴങ്ങ്
ചക്കളത്തി,ചക്കളത്തി
ചക്കാന്,ചക്കാൻ
ചക്കിലിയൻ,ചക്കിലിയൻ
ചക്കുരൽ,ചക്കുരൽ
ചക്ക്,ചക്ക്
ചക്കിന്,ചക്ക്
ചക്കിന്റെ,ചക്ക്
ചക്ര,ചക്ര
ചക്രി,ചക്രി
ചക്രീ,ചക്രി
ചക്ലിയൻ,ചക്ലിയൻ
ചക്ലിയന്,ചക്ലിയൻ
ചങ്കുറപ്പ്,ചങ്കുറപ്പ്
ചങ്കുറപ്പിന്റെ,ചങ്കുറപ്പ്
ചങ്കുറപ്പും,ചങ്കുറപ്പ്
ചങ്കൂറ്റം,ചങ്കൂറ്റം
ചങ്കൂറ്റവും,ചങ്കൂറ്റം
ചങ്ക്,ചങ്ക്
ചങ്കിന്,ചങ്ക്
ചങ്കിന്റെ,ചങ്ക്
ചങ്കിൽ,ചങ്ക്
ചങ്കും,ചങ്ക്
ചങ്കായ,ചങ്ക്
ചങ്ങല,ചങ്ങല
ചങ്ങലംപരണ്ട,ചങ്ങലംപരണ്ട
ചങ്ങഴി,ചങ്ങഴി
ചങ്ങാതം,ചങ്ങാതം
ചങ്ങാത്തം,ചങ്ങാത്തം
ചങ്ങാത്തവും,ചങ്ങാത്തം
ചഞ്ചല,ചഞ്ചല
ചടച്ചി,ചടച്ചി
ചടഞ്ഞു,ചടയുക
ചടുല,ചടുല
ചട്ട,ചട്ട
ചട്ട,ചട്ട
ചട്ടം,ചട്ടം
ചട്ടങ്ങൾ,ചട്ടം
ചട്ടവും,ചട്ടം
ചട്ടക്കൂട്,ചട്ടക്കൂട്
ചട്ടക്കൂടിനെ,ചട്ടക്കൂട്
ചട്ടക്കൂടിന്റെ,ചട്ടക്കൂട്
ചട്ടക്കൂടിൽ,ചട്ടക്കൂട്
ചട്ടക്കൂടുകൾ,ചട്ടക്കൂട്
ചട്ടക്കൂടും,ചട്ടക്കൂട്
ചട്ടക്കൂട്ട്,ചട്ടക്കൂട്
ചട്ടമ്പി,ചട്ടമ്പി
ചട്ടവട്ടങ്ങൾ,ചട്ടവട്ടം
ചട്ടി,ചട്ടി
ചട്ടി,ചട്ടി
ചട്ടുക,ചട്ടുക
ചട്ടുകം,ചട്ടുകം
ചട്ടുകവും,ചട്ടുകം
ചട്ടുക,ചട്ട്
ചട്ണി,ചട്ണി
ചണ,ചണ
ചണമ്പ്,ചണമ്പ്
ചണ്ടി,ചണ്ടി
ചണ്ടി,ചണ്ടി
ചണ്ഡാളൻ,ചണ്ഡാളൻ
ചണ്ഡാളന്,ചണ്ഡാളൻ
ചണ്ഡാളന്റെ,ചണ്ഡാളൻ
ചണ്ഡാളന്മാർ,ചണ്ഡാളൻ
ചണ്ഡാളനും,ചണ്ഡാളൻ
ചണ്ഡികാ,ചണ്ഡികാ
ചണ്ണ,ചണ്ണ
ചതഞ്ഞു,ചതയുക
ചതവ്,ചതവ്
ചതവുകൾ,ചതവ്
ചതവും,ചതവ്
ചതി,ചതി
ചതി,ചതി
ചതിച്ചു,ചതിക്കുക
ചതിക്കുന്നു,ചതിക്കുക
ചതിക്കുന്ന,ചതിക്കുക
ചതിയന്,ചതിയൻ
ചതിയനും,ചതിയൻ
ചതിവിൽ,ചതിവ്
ചതുപ്പുനിലം,ചതുപ്പുനിലം
ചതുപ്പുനിലങ്ങൾ,ചതുപ്പുനിലം
ചതുപ്പുനിലവും,ചതുപ്പുനിലം
ചതുപ്പുനിലത്ത്,ചതുപ്പുനിലം
ചതുപ്പ്,ചതുപ്പ്
ചതുപ്പിന്,ചതുപ്പ്
ചതുപ്പിൽ,ചതുപ്പ്
ചതുപ്പുകൾ,ചതുപ്പ്
ചതുപ്പും,ചതുപ്പ്
ചതുപ്പായ,ചതുപ്പ്
ചതുര,ചതുര
ചതുരംഗ,ചതുരംഗ
ചതുരശ്ര,ചതുരശ്ര
ചതുരശ്ര,ചതുരശ്ര
ചതുര്,ചതുര്
ചതുർ,ചതുർ
ചതുർഥി,ചതുർഥി
ചതുഷ്ക,ചതുഷ്ക
ചതുഷ്ടയം,ചതുഷ്ടയം
ചന,ചന
ചന,ചന
ചന്ത,ചന്ത
ചന്തം,ചന്തം
ചന്തവും,ചന്തം
ചന്തം,ചന്തം
ചന്തവും,ചന്തം
ചന്ദന,ചന്ദന
ചന്ദനക്കുറി,ചന്ദനക്കുറി
ചന്ദ്ര,ചന്ദ്ര
ചന്ദ്രാ,ചന്ദ്രാ
ചന്ദ്രിക,ചന്ദ്രിക
ചന്ദ്രികാ,ചന്ദ്രികാ
ചന്ന,ചന്ന
ചന്നം,ചന്നം
ചപല,ചപല
ചപലാ,ചപലാ
ചപ്പ,ചപ്പ
ചപ്പടാച്ചി,ചപ്പടാച്ചി
ചപ്പൽ,ചപ്പൽ
ചപ്പാത്തി,ചപ്പാത്തി
ചപ്പാത്ത്,ചപ്പാത്ത്
ചപ്പാത്തിന്,ചപ്പാത്ത്
ചപ്പാത്തിന്റെ,ചപ്പാത്ത്
ചപ്പാത്തിൽ,ചപ്പാത്ത്
ചപ്പാത്തുകൾ,ചപ്പാത്ത്
ചപ്പാത്തും,ചപ്പാത്ത്
ചപ്പ്,ചപ്പ്
ചപ്പും,ചപ്പ്
ചപ്പ്,ചപ്പ്
ചപ്പും,ചപ്പ്
ചപ്ര,ചപ്ര
ചമത,ചമത
ചമയം,ചമയം
ചമയങ്ങൾ,ചമയം
ചമയവും,ചമയം
ചമയം,ചമയം
ചമയങ്ങൾ,ചമയം
ചമയവും,ചമയം
ചമയല്,ചമയൽ
ചമയവിളക്ക്,ചമയവിളക്ക്
ചമയവിളക്കും,ചമയവിളക്ക്
ചമയിക്കുന്നു,ചമയിക്കുക
ചമയുക,ചമയുക
ചമഞ്ഞു,ചമയുക
ചമയുന്നു,ചമയുക
ചമയുന്ന,ചമയുക
ചമയ്ക്കുന്നു,ചമയ്ക്കുക
ചമയ്ക്കുന്ന,ചമയ്ക്കുക
ചമ്പ,ചമ്പ
ചമ്പാ,ചമ്പൻ
ചമ്പാ,ചമ്പാ
ചമ്പു,ചമ്പു
ചമ്പൂ,ചമ്പു
ചമ്പ്,ചമ്പ്
ചമ്പ്രാണി,ചമ്പ്രാണി
ചമ്മന്തി,ചമ്മന്തി
ചമ്മല്,ചമ്മൽ
ചമ്രം,ചമ്രം
ചയ,ചയ
ചര,ചര
ചരക്ക്,ചരക്ക്
ചരക്കിന്,ചരക്ക്
ചരക്കിന്റെ,ചരക്ക്
ചരക്കുകൾ,ചരക്ക്
ചരക്കും,ചരക്ക്
ചരക്ക്,ചരക്ക്
ചരക്കിന്,ചരക്ക്
ചരക്കിന്റെ,ചരക്ക്
ചരക്കുകൾ,ചരക്ക്
ചരക്കും,ചരക്ക്
ചരട്,ചരട്
ചരടിനെ,ചരട്
ചരടിന്റെ,ചരട്
ചരടിൽ,ചരട്
ചരടുകൾ,ചരട്
ചരടും,ചരട്
ചരണം,ചരണം
ചരണങ്ങൾ,ചരണം
ചരമ,ചരമ
ചരൽ,ചരൽ
ചരവും,ചരവ്
ചരിച്ചു,ചരിക്കുക
ചരിക്കുന്ന,ചരിക്കുക
ചരിൻ,ചരിൻ
ചരിഞ്ഞു,ചരിയുക
ചരിയുന്നു,ചരിയുക
ചരു,ചരു
ചരു,ചരു
ചരുകും,ചരുക്
ചരുവിൽ,ചരുവ്
ചര്,ചര്
ചരിൻ,ചര്
ചര്യ,ചര്യ
ചർഖാ,ചർഖാ
ചർച,ചർച
ചർച്ച്,ചർച്ച്
ചർച്ചിന്,ചർച്ച്
ചർച്ചിന്റെ,ചർച്ച്
ചർച്ചിൽ,ചർച്ച്
ചർച്ചുകൾ,ചർച്ച്
ചർച്ചും,ചർച്ച്
ചർമ,ചർമ
ചറപറ,ചറപറ
ചറപറാ,ചറപറാ
ചല,ചല
ചല,ചല
ചലത്,ചലത്
ചലന,ചലന
ചലാ,ചലാ
ചലാൻ,ചലാൻ
ചലാന്,ചലാൻ
ചലാനും,ചലാൻ
ചലിക്കുക,ചലിക്കുക
ചലിച്ചു,ചലിക്കുക
ചലിക്കുന്നു,ചലിക്കുക
ചലിക്കുന്ന,ചലിക്കുക
ചലിത,ചലിത
ചല്,ചല്
ചല്ലി,ചല്ലി
ചൽ,ചൽ
ചല്,ചൽ
ചളി,ചളി
ചള്ള,ചള്ള
ചവണി,ചവണി
ചവയ്ക്കുന്ന,ചവയ്ക്കുക
ചവയ്ക്കുന്ന,ചവയ്ക്കുക
ചവർ,ചവർ
ചവറ്,ചവർ
ചവർപ്പ്,ചവർപ്പ്
ചവർപ്പും,ചവർപ്പ്
ചവറൻ,ചവറൻ
ചവറ്,ചവറ്
ചവറും,ചവറ്
ചവിട്ടി,ചവിട്ടി
ചവിട്ടുക,ചവിട്ടുക
ചവിട്ടുന്നു,ചവിട്ടുക
ചവിട്ടുന്ന,ചവിട്ടുക
ചവിട്ടുകളി,ചവിട്ടുകളി
ചവിട്ടുപടി,ചവിട്ടുപടി
ചവിട്ട്,ചവിട്ട്
ചവിട്ടും,ചവിട്ട്
ചവിട്ടാം,ചവിട്ട്
ചവിട്ടുക,ചവിട്ട്
ചവിട്ട്,ചവിട്ട്
ചവിട്ടും,ചവിട്ട്
ചവിട്ടാം,ചവിട്ട്
ചവിട്ടുക,ചവിട്ട്
ചാ,ചാ
ചാകര,ചാകര
ചാകുന്ന,ചാകുക
ചാകുന്ന,ചാകുക
ചാക്കി,ചാക്കി
ചാക്ക്,ചാക്ക്
ചാക്കിന്,ചാക്ക്
ചാക്കിൻ,ചാക്ക്
ചാക്കിന്റെ,ചാക്ക്
ചാക്കിൽ,ചാക്ക്
ചാക്കുകൾ,ചാക്ക്
ചാക്കും,ചാക്ക്
ചാക്ക്,ചാക്ക്
ചാക്കിന്,ചാക്ക്
ചാക്കിൻ,ചാക്ക്
ചാക്കിന്റെ,ചാക്ക്
ചാക്കിൽ,ചാക്ക്
ചാക്കുകൾ,ചാക്ക്
ചാക്കും,ചാക്ക്
ചാക്യാർകൂത്ത്,ചാക്യാർകൂത്ത്
ചാക്യാർകൂത്തിൽ,ചാക്യാർകൂത്ത്
ചാക്യാർകൂത്തും,ചാക്യാർകൂത്ത്
ചാച്ചനെ,ചാച്ചൻ
ചാച്ചന്,ചാച്ചൻ
ചാച്ചന്റെ,ചാച്ചൻ
ചാച്ചനും,ചാച്ചൻ
ചാച്ചാ,ചാച്ചൻ
ചാച്ചി,ചാച്ചി
ചാഞ്ചാടുന്ന,ചാഞ്ചാടുക
ചാഞ്ചാടുന്ന,ചാഞ്ചാടുക
ചാടി,ചാടി
ചാടി,ചാടി
ചാടുക,ചാടുക
ചാടുന്നു,ചാടുക
ചാടുന്ന,ചാടുക
ചാട്,ചാട്
ചാടിൽ,ചാട്
ചാടും,ചാട്
ചാടാം,ചാട്
ചാടുക,ചാട്
ചാട്ട്,ചാട്
ചാട്ടം,ചാട്ടം
ചാട്ടങ്ങൾ,ചാട്ടം
ചാട്ടവും,ചാട്ടം
ചാട്ടം,ചാട്ടം
ചാട്ടങ്ങൾ,ചാട്ടം
ചാട്ടവും,ചാട്ടം
ചാട്ടക്കാരൻ,ചാട്ടക്കാരൻ
ചാട്ടക്കാരനും,ചാട്ടക്കാരൻ
ചാട്ടവാർ,ചാട്ടവാർ
ചാട്ടുളി,ചാട്ടുളി
ചാട്ട്,ചാട്ട്
ചാണകം,ചാണകം
ചാണകവും,ചാണകം
ചാണകപ്പച്ച,ചാണകപ്പച്ച
ചാണി,ചാണി
ചാണി,ചാണി
ചാണ്ടി,ചാണ്ടി
ചാണ്ടീ,ചാണ്ടി
ചാൺ,ചാൺ
ചാൺ,ചാൺ
ചാത്തൻ,ചാത്തൻ
ചാത്തനെ,ചാത്തൻ
ചാത്തന്,ചാത്തൻ
ചാത്തന്റെ,ചാത്തൻ
ചാത്തന്മാർ,ചാത്തൻ
ചാത്തനും,ചാത്തൻ
ചാത്തി,ചാത്തി
ചാത്തി,ചാത്തുക
ചാന്ത,ചാന്ത
ചാന്ത്,ചാന്ത്
ചാന്തും,ചാന്ത്
ചാന്നാൻ,ചാന്നാൻ
ചാന്നാർ,ചാന്നാർ
ചാപിള്ള,ചാപിള്ള
ചാപ്പ,ചാപ്പ
ചാപ്പ്,ചാപ്പ്
ചാപ്ര,ചാപ്ര
ചാമ,ചാമ
ചാമര,ചാമര
ചാമുണ്ടി,ചാമുണ്ടി
ചാമുണ്ടി,ചാമുണ്ടി
ചാമുണ്ഡാ,ചാമുണ്ഡാ
ചാമ്പ,ചാമ്പ
ചാമ്പൽ,ചാമ്പൽ
ചാമ്പല്,ചാമ്പൽ
ചാമ്പാൻ,ചാമ്പാൻ
ചാമ്പ്,ചാമ്പ്
ചായ,ചായ
ചായ,ചായ
ചായം,ചായം
ചായങ്ങൾ,ചായം
ചായവും,ചായം
ചായക്കാരനെ,ചായക്കാരൻ
ചായക്കാരന്,ചായക്കാരൻ
ചായൽ,ചായൽ
ചായൽ,ചായൽ
ചാഞ്ഞു,ചായുക
ചായുന്നു,ചായുക
ചായുന്ന,ചായുക
ചായ്,ചായ്
ചായും,ചായ്
ചാര,ചാര
ചാരം,ചാരം
ചാരങ്ങൾ,ചാരം
ചാരവും,ചാരം
ചാരക്കുട്ടൻ,ചാരക്കുട്ടൻ
ചാരി,ചാരി
ചാരിത്ര,ചാരിത്ര
ചാരിൻ,ചാരിൻ
ചാരു,ചാരു
ചാരുന്ന,ചാരുക
ചാരുന്ന,ചാരുക
ചാര്,ചാര്
ചാരിൻ,ചാര്
ചാരും,ചാര്
ചാരായ,ചാര്
ചാര്,ചാര്
ചാരിൻ,ചാര്
ചാരും,ചാര്
ചാരായ,ചാര്
ചാർത്തുക,ചാർത്തുക
ചാർത്തി,ചാർത്തുക
ചാർത്തുന്നു,ചാർത്തുക
ചാർത്തുന്ന,ചാർത്തുക
ചാർത്തുക,ചാർത്തുക
ചാർത്തി,ചാർത്തുക
ചാർത്തുന്നു,ചാർത്തുക
ചാർത്തുന്ന,ചാർത്തുക
ചാർത്ത്,ചാർത്ത്
ചാർത്തിനോട്,ചാർത്ത്
ചാർത്തും,ചാർത്ത്
ചാർത്തുക,ചാർത്ത്
ചാർത്ത്,ചാർത്ത്
ചാർത്തിനോട്,ചാർത്ത്
ചാർത്തും,ചാർത്ത്
ചാർത്തുക,ചാർത്ത്
ചാറൽ,ചാറൽ
ചാറി,ചാറുക
ചാറുന്നു,ചാറുക
ചാറി,ചാറുക
ചാറുന്നു,ചാറുക
ചാറ്,ചാറ്
ചാറിൻ,ചാറ്
ചാറിന്റെ,ചാറ്
ചാറിന്റെ,ചാറ്
ചാറിൽ,ചാറ്
ചാറിൽ,ചാറ്
ചാറും,ചാറ്
ചാറ്റി,ചാറ്റുക
ചാറ്റ്,ചാറ്റ്
ചാറ്റിന്,ചാറ്റ്
ചാറ്റിന്,ചാറ്റ്
ചാറ്റിന്റെ,ചാറ്റ്
ചാറ്റിന്റെ,ചാറ്റ്
ചാറ്റുകൾ,ചാറ്റ്
ചാറ്റുകൾ,ചാറ്റ്
ചാറ്റുകൾ,ചാറ്റ്
ചാറ്റും,ചാറ്റ്
ചാല,ചാല
ചാല,ചാല
ചാലക,ചാലക
ചാലകം,ചാലകം
ചാലകവും,ചാലകം
ചാലപ്പുറം,ചാലപ്പുറം
ചാലപ്പുറത്ത്,ചാലപ്പുറം
ചാലി,ചാലി
ചാലി,ചാലി
ചാലിച്ചു,ചാലിക്കുക
ചാലിക്കുന്ന,ചാലിക്കുക
ചാലിയം,ചാലിയം
ചാലിയത്ത്,ചാലിയം
ചാല്,ചാല്
ചാലിനെ,ചാല്
ചാലിനെ,ചാല്
ചാലിന്,ചാല്
ചാലിന്,ചാല്
ചാലിന്റെ,ചാല്
ചാലിന്റെ,ചാല്
ചാലിൽ,ചാല്
ചാലിൽ,ചാല്
ചാലുകൾ,ചാല്
ചാലുകൾ,ചാല്
ചാലും,ചാല്
ചാലും,ചാല്
ചാല്,ചാല്
ചാലിനെ,ചാല്
ചാലിനെ,ചാല്
ചാലിന്,ചാല്
ചാലിന്,ചാല്
ചാലിന്റെ,ചാല്
ചാലിന്റെ,ചാല്
ചാലിൽ,ചാല്
ചാലിൽ,ചാല്
ചാലുകൾ,ചാല്
ചാലുകൾ,ചാല്
ചാലും,ചാല്
ചാലും,ചാല്
ചാൽ,ചാൽ
ചാല്,ചാൽ
ചാൽ,ചാൽ
ചാല്,ചാൽ
ചാള,ചാള
ചാഴി,ചാഴി
ചാവടി,ചാവടി
ചാവടി,ചാവടി
ചാവൽ,ചാവൽ
ചാവല്,ചാവൽ
ചാവാളി,ചാവാളി
ചാവി,ചാവി
ചാവുക,ചാവുക
ചാവുന്നു,ചാവുക
ചാവുന്ന,ചാവുക
ചാവുകടൽ,ചാവുകടൽ
ചാവേർ,ചാവേർ
ചാവ്,ചാവ്
ചാവും,ചാവ്
ചാവുക,ചാവ്
ചാവ്,ചാവ്
ചാവും,ചാവ്
ചാവുക,ചാവ്
ചി,ചി
ചീ,ചി
ചി,ചി
ചീ,ചി
ചിക,ചിക
ചികഞ്ഞു,ചികയുക
ചികയുന്ന,ചികയുക
ചികിത്സാ,ചികിത്സാ
ചിക്ക,ചിക്ക
ചിക്ക,ചിക്ക
ചിക്കി,ചിക്കുക
ചിന്നു,ചിക്കുക
ചിക്കി,ചിക്കുക
ചിന്നു,ചിക്കുക
ചിക്കുപായ,ചിക്കുപായ
ചിക്ക്,ചിക്ക്
ചിക്കിൽ,ചിക്ക്
ചിങ്കത്താന്മാർ,ചിങ്കത്താൻ
ചിങ്ങം,ചിങ്ങം
ചിങ്ങവും,ചിങ്ങം
ചിങ്ങത്ത്,ചിങ്ങം
ചിട്ട,ചിട്ട
ചിട്ടസ്വരങ്ങൾ,ചിട്ടസ്വരം
ചിട്ടി,ചിട്ടി
ചിട്ടിക്കാരൻ,ചിട്ടിക്കാരൻ
ചിട്ടിക്കാരന്,ചിട്ടിക്കാരൻ
ചിട്ട്,ചിട്ട്
ചിണുങ്ങി,ചിണുങ്ങി
ചിണ്ടു,ചിണ്ടു
ചിത,ചിത
ചിതം,ചിതം
ചിതറി,ചിതറുക
ചിതറുന്ന,ചിതറുക
ചിതറാൽ,ചിതറ്
ചിതറും,ചിതറ്
ചിതൽ,ചിതൽ
ചിതല്,ചിതൽ
ചിതൽപ്പുറ്റ്,ചിതൽപ്പുറ്റ്
ചിതൽപ്പുറ്റിൽ,ചിതൽപ്പുറ്റ്
ചിതൽപ്പുറ്റിൽ,ചിതൽപ്പുറ്റ്
ചിതൽപ്പുറ്റുകൾ,ചിതൽപ്പുറ്റ്
ചിതൽപ്പുറ്റുകൾ,ചിതൽപ്പുറ്റ്
ചിതൽപ്പുറ്റുകൾ,ചിതൽപ്പുറ്റ്
ചിതാ,ചിതാ
ചിതി,ചിതി
ചിത്,ചിത്
ചിത്,ചിത്
ചിത്ത,ചിത്ത
ചിത്ര,ചിത്ര
ചിത്രം,ചിത്രം
ചിത്രങ്ങൾ,ചിത്രം
ചിത്രവും,ചിത്രം
ചിത്രക,ചിത്രക
ചിത്രാ,ചിത്രാ
ചിദ്,ചിദ്
ചിന,ചിന
ചിന്തക,ചിന്തക
ചിന്തു,ചിന്തു
ചിന്തുന്ന,ചിന്തുക
ചിന്ത്,ചിന്ത്
ചിന്തും,ചിന്ത്
ചിന്നാമ്പൽ,ചിന്നാമ്പൽ
ചിന്നുന്ന,ചിന്നുക
ചിന്നുന്ന,ചിന്നുക
ചിന്നിന്റെ,ചിന്ന്
ചിപ്പ്,ചിപ്പ്
ചിപ്പിന്,ചിപ്പ്
ചിപ്പിന്റെ,ചിപ്പ്
ചിപ്പിൽ,ചിപ്പ്
ചിപ്പുകൾ,ചിപ്പ്
ചിപ്പും,ചിപ്പ്
ചിമിട്ടൻ,ചിമിട്ടൻ
ചിമ്മി,ചിമ്മി
ചിമ്മിനിവിളക്ക്,ചിമ്മിനിവിളക്ക്
ചിമ്മുന്ന,ചിമ്മുക
ചിമ്മുന്ന,ചിമ്മുക
ചിര,ചിര
ചിര,ചിര
ചിരം,ചിരം
ചിരട്ട,ചിരട്ട
ചിരട്ട,ചിരട്ട
ചിരവ,ചിരവ
ചിരവനാക്ക്,ചിരവനാക്ക്
ചിരാത്,ചിരാത്
ചിരാതുകൾ,ചിരാത്
ചിരി,ചിരി
ചിരി,ചിരി
ചിരിക്കുക,ചിരിക്കുക
ചിരിച്ചു,ചിരിക്കുക
ചിരിക്കുന്നു,ചിരിക്കുക
ചിരിക്കുന്ന,ചിരിക്കുക
ചിറ,ചിറ
ചിറകൻ,ചിറകൻ
ചിറക്,ചിറക്
ചിറകിനോട്,ചിറക്
ചിറകിന്,ചിറക്
ചിറകിൻ,ചിറക്
ചിറകിന്റെ,ചിറക്
ചിറകിൽ,ചിറക്
ചിറകുകൾ,ചിറക്
ചിറകും,ചിറക്
ചിറക്കൽ,ചിറക്കൽ
ചിറക്കല്,ചിറക്കൽ
ചിറപ്പ്,ചിറപ്പ്
ചിറപ്പിന്,ചിറപ്പ്
ചിറപ്പും,ചിറപ്പ്
ചിറപ്പ്,ചിറപ്പ്
ചിറപ്പിന്,ചിറപ്പ്
ചിറപ്പും,ചിറപ്പ്
ചിറ്റം,ചിറ്റം
ചിറ്റപ്പന്,ചിറ്റപ്പൻ
ചിറ്റപ്പന്റെ,ചിറ്റപ്പൻ
ചിറ്റപ്പനും,ചിറ്റപ്പൻ
ചിറ്റാളന്,ചിറ്റാളൻ
ചിറ്റ്,ചിറ്റ്
ചിറ്റും,ചിറ്റ്
ചില,ചില
ചിലവും,ചിലം
ചിലങ്ക,ചിലങ്ക
ചിലത്,ചിലത്
ചിലതിനെ,ചിലത്
ചിലതിന്,ചിലത്
ചിലതിന്റെ,ചിലത്
ചിലതിൽ,ചിലത്
ചിലതും,ചിലത്
ചിലന്തി,ചിലന്തി
ചിലന്തി,ചിലന്തി
ചിലമ്പം,ചിലമ്പം
ചിലമ്പ്,ചിലമ്പ്
ചിലമ്പിന്റെ,ചിലമ്പ്
ചിലമ്പിൽ,ചിലമ്പ്
ചിലമ്പുകൾ,ചിലമ്പ്
ചിലമ്പും,ചിലമ്പ്
ചിലമ്പ്,ചിലമ്പ്
ചിലമ്പിന്റെ,ചിലമ്പ്
ചിലമ്പിൽ,ചിലമ്പ്
ചിലമ്പുകൾ,ചിലമ്പ്
ചിലമ്പും,ചിലമ്പ്
ചിലയ്ക്കുന്ന,ചിലയ്ക്കുക
ചിലയ്ക്കുന്ന,ചിലയ്ക്കുക
ചിലർ,ചിലർ
ചിലരെ,ചിലർ
ചിലരോട്,ചിലർ
ചിലരുടെ,ചിലർ
ചിലരിൽ,ചിലർ
ചിലരും,ചിലർ
ചിലരേ,ചിലർ
ചിലവ,ചിലവ
ചിലിമ്പി,ചിലിമ്പി
ചില്ലം,ചില്ലം
ചില്ലറ,ചില്ലറ
ചില്ലി,ചില്ലി
ചില്ലി,ചില്ലി
ചില്ലിക്കാശ്,ചില്ലിക്കാശ്
ചില്ലിക്കാശും,ചില്ലിക്കാശ്
ചില്ലിക്കൊമ്പന്റെ,ചില്ലിക്കൊമ്പൻ
ചില്ല്,ചില്ല്
ചില്ലിനെ,ചില്ല്
ചില്ലിനെ,ചില്ല്
ചില്ലിന്റെ,ചില്ല്
ചില്ലിന്റെ,ചില്ല്
ചില്ലിൽ,ചില്ല്
ചില്ലിൽ,ചില്ല്
ചില്ലുകൾ,ചില്ല്
ചില്ലുകൾ,ചില്ല്
ചില്ലും,ചില്ല്
ചില്ലും,ചില്ല്
ചില്വാനം,ചില്വാനം
ചിൽ,ചിൽ
ചില്,ചിൽ
ചിഹ്ന,ചിഹ്ന
ചിഹ്നം,ചിഹ്നം
ചിഹ്നങ്ങൾ,ചിഹ്നം
ചിഹ്നവും,ചിഹ്നം
ചീ,ചീ
ചീ,ചീ
ചീകുക,ചീകുക
ചീകുക,ചീകുക
ചീകുക,ചീക്
ചീക്ക്,ചീക്ക്
ചീങ്കണ്ണി,ചീങ്കണ്ണി
ചീട,ചീട
ചീട്ട്,ചീട്ട്
ചീട്ടിന്റെ,ചീട്ട്
ചീട്ടും,ചീട്ട്
ചീട്ട്,ചീട്ട്
ചീട്ടിന്റെ,ചീട്ട്
ചീട്ടും,ചീട്ട്
ചീത്ത,ചീത്ത
ചീന,ചീന
ചീന,ചീന
ചീനം,ചീനം
ചീനച്ചട്ടി,ചീനച്ചട്ടി
ചീനവല,ചീനവല
ചീനി,ചീനി
ചീനി,ചീനി
ചീനായ,ചീന്
ചീന്ത്,ചീന്ത്
ചീമ,ചീമ
ചീമുട്ട,ചീമുട്ട
ചീയാൻ,ചീയാൻ
ചീഞ്ഞു,ചീയുക
ചീയുന്ന,ചീയുക
ചീഞ്ഞു,ചീയുക
ചീയുന്ന,ചീയുക
ചീര,ചീര
ചീര,ചീര
ചീരണി,ചീരണി
ചീരാമന്,ചീരാമൻ
ചീരു,ചീരു
ചീരാൽ,ചീർ
ചീരുകൾ,ചീർ
ചീരാൽ,ചീർ
ചീരുകൾ,ചീർ
ചീർപ്പ്,ചീർപ്പ്
ചീർപ്പിന്റെ,ചീർപ്പ്
ചീർപ്പിൽ,ചീർപ്പ്
ചീറി,ചീറുക
ചീറി,ചീറുക
ചീറും,ചീറ്
ചീറ്റുക,ചീറ്റുക
ചീറ്റി,ചീറ്റുക
ചീറ്റുന്നു,ചീറ്റുക
ചീറ്റുന്ന,ചീറ്റുക
ചീല,ചീല
ചീലാന്തി,ചീലാന്തി
ചീളി,ചീളി
ചീള്,ചീള്
ചീളുകൾ,ചീള്
ചീവീട്,ചീവീട്
ചീവീടിന്റെ,ചീവീട്
ചീവീടുകൾ,ചീവീട്
ചീവീടും,ചീവീട്
ചുംബ,ചുംബ
ചുംബന,ചുംബന
ചുംബും,ചുംബ്
ചുകന്നു,ചുകക്കുക
ചുന്നു,ചുക്കുക
ചുങ്കം,ചുങ്കം
ചുങ്കവും,ചുങ്കം
ചുങ്കത്ത്,ചുങ്കം
ചുടല,ചുടല
ചുടല,ചുടല
ചുടലത്തെങ്ങ്,ചുടലത്തെങ്ങ്
ചുടു,ചുടു
ചുടുകല്ല്,ചുടുകല്ല്
ചുടുകാട്,ചുടുകാട്
ചുടുകാടിന്റെ,ചുടുകാട്
ചുടുകാടിൽ,ചുടുകാട്
ചുട്,ചുട്
ചുട്ട്,ചുട്
ചുട്ട,ചുട്ട
ചുട്ടി,ചുട്ടി
ചുട്ടി,ചുട്ടി
ചുണ,ചുണ
ചുണയൻ,ചുണയൻ
ചുണ്ട,ചുണ്ട
ചുണ്ട,ചുണ്ട
ചുണ്ടന്വള്ളം,ചുണ്ടന്വള്ളം
ചുണ്ടൻ,ചുണ്ടൻ
ചുണ്ടനോട്,ചുണ്ടൻ
ചുണ്ടന്,ചുണ്ടൻ
ചുണ്ടന്റെ,ചുണ്ടൻ
ചുണ്ടനിൽ,ചുണ്ടൻ
ചുണ്ടനും,ചുണ്ടൻ
ചുണ്ടാ,ചുണ്ടൻ
ചുണ്ടാ,ചുണ്ടാ
ചുണ്ടെലി,ചുണ്ടെലി
ചുണ്ട്,ചുണ്ട്
ചുണ്ടിന്,ചുണ്ട്
ചുണ്ടിന്റെ,ചുണ്ട്
ചുണ്ടിൽ,ചുണ്ട്
ചുണ്ടുകൾ,ചുണ്ട്
ചുണ്ടും,ചുണ്ട്
ചുണ്ണാമ്പുകല്ല്,ചുണ്ണാമ്പുകല്ല്
ചുണ്ണാമ്പുകല്ലാൽ,ചുണ്ണാമ്പുകല്ല്
ചുണ്ണാമ്പുകല്ലാൽ,ചുണ്ണാമ്പുകല്ല്
ചുണ്ണാമ്പുകല്ലിൽ,ചുണ്ണാമ്പുകല്ല്
ചുണ്ണാമ്പുകല്ലിൽ,ചുണ്ണാമ്പുകല്ല്
ചുണ്ണാമ്പുകല്ലുകൾ,ചുണ്ണാമ്പുകല്ല്
ചുണ്ണാമ്പുകല്ലുകൾ,ചുണ്ണാമ്പുകല്ല്
ചുണ്ണാമ്പുകല്ലും,ചുണ്ണാമ്പുകല്ല്
ചുണ്ണാമ്പുകല്ലും,ചുണ്ണാമ്പുകല്ല്
ചുപ്പന്,ചുപ്പൻ
ചുമ,ചുമ
ചുമ,ചുമ
ചുമക്കുക,ചുമക്കുക
ചുമച്ചു,ചുമക്കുക
ചുമക്കുന്നു,ചുമക്കുക
ചുമക്കുന്ന,ചുമക്കുക
ചുമന്നു,ചുമക്കുക
ചുമക്കുക,ചുമക്കുക
ചുമച്ചു,ചുമക്കുക
ചുമക്കുന്നു,ചുമക്കുക
ചുമക്കുന്ന,ചുമക്കുക
ചുമന്നു,ചുമക്കുക
ചുമടുതാങ്ങി,ചുമടുതാങ്ങി
ചുമട്,ചുമട്
ചുമടിന്,ചുമട്
ചുമടിന്റെ,ചുമട്
ചുമടിൽ,ചുമട്
ചുമടുകൾ,ചുമട്
ചുമടും,ചുമട്
ചുമട്ട്,ചുമട്
ചുമതല,ചുമതല
ചുമത്തുക,ചുമത്തുക
ചുമത്തി,ചുമത്തുക
ചുമത്തുന്നു,ചുമത്തുക
ചുമത്തുന്ന,ചുമത്തുക
ചുമത്തുക,ചുമത്തുക
ചുമത്തി,ചുമത്തുക
ചുമത്തുന്നു,ചുമത്തുക
ചുമത്തുന്ന,ചുമത്തുക
ചുമപ്പ്,ചുമപ്പ്
ചുമപ്പിന്,ചുമപ്പ്
ചുമപ്പും,ചുമപ്പ്
ചുമയ്ക്കുന്ന,ചുമയ്ക്കുക
ചുമര്,ചുമര്
ചുമരിനോട്,ചുമര്
ചുമരിന്,ചുമര്
ചുമരിന്റെ,ചുമര്
ചുമരിൽ,ചുമര്
ചുമരുകൾ,ചുമര്
ചുമരും,ചുമര്
ചുമല,ചുമല
ചുമൽ,ചുമൽ
ചുമ്മാ,ചുമ്മാ
ചുമ്മാതെ,ചുമ്മാതെ
ചുര,ചുര
ചുരം,ചുരം
ചുരങ്ങൾ,ചുരം
ചുരവും,ചുരം
ചുരങ്ങ,ചുരങ്ങ
ചുരത്തി,ചുരത്തുക
ചുരത്തുന്നു,ചുരത്തുക
ചുരത്തുന്ന,ചുരത്തുക
ചുരത്തി,ചുരത്തുക
ചുരത്തുന്നു,ചുരത്തുക
ചുരത്തുന്ന,ചുരത്തുക
ചുരി,ചുരി
ചുരിക,ചുരിക
ചുരിയ,ചുരിയ
ചുരുക്കുക,ചുരുക്കുക
ചുരുക്കുന്നു,ചുരുക്കുക
ചുരുക്കി,ചുരുക്കുക
ചുരുക്കുക,ചുരുക്കുക
ചുരുക്കുന്നു,ചുരുക്കുക
ചുരുക്കി,ചുരുക്കുക
ചുരുക്കെഴുത്ത്,ചുരുക്കെഴുത്ത്
ചുരുക്കെഴുത്തിൽ,ചുരുക്കെഴുത്ത്
ചുരുക്കെഴുത്തുകൾ,ചുരുക്കെഴുത്ത്
ചുരുക്കെഴുത്തും,ചുരുക്കെഴുത്ത്
ചുരുക്കെഴുത്തായ,ചുരുക്കെഴുത്ത്
ചുരുക്ക്,ചുരുക്ക്
ചുരുക്കും,ചുരുക്ക്
ചുരുക്കാം,ചുരുക്ക്
ചുരുക്കുക,ചുരുക്ക്
ചുരുങ്ങുക,ചുരുങ്ങുക
ചുരുങ്ങുന്നു,ചുരുങ്ങുക
ചുരുങ്ങുന്ന,ചുരുങ്ങുക
ചുരുങ്ങുക,ചുരുങ്ങുക
ചുരുങ്ങുന്നു,ചുരുങ്ങുക
ചുരുങ്ങുന്ന,ചുരുങ്ങുക
ചുരുങ്ങിൽ,ചുരുങ്ങ്
ചുരുങ്ങും,ചുരുങ്ങ്
ചുരുങ്ങുക,ചുരുങ്ങ്
ചുരുട്ടി,ചുരുട്ടി
ചുരുട്ടുന്നു,ചുരുട്ടുക
ചുരുട്ടുന്നു,ചുരുട്ടുക
ചുരുട്ട്,ചുരുട്ട്
ചുരുട്ടിൽ,ചുരുട്ട്
ചുരുട്ടും,ചുരുട്ട്
ചുരുളൻ,ചുരുളൻ
ചുരുളന്,ചുരുളൻ
ചുരുളി,ചുരുളി
ചുരുളുന്ന,ചുരുളുക
ചുരുൾ,ചുരുൾ
ചുരുളിൽ,ചുരുൾ
ചുരുളുകൾ,ചുരുൾ
ചുരുൾ,ചുരുൾ
ചുരുളിൽ,ചുരുൾ
ചുരുളുകൾ,ചുരുൾ
ചുറഞ്ഞു,ചുറയുക
ചുറുചുറുക്ക്,ചുറുചുറുക്ക്
ചുറുചുറുക്കിനെ,ചുറുചുറുക്ക്
ചുറുചുറുക്കിന്റെ,ചുറുചുറുക്ക്
ചുറുചുറുക്കും,ചുറുചുറുക്ക്
ചുറ്റം,ചുറ്റം
ചുറ്റമ്പലം,ചുറ്റമ്പലം
ചുറ്റമ്പലവും,ചുറ്റമ്പലം
ചുറ്റൽ,ചുറ്റൽ
ചുറ്റല്,ചുറ്റൽ
ചുറ്റളവ്,ചുറ്റളവ്
ചുറ്റളവിന്റെ,ചുറ്റളവ്
ചുറ്റളവിൽ,ചുറ്റളവ്
ചുറ്റളവുകൾ,ചുറ്റളവ്
ചുറ്റളവും,ചുറ്റളവ്
ചുറ്റിലും,ചുറ്റിലും
ചുറ്റും,ചുറ്റും
ചുറ്റുക,ചുറ്റുക
ചുറ്റി,ചുറ്റുക
ചുറ്റുന്നു,ചുറ്റുക
ചുറ്റുന്ന,ചുറ്റുക
ചുറ്റുക,ചുറ്റുക
ചുറ്റി,ചുറ്റുക
ചുറ്റുന്നു,ചുറ്റുക
ചുറ്റുന്ന,ചുറ്റുക
ചുറ്റുപാട്,ചുറ്റുപാട്
ചുറ്റുപാടിനെ,ചുറ്റുപാട്
ചുറ്റുപാടിനോട്,ചുറ്റുപാട്
ചുറ്റുപാടിന്,ചുറ്റുപാട്
ചുറ്റുപാടിന്റെ,ചുറ്റുപാട്
ചുറ്റുപാടിൽ,ചുറ്റുപാട്
ചുറ്റുപാടുകൾ,ചുറ്റുപാട്
ചുറ്റുപാടും,ചുറ്റുപാട്
ചുറ്റുമതിൽ,ചുറ്റുമതിൽ
ചുറ്റുമതില്,ചുറ്റുമതിൽ
ചുറ്റുമുണ്ട്,ചുറ്റുമുണ്ട്
ചുറ്റുമുണ്ടായ,ചുറ്റുമുണ്ട്
ചുറ്റുവിളക്ക്,ചുറ്റുവിളക്ക്
ചുറ്റുവിളക്കിന്റെ,ചുറ്റുവിളക്ക്
ചുറ്റുവിളക്കിൽ,ചുറ്റുവിളക്ക്
ചുറ്റുവിളക്കും,ചുറ്റുവിളക്ക്
ചുറ്റുവേലി,ചുറ്റുവേലി
ചുറ്റ്,ചുറ്റ്
ചുറ്റും,ചുറ്റ്
ചുറ്റുക,ചുറ്റ്
ചുറ്റ്,ചുറ്റ്
ചുറ്റും,ചുറ്റ്
ചുറ്റുക,ചുറ്റ്
ചുള,ചുള
ചുളി,ചുളി
ചുളിഞ്ഞു,ചുളിയുക
ചുളിഞ്ഞു,ചുളിയുക
ചുളിവ്,ചുളിവ്
ചുളിവുകൾ,ചുളിവ്
ചുളിവും,ചുളിവ്
ചുളുക്ക്,ചുളുക്ക്
ചുള്ളി,ചുള്ളി
ചുള്ളിക്കമ്പ്,ചുള്ളിക്കമ്പ്
ചുള്ളിക്കമ്പുകൾ,ചുള്ളിക്കമ്പ്
ചുള്ളിക്കാട്,ചുള്ളിക്കാട്
ചുള്ളിക്കാടിനെ,ചുള്ളിക്കാട്
ചുള്ളിക്കാടിനോട്,ചുള്ളിക്കാട്
ചുള്ളിക്കാടിന്,ചുള്ളിക്കാട്
ചുള്ളിക്കാടിനാൽ,ചുള്ളിക്കാട്
ചുള്ളിക്കാടിന്റെ,ചുള്ളിക്കാട്
ചുള്ളിക്കാടും,ചുള്ളിക്കാട്
ചുളിന്റെ,ചുൾ
ചുഴറ്റി,ചുഴറ്റി
ചുഴറ്റി,ചുഴറ്റുക
ചുഴറ്റുന്ന,ചുഴറ്റുക
ചുഴറ്റി,ചുഴറ്റുക
ചുഴറ്റുന്ന,ചുഴറ്റുക
ചുഴലി,ചുഴലി
ചുഴലിക്കാറ്റ്,ചുഴലിക്കാറ്റ്
ചുഴലിക്കാറ്റിനെ,ചുഴലിക്കാറ്റ്
ചുഴലിക്കാറ്റിനെ,ചുഴലിക്കാറ്റ്
ചുഴലിക്കാറ്റിന്,ചുഴലിക്കാറ്റ്
ചുഴലിക്കാറ്റിന്,ചുഴലിക്കാറ്റ്
ചുഴലിക്കാറ്റിനാൽ,ചുഴലിക്കാറ്റ്
ചുഴലിക്കാറ്റിനാൽ,ചുഴലിക്കാറ്റ്
ചുഴലിക്കാറ്റിന്റെ,ചുഴലിക്കാറ്റ്
ചുഴലിക്കാറ്റിന്റെ,ചുഴലിക്കാറ്റ്
ചുഴലിക്കാറ്റിൽ,ചുഴലിക്കാറ്റ്
ചുഴലിക്കാറ്റിൽ,ചുഴലിക്കാറ്റ്
ചുഴലിക്കാറ്റുകൾ,ചുഴലിക്കാറ്റ്
ചുഴലിക്കാറ്റുകൾ,ചുഴലിക്കാറ്റ്
ചുഴലിക്കാറ്റുകൾ,ചുഴലിക്കാറ്റ്
ചുഴലിക്കാറ്റും,ചുഴലിക്കാറ്റ്
ചുഴി,ചുഴി
ചുഴിഞ്ഞു,ചുഴിയുക
ചുവ,ചുവ
ചുവക്കുക,ചുവക്കുക
ചുവക്കുന്നു,ചുവക്കുക
ചുവക്കുന്ന,ചുവക്കുക
ചുവന്നു,ചുവക്കുക
ചുവക്കുക,ചുവക്കുക
ചുവക്കുന്നു,ചുവക്കുക
ചുവക്കുന്ന,ചുവക്കുക
ചുവന്നു,ചുവക്കുക
ചുവടി,ചുവടി
ചുവടേ,ചുവടേ
ചുവട്,ചുവട്
ചുവടിനെ,ചുവട്
ചുവടിനോട്,ചുവട്
ചുവടിന്റെ,ചുവട്
ചുവടിൽ,ചുവട്
ചുവടുകൾ,ചുവട്
ചുവടും,ചുവട്
ചുവട്,ചുവട്
ചുവടിനെ,ചുവട്
ചുവടിനോട്,ചുവട്
ചുവടിന്റെ,ചുവട്
ചുവടിൽ,ചുവട്
ചുവടുകൾ,ചുവട്
ചുവടും,ചുവട്
ചുവപ്പുനാട,ചുവപ്പുനാട
ചുവപ്പ്,ചുവപ്പ്
ചുവപ്പിനെ,ചുവപ്പ്
ചുവപ്പിന്,ചുവപ്പ്
ചുവപ്പിൻ,ചുവപ്പ്
ചുവപ്പിന്റെ,ചുവപ്പ്
ചുവപ്പിൽ,ചുവപ്പ്
ചുവപ്പും,ചുവപ്പ്
ചുവപ്പ്,ചുവപ്പ്
ചുവപ്പിനെ,ചുവപ്പ്
ചുവപ്പിന്,ചുവപ്പ്
ചുവപ്പിൻ,ചുവപ്പ്
ചുവപ്പിന്റെ,ചുവപ്പ്
ചുവപ്പിൽ,ചുവപ്പ്
ചുവപ്പും,ചുവപ്പ്
ചുവർ,ചുവർ
ചുവരിനോട്,ചുവർ
ചുവരിൽ,ചുവർ
ചുവരുകൾ,ചുവർ
ചുവരും,ചുവർ
ചുവർ,ചുവർ
ചുവരിനോട്,ചുവർ
ചുവരിൽ,ചുവർ
ചുവരുകൾ,ചുവർ
ചുവരും,ചുവർ
ചൂട,ചൂട
ചൂടത്ത്,ചൂടം
ചൂടി,ചൂടി
ചൂടീ,ചൂടി
ചൂടുന്ന,ചൂടുക
ചൂടുന്ന,ചൂടുക
ചൂട്,ചൂട്
ചൂടിനെ,ചൂട്
ചൂടിനോട്,ചൂട്
ചൂടിന്,ചൂട്
ചൂടിന്റെ,ചൂട്
ചൂടിൽ,ചൂട്
ചൂടും,ചൂട്
ചൂടാം,ചൂട്
ചൂടായ,ചൂട്
ചൂട്ട്,ചൂട്
ചൂട്,ചൂട്
ചൂടിനെ,ചൂട്
ചൂടിനോട്,ചൂട്
ചൂടിന്,ചൂട്
ചൂടിന്റെ,ചൂട്
ചൂടിൽ,ചൂട്
ചൂടും,ചൂട്
ചൂടാം,ചൂട്
ചൂടായ,ചൂട്
ചൂട്ട്,ചൂട്
ചൂട്ട,ചൂട്ട
ചൂട്ടൻ,ചൂട്ടൻ
ചൂട്ടുകറ്റ,ചൂട്ടുകറ്റ
ചൂട്ട്,ചൂട്ട്
ചൂട്ടിന്,ചൂട്ട്
ചൂട്ടുകൾ,ചൂട്ട്
ചൂട്ടും,ചൂട്ട്
ചൂണ്ട,ചൂണ്ട
ചൂണ്ടപ്പന,ചൂണ്ടപ്പന
ചൂണ്ടാണി,ചൂണ്ടാണി
ചൂണ്ടിപ്പണയം,ചൂണ്ടിപ്പണയം
ചൂണ്ടുന്നു,ചൂണ്ടുക
ചൂണ്ടുന്ന,ചൂണ്ടുക
ചൂണ്ടുപലക,ചൂണ്ടുപലക
ചൂണ്ടുവിരൽ,ചൂണ്ടുവിരൽ
ചൂണ്ടുവിരല്,ചൂണ്ടുവിരൽ
ചൂതാട്ടക്കാരൻ,ചൂതാട്ടക്കാരൻ
ചൂതുകളി,ചൂതുകളി
ചൂരൽ,ചൂരൽ
ചൂരല്,ചൂരൽ
ചൂരൽ,ചൂരൽ
ചൂരല്,ചൂരൽ
ചൂരി,ചൂരി
ചൂര്,ചൂര്
ചൂരും,ചൂര്
ചൂലിന്റെ,ചൂലിൻ
ചൂല്,ചൂല്
ചൂലിന്റെ,ചൂല്
ചൂലിന്റെ,ചൂല്
ചൂലും,ചൂല്
ചൂലും,ചൂല്
ചൂൽ,ചൂൽ
ചൂല്,ചൂൽ
ചൂള,ചൂള
ചൂളം,ചൂളം
ചൂളക്കാക്ക,ചൂളക്കാക്ക
ചൂളൻ,ചൂളൻ
ചൂളമരങ്ങൾ,ചൂളമരം
ചൂളി,ചൂളി
ചൂളിയാർഭഗവതി,ചൂളിയാർഭഗവതി
ചൂൾ,ചൂൾ
ചൂഴ്ന്നു,ചൂഴുക
ചൂഴ്ന്നു,ചൂഴുക
ചൂഴ്,ചൂഴ്
ചൂഷണ,ചൂഷണ
ചെത്ത്,ചെം
ചെത്ത്,ചെം
ചെകിടന്,ചെകിടൻ
ചെകിടനും,ചെകിടൻ
ചെകിടന്,ചെകിടൻ
ചെകിടനും,ചെകിടൻ
ചെകിള,ചെകിള
ചെക്കൻ,ചെക്കൻ
ചെക്കനെ,ചെക്കൻ
ചെക്കന്,ചെക്കൻ
ചെക്കന്റെ,ചെക്കൻ
ചെക്കന്മാർ,ചെക്കൻ
ചെക്കനും,ചെക്കൻ
ചെക്കാ,ചെക്കൻ
ചെക്കർ,ചെക്കർ
ചെക്കിട്ട,ചെക്കിട്ട
ചെക്ക്,ചെക്ക്
ചെക്കിനെ,ചെക്ക്
ചെക്കിന്,ചെക്ക്
ചെക്കിൻ,ചെക്ക്
ചെക്കിന്റെ,ചെക്ക്
ചെക്കിൽ,ചെക്ക്
ചെക്കുകൾ,ചെക്ക്
ചെക്കും,ചെക്ക്
ചെക്ക്,ചെക്ക്
ചെക്കിനെ,ചെക്ക്
ചെക്കിന്,ചെക്ക്
ചെക്കിൻ,ചെക്ക്
ചെക്കിന്റെ,ചെക്ക്
ചെക്കിൽ,ചെക്ക്
ചെക്കുകൾ,ചെക്ക്
ചെക്കും,ചെക്ക്
ചെങ്കടൽ,ചെങ്കടൽ
ചെങ്കടല്,ചെങ്കടൽ
ചെങ്കണ്ണൻ,ചെങ്കണ്ണൻ
ചെങ്കണ്ണി,ചെങ്കണ്ണി
ചെങ്കണ്ണ്,ചെങ്കണ്ണ്
ചെങ്കണ്ണിനെ,ചെങ്കണ്ണ്
ചെങ്കണ്ണിന്,ചെങ്കണ്ണ്
ചെങ്കണ്ണും,ചെങ്കണ്ണ്
ചെങ്കതിർ,ചെങ്കതിർ
ചെങ്കദളി,ചെങ്കദളി
ചെങ്കല്ല്,ചെങ്കല്ല്
ചെങ്കല്ലിന്റെ,ചെങ്കല്ല്
ചെങ്കല്ലിന്റെ,ചെങ്കല്ല്
ചെങ്കല്ലിൽ,ചെങ്കല്ല്
ചെങ്കല്ലിൽ,ചെങ്കല്ല്
ചെങ്കല്ലുകൾ,ചെങ്കല്ല്
ചെങ്കല്ലുകൾ,ചെങ്കല്ല്
ചെങ്കളത്ത്,ചെങ്കളം
ചെങ്കീരി,ചെങ്കീരി
ചെങ്കുട്ടുവന്റെ,ചെങ്കുട്ടുവൻ
ചെങ്കുത്തിന്റെ,ചെങ്കുത്ത്
ചെങ്കുത്തായ,ചെങ്കുത്ത്
ചെങ്കൊടി,ചെങ്കൊടി
ചെങ്ങനാട്ട്,ചെങ്ങനാട്
ചെങ്ങഴി,ചെങ്ങഴി
ചെഞ്ചല്യം,ചെഞ്ചല്യം
ചെഞ്ചല്യത്ത്,ചെഞ്ചല്യം
ചെഞ്ചാല്യം,ചെഞ്ചാല്യം
ചെഞ്ചുണ്ടും,ചെഞ്ചുണ്ട്
ചെഞ്ചായ,ചെഞ്ച്
ചെടയന്,ചെടയൻ
ചെടി,ചെടി
ചെടി,ചെടി
ചെട്ടി,ചെട്ടി
ചെട്ടിമിടുക്ക്,ചെട്ടിമിടുക്ക്
ചെട്ടിയാർ,ചെട്ടിയാർ
ചെട്ടിയാരുടെ,ചെട്ടിയാർ
ചെട്ടിയാരും,ചെട്ടിയാർ
ചെണ്ട,ചെണ്ട
ചെണ്ട,ചെണ്ട
ചെണ്ടുമല്ലിക,ചെണ്ടുമല്ലിക
ചെണ്ടുകൾ,ചെണ്ട്
ചെതുമ്പൽ,ചെതുമ്പൽ
ചെതുമ്പല്,ചെതുമ്പൽ
ചെത്തവും,ചെത്തം
ചെത്തി,ചെത്തി
ചെത്തുക,ചെത്തുക
ചെത്തി,ചെത്തുക
ചെത്തുന്ന,ചെത്തുക
ചെന്നായ്,ചെന്നായ്
ചെന്നായും,ചെന്നായ്
ചെന്നിക്കുത്ത്,ചെന്നിക്കുത്ത്
ചെന്നിനായകം,ചെന്നിനായകം
ചെപ്പടി,ചെപ്പടി
ചെപ്പേട്,ചെപ്പേട്
ചെപ്പേടിന്റെ,ചെപ്പേട്
ചെപ്പേടിൽ,ചെപ്പേട്
ചെപ്പേടുകൾ,ചെപ്പേട്
ചെപ്പ്,ചെപ്പ്
ചെപ്പിൽ,ചെപ്പ്
ചെപ്പുകൾ,ചെപ്പ്
ചെപ്പും,ചെപ്പ്
ചെപ്പ്,ചെപ്പ്
ചെപ്പിൽ,ചെപ്പ്
ചെപ്പുകൾ,ചെപ്പ്
ചെപ്പും,ചെപ്പ്
ചെമ്പ,ചെമ്പ
ചെമ്പകം,ചെമ്പകം
ചെമ്പകവും,ചെമ്പകം
ചെമ്പകം,ചെമ്പകം
ചെമ്പകവും,ചെമ്പകം
ചെമ്പകരാമൻ,ചെമ്പകരാമൻ
ചെമ്പകരാമന്,ചെമ്പകരാമൻ
ചെമ്പകശ്ശേരി,ചെമ്പകശ്ശേരി
ചെമ്പട,ചെമ്പട
ചെമ്പട്ട,ചെമ്പട്ട
ചെമ്പൻ,ചെമ്പൻ
ചെമ്പനോട്,ചെമ്പൻ
ചെമ്പന്,ചെമ്പൻ
ചെമ്പനാൽ,ചെമ്പൻ
ചെമ്പന്റെ,ചെമ്പൻ
ചെമ്പനും,ചെമ്പൻ
ചെമ്പാ,ചെമ്പൻ
ചെമ്പൻപാടി,ചെമ്പൻപാടി
ചെമ്പരത്തി,ചെമ്പരത്തി
ചെമ്പരുത്തി,ചെമ്പരുത്തി
ചെമ്പരുന്ത്,ചെമ്പരുന്ത്
ചെമ്പഴുക്ക,ചെമ്പഴുക്ക
ചെമ്പുതകിട്,ചെമ്പുതകിട്
ചെമ്പുതകിടിൽ,ചെമ്പുതകിട്
ചെമ്പുതകിടുകൾ,ചെമ്പുതകിട്
ചെമ്പുപട്ടയം,ചെമ്പുപട്ടയം
ചെമ്പുപട്ടയങ്ങൾ,ചെമ്പുപട്ടയം
ചെമ്പുലി,ചെമ്പുലി
ചെമ്പ്,ചെമ്പ്
ചെമ്പോട്ട്,ചെമ്പ്
ചെമ്പിന്,ചെമ്പ്
ചെമ്പിൻ,ചെമ്പ്
ചെമ്പിന്റെ,ചെമ്പ്
ചെമ്പിൽ,ചെമ്പ്
ചെമ്പും,ചെമ്പ്
ചെമ്പ്,ചെമ്പ്
ചെമ്പോട്ട്,ചെമ്പ്
ചെമ്പിന്,ചെമ്പ്
ചെമ്പിൻ,ചെമ്പ്
ചെമ്പിന്റെ,ചെമ്പ്
ചെമ്പിൽ,ചെമ്പ്
ചെമ്പും,ചെമ്പ്
ചെമ്മം,ചെമ്മം
ചെമ്മണ്ണ്,ചെമ്മണ്ണ്
ചെമ്മണ്ണിന്,ചെമ്മണ്ണ്
ചെമ്മരം,ചെമ്മരം
ചെമ്മാനം,ചെമ്മാനം
ചെമ്മുക്കൻ,ചെമ്മുക്കൻ
ചെമ്മുക്കന്,ചെമ്മുക്കൻ
ചെമ്മിന്,ചെമ്മ്
ചെയ്,ചെയ്
ചെയിനെ,ചെയ്
ചെയിന്,ചെയ്
ചെയിൻ,ചെയ്
ചെയിന്റെ,ചെയ്
ചെയിൽ,ചെയ്
ചെയും,ചെയ്
ചെയാം,ചെയ്
ചെയുക,ചെയ്
ചെയ്,ചെയ്
ചെയിനെ,ചെയ്
ചെയിന്,ചെയ്
ചെയിൻ,ചെയ്
ചെയിന്റെ,ചെയ്
ചെയിൽ,ചെയ്
ചെയും,ചെയ്
ചെയാം,ചെയ്
ചെയുക,ചെയ്
ചെയ്ക,ചെയ്ക
ചെയ്തു,ചെയ്തു
ചെയ്ത്,ചെയ്ത്
ചെയ്തിനെ,ചെയ്ത്
ചെയ്തിന്,ചെയ്ത്
ചെയ്താൽ,ചെയ്ത്
ചെയ്തിന്റെ,ചെയ്ത്
ചെയ്തും,ചെയ്ത്
ചെയ്ത്ത്,ചെയ്ത്ത്
ചെയ്ത്തിൽ,ചെയ്ത്ത്
ചെയ്യ,ചെയ്യ
ചെയ്യ,ചെയ്യ
ചെയ്യുക,ചെയ്യുക
ചെയ്യുന്നു,ചെയ്യുക
ചെയ്യുന്ന,ചെയ്യുക
ചെരപ്പ,ചെരപ്പ
ചെരാത്,ചെരാത്
ചെരാതുകൾ,ചെരാത്
ചെരിവ്,ചെരിവ്
ചെരിവിനെ,ചെരിവ്
ചെരിവിൽ,ചെരിവ്
ചെരിവുകൾ,ചെരിവ്
ചെരിവും,ചെരിവ്
ചെരുപ്പടി,ചെരുപ്പടി
ചെരുപ്പ്,ചെരുപ്പ്
ചെരുപ്പിന്,ചെരുപ്പ്
ചെരുപ്പിന്റെ,ചെരുപ്പ്
ചെരുപ്പുകൾ,ചെരുപ്പ്
ചെരുപ്പും,ചെരുപ്പ്
ചെരുവ്,ചെരുവ്
ചെരുവിൽ,ചെരുവ്
ചെരുവുകൾ,ചെരുവ്
ചെർ,ചെർ
ചെറി,ചെറി
ചെറിയ,ചെറിയ
ചെറിയ,ചെറിയ
ചെറു,ചെറു
ചെറു,ചെറു
ചെറി,ചെറുക
ചെറുകഥ,ചെറുകഥ
ചെറുകിട,ചെറുകിട
ചെറുകുടൽ,ചെറുകുടൽ
ചെറുകുടല്,ചെറുകുടൽ
ചെറുകൊടി,ചെറുകൊടി
ചെറുക്കുക,ചെറുക്കുക
ചെറുക്കുന്നു,ചെറുക്കുക
ചെറുക്കുന്ന,ചെറുക്കുക
ചെറുക്കുക,ചെറുക്കുക
ചെറുക്കുന്നു,ചെറുക്കുക
ചെറുക്കുന്ന,ചെറുക്കുക
ചെറുതേൻ,ചെറുതേൻ
ചെറുതേന്,ചെറുതേൻ
ചെറുതേനും,ചെറുതേൻ
ചെറുത്,ചെറുത്
ചെറുതിനെ,ചെറുത്
ചെറുതിന്,ചെറുത്
ചെറുതിന്റെ,ചെറുത്
ചെറുതും,ചെറുത്
ചെറുതുക,ചെറുത്
ചെറുതായ,ചെറുത്
ചെറുനാരകം,ചെറുനാരകം
ചെറുപയറിന്,ചെറുപയറ്
ചെറുപയറിന്,ചെറുപയറ്
ചെറുപയറും,ചെറുപയറ്
ചെറുപുള്ളി,ചെറുപുള്ളി
ചെറുമകൻ,ചെറുമകൻ
ചെറുമകനെ,ചെറുമകൻ
ചെറുമകന്,ചെറുമകൻ
ചെറുമകന്റെ,ചെറുമകൻ
ചെറുമകനും,ചെറുമകൻ
ചെറുമന്,ചെറുമൻ
ചെറുമനും,ചെറുമൻ
ചെറുമി,ചെറുമി
ചെറുശ്ശേരി,ചെറുശ്ശേരി
ചെറ്റ,ചെറ്റ
ചെറ്റ,ചെറ്റ
ചെറ്റക്കുടില്,ചെറ്റക്കുടിൽ
ചെറ്റേ,ചെറ്റ്
ചെറ്റേ,ചെറ്റ്
ചെല,ചെല
ചെലാൻ,ചെലാൻ
ചെലാന്,ചെലാൻ
ചെലാനുകൾ,ചെലാൻ
ചെലുത്തുക,ചെലുത്തുക
ചെലുത്തി,ചെലുത്തുക
ചെലുത്തുന്നു,ചെലുത്തുക
ചെലുത്തുന്ന,ചെലുത്തുക
ചെലുത്തുക,ചെലുത്തുക
ചെലുത്തി,ചെലുത്തുക
ചെലുത്തുന്നു,ചെലുത്തുക
ചെലുത്തുന്ന,ചെലുത്തുക
ചെല്ലം,ചെല്ലം
ചെല്ലവും,ചെല്ലം
ചെല്ലൻ,ചെല്ലൻ
ചെല്ലന്,ചെല്ലൻ
ചെല്ലപ്പേര്,ചെല്ലപ്പേര്
ചെല്ലപ്പേരിൽ,ചെല്ലപ്പേര്
ചെല്ലപ്പേരുകൾ,ചെല്ലപ്പേര്
ചെല്ലപ്പേരും,ചെല്ലപ്പേര്
ചെല്ലി,ചെല്ലി
ചെല്ലുക,ചെല്ലുക
ചെല്ലുന്നു,ചെല്ലുക
ചെല്ലുന്ന,ചെല്ലുക
ചെല്ലുക,ചെല്ലുക
ചെല്ലുന്നു,ചെല്ലുക
ചെല്ലുന്ന,ചെല്ലുക
ചെളി,ചെളി
ചെള്ളി,ചെള്ളി
ചെള്ള്,ചെള്ള്
ചെള്ളിനെ,ചെള്ള്
ചെള്ളിന്റെ,ചെള്ള്
ചെള്ളുകൾ,ചെള്ള്
ചെവി,ചെവി
ചെവി,ചെവി
ചെവിക്കല്ല്,ചെവിക്കല്ല്
ചെവിക്കായം,ചെവിക്കായം
ചെവിടന്,ചെവിടൻ
ചൊരിഞ്ഞു,ചൊരിയുക
ചൊരിയുന്ന,ചൊരിയുക
ചൊരിഞ്ഞു,ചൊരിയുക
ചൊരിയുന്ന,ചൊരിയുക
ചൊല്ല്,ചൊല്ല്
ചൊല്ല്,ചൊല്ല്
ചൊവ്വ,ചൊവ്വ
ചൊവ്വാഴ്ച,ചൊവ്വാഴ്ച
ചേക്കൽ,ചേക്കൽ
ചേക്ക്,ചേക്ക്
ചേക്കോട്ട്,ചേക്ക്
ചേക്കിന്റെ,ചേക്ക്
ചേങ്ങില,ചേങ്ങില
ചേച്ചി,ചേച്ചി
ചേച്ചീ,ചേച്ചി
ചേടത്തി,ചേടത്തി
ചേടി,ചേടി
ചേതം,ചേതം
ചേതം,ചേതം
ചേതന,ചേതന
ചേതനാ,ചേതനാ
ചേതസ്സിന്റെ,ചേതസ്സ്
ചേദി,ചേദി
ചേന,ചേന
ചേനത്തണ്ടന്,ചേനത്തണ്ടൻ
ചേന്തി,ചേന്തി
ചേമ്പ്,ചേമ്പ്
ചേമ്പിന്,ചേമ്പ്
ചേമ്പിന്റെ,ചേമ്പ്
ചേമ്പിൽ,ചേമ്പ്
ചേമ്പുകൾ,ചേമ്പ്
ചേമ്പും,ചേമ്പ്
ചേമ്പ്,ചേമ്പ്
ചേമ്പിന്,ചേമ്പ്
ചേമ്പിന്റെ,ചേമ്പ്
ചേമ്പിൽ,ചേമ്പ്
ചേമ്പുകൾ,ചേമ്പ്
ചേമ്പും,ചേമ്പ്
ചേര,ചേര
ചേരം,ചേരം
ചേരത്ത്,ചേരം
ചേരനാടിന്റെ,ചേരനാട്
ചേരൻ,ചേരൻ
ചേരനെ,ചേരൻ
ചേരന്,ചേരൻ
ചേരന്മാർ,ചേരൻ
ചേരാ,ചേരൻ
ചേരമർ,ചേരമർ
ചേരമാൻ,ചേരമാൻ
ചേരമാന്,ചേരമാൻ
ചേരമാൻപെരുമാൾ,ചേരമാൻപെരുമാൾ
ചേരമാൻപെരുമാളുടെ,ചേരമാൻപെരുമാൾ
ചേരലം,ചേരലം
ചേരളം,ചേരളം
ചേരി,ചേരി
ചേരി,ചേരി
ചേരിക്കൽ,ചേരിക്കൽ
ചേരിക്കല്,ചേരിക്കൽ
ചേരിചേരാനയവും,ചേരിചേരാനയം
ചേരിതിരിവ്,ചേരിതിരിവ്
ചേരിതിരിവിന്,ചേരിതിരിവ്
ചേരിതിരിവിൽ,ചേരിതിരിവ്
ചേരിതിരിവും,ചേരിതിരിവ്
ചേരിപ്പോര്,ചേരിപ്പോര്
ചേരുക,ചേരുക
ചേർന്നു,ചേരുക
ചേര്ന്നു,ചേരുക
ചേരുന്നു,ചേരുക
ചേരുന്ന,ചേരുക
ചേരുക,ചേരുക
ചേർന്നു,ചേരുക
ചേര്ന്നു,ചേരുക
ചേരുന്നു,ചേരുക
ചേരുന്ന,ചേരുക
ചേര്,ചേര്
ചേരാൽ,ചേര്
ചേരും,ചേര്
ചേരാം,ചേര്
ചേരുക,ചേര്
ചേരാൽ,ചേർ
ചേരും,ചേർ
ചേറ്,ചേർ
ചേർക്കുക,ചേർക്കുക
ചേർക്കുന്നു,ചേർക്കുക
ചേർക്കുന്ന,ചേർക്കുക
ചേർന്നു,ചേർക്കുക
ചേർച്ച,ചേർച്ച
ചേർച്ച,ചേർച്ച
ചേർന്ന,ചേർന്ന
ചേർന്നു,ചേർന്നു
ചേർന്നൂ,ചേർന്നു
ചേർപ്പ്,ചേർപ്പ്
ചേർപ്പിൽ,ചേർപ്പ്
ചേറ്,ചേറ്
ചേറിനെ,ചേറ്
ചേറിനെ,ചേറ്
ചേറിൽ,ചേറ്
ചേറിൽ,ചേറ്
ചേറും,ചേറ്
ചേറ്റാടി,ചേറ്റാടി
ചേറ്റുകുഴി,ചേറ്റുകുഴി
ചേല,ചേല
ചേല,ചേല
ചേലക്കലാപം,ചേലക്കലാപം
ചേലാ,ചേലാ
ചേല്,ചേല്
ചേലും,ചേല്
ചേലും,ചേല്
ചേല്,ചേൽ
ചേവൽ,ചേവൽ
ചേഷ്ട,ചേഷ്ട
ചോമ്പാൽ,ചോമ്പ്
ചോര,ചോര
ചോര,ചോര
ചോരുക,ചോരുക
ചോരുക,ചോരുക
ചോരുക,ചോര്
ചോറ്,ചോർ
ചോർത്തി,ചോർത്തുക
ചോറ്,ചോറ്
ചോറും,ചോറ്
ചോറ്,ചോറ്
ചോറും,ചോറ്
ചോല,ചോല
ചോല,ചോല
ചൈതന്യ,ചൈതന്യ
ചൈത്യ,ചൈത്യ
ചൈന,ചൈന
ച്ച,ച്ച
ച്ചി,ച്ചി
ച്യൂ,ച്യു
ച്യുതി,ച്യുതി
ച്യൂ,ച്യൂ
ചൗ,ചൗ
ചൗക്ക,ചൗക്ക
ചൗക്കി,ചൗക്കി
ചൗക്ക്,ചൗക്ക്
ചൗക്കിനെ,ചൗക്ക്
ചൗക്കിന്,ചൗക്ക്
ചൗക്കിൽ,ചൗക്ക്
ചൗരീ,ചൗരീ
ഛ,ഛ
ഛത്ര,ഛത്ര
ഛത്രാ,ഛത്രാ
ഛദ്,ഛദ്
ഛന്ദ,ഛന്ദ
ഛന്ദസ്,ഛന്ദസ്
ഛന്ദസിൽ,ഛന്ദസ്
ഛാത്ര,ഛാത്ര
ഛായ,ഛായ
ഛായം,ഛായം
ഛായാ,ഛായാ
ഛായ്,ഛായ്
ഛിദ്ര,ഛിദ്ര
ഛിന്ന,ഛിന്ന
ഛെ,ഛെ
ഛേദനം,ഛേദനം
ജംഗമ,ജംഗമ
ജംബു,ജംബു
ജംബുകൻ,ജംബുകൻ
ജംഭന്റെ,ജംഭൻ
ജഗണം,ജഗണം
ജഗണവും,ജഗണം
ജഗതി,ജഗതി
ജഗത്ത്,ജഗത്ത്
ജഗത്തിനെ,ജഗത്ത്
ജഗത്തിന്,ജഗത്ത്
ജഗത്തിന്റെ,ജഗത്ത്
ജഗത്തും,ജഗത്ത്
ജഗദംബ,ജഗദംബ
ജഗദീശൻ,ജഗദീശൻ
ജഗദീശനെ,ജഗദീശൻ
ജഗദീശന്,ജഗദീശൻ
ജഗദീശന്റെ,ജഗദീശൻ
ജഗദീശനും,ജഗദീശൻ
ജഗദീശാ,ജഗദീശൻ
ജഗദ്ഗുരു,ജഗദ്ഗുരു
ജഗന്നാഥ,ജഗന്നാഥ
ജഗന്നാഥം,ജഗന്നാഥം
ജഗന്നാഥൻ,ജഗന്നാഥൻ
ജഗന്നാഥനെ,ജഗന്നാഥൻ
ജഗന്നാഥന്,ജഗന്നാഥൻ
ജഗന്നാഥന്റെ,ജഗന്നാഥൻ
ജഗന്നാഥനും,ജഗന്നാഥൻ
ജഗന്നിവാസൻ,ജഗന്നിവാസൻ
ജഗന്നിവാസന്,ജഗന്നിവാസൻ
ജട,ജട
ജടാസുരനെ,ജടാസുരൻ
ജടാസുരന്റെ,ജടാസുരൻ
ജഡ,ജഡ
ജഡം,ജഡം
ജഡങ്ങൾ,ജഡം
ജഡവും,ജഡം
ജഡത,ജഡത
ജതി,ജതി
ജതിസ്വരം,ജതിസ്വരം
ജതിസ്വരങ്ങൾ,ജതിസ്വരം
ജന,ജന
ജനം,ജനം
ജനങ്ങൾ,ജനം
ജനവും,ജനം
ജനക,ജനക
ജനകീയ,ജനകീയ
ജനക്ഷേമം,ജനക്ഷേമം
ജനക്ഷേമവും,ജനക്ഷേമം
ജനത,ജനത
ജനതതി,ജനതതി
ജനന,ജനന
ജനന,ജനന
ജനനം,ജനനം
ജനനവും,ജനനം
ജനനനിയന്ത്രണം,ജനനനിയന്ത്രണം
ജനനി,ജനനി
ജനനീ,ജനനി
ജനനീ,ജനനീ
ജനനേന്ദ്രിയം,ജനനേന്ദ്രിയം
ജനനേന്ദ്രിയങ്ങൾ,ജനനേന്ദ്രിയം
ജനനേന്ദ്രിയവും,ജനനേന്ദ്രിയം
ജനാ,ജനൻ
ജനപദ,ജനപദ
ജനപദങ്ങൾ,ജനപദം
ജനപ്പെരുപ്പം,ജനപ്പെരുപ്പം
ജനപ്പെരുപ്പവും,ജനപ്പെരുപ്പം
ജനപ്രതിനിധി,ജനപ്രതിനിധി
ജനപ്രിയ,ജനപ്രിയ
ജനപ്രീതി,ജനപ്രീതി
ജനബാഹുല്യം,ജനബാഹുല്യം
ജനബാഹുല്യവും,ജനബാഹുല്യം
ജനൽ,ജനൽ
ജനല്,ജനൽ
ജനവാസം,ജനവാസം
ജനവാസവും,ജനവാസം
ജനശക്തി,ജനശക്തി
ജനസംഖ്യ,ജനസംഖ്യ
ജനസഞ്ചയം,ജനസഞ്ചയം
ജനസഞ്ചയവും,ജനസഞ്ചയം
ജനസഭ,ജനസഭ
ജനസമ്മതി,ജനസമ്മതി
ജനസാമാന്യം,ജനസാമാന്യം
ജനസ്വാധീനം,ജനസ്വാധീനം
ജനസ്വാധീനവും,ജനസ്വാധീനം
ജനഹിതം,ജനഹിതം
ജനഹിതവും,ജനഹിതം
ജനാധിപത്യ,ജനാധിപത്യ
ജനാധിപത്യം,ജനാധിപത്യം
ജനാധിപത്യവും,ജനാധിപത്യം
ജനായത്തം,ജനായത്തം
ജനാർദനൻ,ജനാർദനൻ
ജനാർദനന്,ജനാർദനൻ
ജനാർദനന്റെ,ജനാർദനൻ
ജനാർദനനും,ജനാർദനൻ
ജനാവലി,ജനാവലി
ജനി,ജനി
ജനീ,ജനി
ജനി,ജനി
ജനീ,ജനി
ജനിക,ജനിക
ജനിക്കുക,ജനിക്കുക
ജനിച്ചു,ജനിക്കുക
ജനിക്കുന്നു,ജനിക്കുക
ജനിക്കുന്ന,ജനിക്കുക
ജനിത,ജനിത
ജനു,ജനു
ജന്,ജന്
ജനിൻ,ജന്
ജനിൽ,ജന്
ജന്തു,ജന്തു
ജന്മ,ജന്മ
ജന്മം,ജന്മം
ജന്മങ്ങൾ,ജന്മം
ജന്മവും,ജന്മം
ജന്മത്ത്,ജന്മം
ജന്മദാതാവായ,ജന്മദാതാവ്
ജന്മദിനം,ജന്മദിനം
ജന്മദിനങ്ങൾ,ജന്മദിനം
ജന്മദിനവും,ജന്മദിനം
ജന്മനാ,ജന്മനാ
ജന്മനാൽ,ജന്മൻ
ജന്മരഹസ്യം,ജന്മരഹസ്യം
ജന്മവാസന,ജന്മവാസന
ജന്മവ്യാഴം,ജന്മവ്യാഴം
ജന്മശതാബ്ദി,ജന്മശതാബ്ദി
ജന്മശ്ശനി,ജന്മശ്ശനി
ജന്മസാഫല്യം,ജന്മസാഫല്യം
ജന്മസാഫല്യവും,ജന്മസാഫല്യം
ജന്മസിദ്ധ,ജന്മസിദ്ധ
ജന്മസ്ഥാനം,ജന്മസ്ഥാനം
ജന്മാന്തരം,ജന്മാന്തരം
ജന്മാന്തരങ്ങൾ,ജന്മാന്തരം
ജന്മാന്തരകൃത,ജന്മാന്തരകൃത
ജന്മാവകാശം,ജന്മാവകാശം
ജന്മാഷ്ടമി,ജന്മാഷ്ടമി
ജന്മി,ജന്മി
ജന്മിത്വം,ജന്മിത്വം
ജന്മിത്വവും,ജന്മിത്വം
ജന്മിസമ്പ്രദായം,ജന്മിസമ്പ്രദായം
ജന്യ,ജന്യ
ജന്യരാഗങ്ങൾ,ജന്യരാഗം
ജൻ,ജൻ
ജനെ,ജൻ
ജന്,ജൻ
ജനിൽ,ജൻ
ജനേ,ജൻ
ജാ,ജൻ
ജപ,ജപ
ജപം,ജപം
ജപവും,ജപം
ജപിക്കുക,ജപിക്കുക
ജപിച്ചു,ജപിക്കുക
ജപിക്കുന്നു,ജപിക്കുക
ജപിക്കുന്ന,ജപിക്കുക
ജമദഗ്നി,ജമദഗ്നി
ജമന്തി,ജമന്തി
ജയ,ജയ
ജയം,ജയം
ജയങ്ങൾ,ജയം
ജയവും,ജയം
ജയദേവൻ,ജയദേവൻ
ജയദേവനെ,ജയദേവൻ
ജയദേവന്,ജയദേവൻ
ജയദേവന്റെ,ജയദേവൻ
ജയദേവനും,ജയദേവൻ
ജയദ്രഥനാൽ,ജയദ്രഥൻ
ജയന,ജയന
ജയന്ത,ജയന്ത
ജയന്തൻ,ജയന്തൻ
ജയന്തന്,ജയന്തൻ
ജയന്തനും,ജയന്തൻ
ജയന്തി,ജയന്തി
ജയപാലൻ,ജയപാലൻ
ജയപാലന്,ജയപാലൻ
ജയബാൽ,ജയബ്
ജയഭേരി,ജയഭേരി
ജയമാല,ജയമാല
ജയലക്ഷ്മി,ജയലക്ഷ്മി
ജയവിജയന്മാരുടെ,ജയവിജയന്മാർ
ജയാ,ജയാ
ജയി,ജയി
ജയിക്കുക,ജയിക്കുക
ജയിച്ചു,ജയിക്കുക
ജയിക്കുന്നു,ജയിക്കുക
ജയിക്കുന്ന,ജയിക്കുക
ജയ്,ജയ്
ജയിനെ,ജയ്
ജയിന്,ജയ്
ജയിൻ,ജയ്
ജയിന്റെ,ജയ്
ജയിൽ,ജയ്
ജയും,ജയ്
ജയാം,ജയ്
ജര,ജര
ജര,ജര
ജരം,ജരം
ജരാനരകൾ,ജരാനരകൾ
ജരാനരകളെ,ജരാനരകൾ
ജരാനരകളും,ജരാനരകൾ
ജരാസന്ധൻ,ജരാസന്ധൻ
ജരാസന്ധനെ,ജരാസന്ധൻ
ജരാസന്ധന്,ജരാസന്ധൻ
ജരാസന്ധന്റെ,ജരാസന്ധൻ
ജരാസന്ധനും,ജരാസന്ധൻ
ജരി,ജരി
ജല,ജല
ജലം,ജലം
ജലവും,ജലം
ജലം,ജലം
ജലവും,ജലം
ജലകണങ്ങൾ,ജലകണം
ജലകേളി,ജലകേളി
ജലക്രീഡ,ജലക്രീഡ
ജലച്ചായം,ജലച്ചായം
ജലച്ചായങ്ങൾ,ജലച്ചായം
ജലച്ചായവും,ജലച്ചായം
ജലജ,ജലജ
ജലജം,ജലജം
ജലജന്തു,ജലജന്തു
ജലജപം,ജലജപം
ജലജീവി,ജലജീവി
ജലതരംഗം,ജലതരംഗം
ജലതരംഗങ്ങൾ,ജലതരംഗം
ജലധാര,ജലധാര
ജലനിധി,ജലനിധി
ജലനിരപ്പ്,ജലനിരപ്പ്
ജലനിരപ്പിനോട്,ജലനിരപ്പ്
ജലനിരപ്പിന്,ജലനിരപ്പ്
ജലനിരപ്പിന്റെ,ജലനിരപ്പ്
ജലനിരപ്പിൽ,ജലനിരപ്പ്
ജലനിരപ്പും,ജലനിരപ്പ്
ജലനിരപ്പായ,ജലനിരപ്പ്
ജലപദ്ധതി,ജലപദ്ധതി
ജലപാതം,ജലപാതം
ജലപാതങ്ങൾ,ജലപാതം
ജലപാതവും,ജലപാതം
ജലപാനം,ജലപാനം
ജലപാനവും,ജലപാനം
ജലപ്രളയം,ജലപ്രളയം
ജലപ്രവാഹം,ജലപ്രവാഹം
ജലപ്രവാഹങ്ങൾ,ജലപ്രവാഹം
ജലപ്രവാഹവും,ജലപ്രവാഹം
ജലയാനം,ജലയാനം
ജലരാശി,ജലരാശി
ജലരേഖ,ജലരേഖ
ജലവിതാനം,ജലവിതാനം
ജലവിതാനങ്ങൾ,ജലവിതാനം
ജലവൈദ്യുതപദ്ധതി,ജലവൈദ്യുതപദ്ധതി
ജലവൈദ്യുതി,ജലവൈദ്യുതി
ജലശീകരങ്ങൾ,ജലശീകരം
ജലസംഭരണി,ജലസംഭരണി
ജലസേചനം,ജലസേചനം
ജലസേചനവും,ജലസേചനം
ജലാധിവാസം,ജലാധിവാസം
ജലാശയ,ജലാശയ
ജലാശയം,ജലാശയം
ജലാശയങ്ങൾ,ജലാശയം
ജലാശയവും,ജലാശയം
ജലീയ,ജലീയ
ജലേശൻ,ജലേശൻ
ജസ്,ജസ്
ജാ,ജാ
ജാംഗലം,ജാംഗലം
ജാംബവതി,ജാംബവതി
ജാഗരണം,ജാഗരണം
ജാഗരൂകത,ജാഗരൂകത
ജാഗ്രത,ജാഗ്രത
ജാഗ്രതാ,ജാഗ്രതാ
ജാഗ്രത്ത്,ജാഗ്രത്ത്
ജാഗ്രത്തായ,ജാഗ്രത്ത്
ജാജി,ജാജി
ജാജ്വല്യ,ജാജ്വല്യ
ജാതം,ജാതം
ജാതക,ജാതക
ജാതകം,ജാതകം
ജാതകങ്ങൾ,ജാതകം
ജാതകവും,ജാതകം
ജാതകകഥകൾ,ജാതകകഥകൾ
ജാതകകഥകളുടെ,ജാതകകഥകൾ
ജാതകകഥകളിൽ,ജാതകകഥകൾ
ജാതകനെ,ജാതകൻ
ജാതകന്,ജാതകൻ
ജാതകന്റെ,ജാതകൻ
ജാതകഫലം,ജാതകഫലം
ജാതൻ,ജാതൻ
ജാതവേദൻ,ജാതവേദൻ
ജാതി,ജാതി
ജാതി,ജാതി
ജാതിഭ്രഷ്ട്,ജാതിഭ്രഷ്ട്
ജാതിവ്യവസ്ഥ,ജാതിവ്യവസ്ഥ
ജാതീയ,ജാതീയ
ജാഥാ,ജാഥാ
ജാന,ജാന
ജാനകി,ജാനകി
ജാനകീ,ജാനകി
ജാനാമി,ജാനാമി
ജാനി,ജാനി
ജാനി,ജാനി
ജാനു,ജാനു
ജാനു,ജാനു
ജാപ്,ജാപ്
ജാമദഗ്ന്യന്,ജാമദഗ്ന്യൻ
ജാമ്യക്കാരൻ,ജാമ്യക്കാരൻ
ജാമ്യക്കാരനെ,ജാമ്യക്കാരൻ
ജായ,ജായ
ജാരൻ,ജാരൻ
ജാരനും,ജാരൻ
ജാല,ജാല
ജാല,ജാല
ജാലം,ജാലം
ജാലങ്ങൾ,ജാലം
ജാലക,ജാലക
ജാലക,ജാലക
ജാലകം,ജാലകം
ജാലകങ്ങൾ,ജാലകം
ജാലറ,ജാലറ
ജാലവിദ്യ,ജാലവിദ്യ
ജാലി,ജാലി
ജാലിക,ജാലിക
ജാലിക,ജാലിക
ജാലികാ,ജാലികൻ
ജാലികാ,ജാലികാ
ജാള്യം,ജാള്യം
ജി,ജി
ജീ,ജി
ജിജ്ഞാസ,ജിജ്ഞാസ
ജിജ്ഞാസു,ജിജ്ഞാസു
ജിത,ജിത
ജിതശത്രു,ജിതശത്രു
ജിതി,ജിതി
ജിതി,ജിതി
ജിത്,ജിത്
ജിതിനെ,ജിത്
ജിതിന്,ജിത്
ജിതിൻ,ജിത്
ജിതിന്റെ,ജിത്
ജിത്ത്,ജിത്ത്
ജിത്തിനെ,ജിത്ത്
ജിത്തിന്,ജിത്ത്
ജിത്തിൻ,ജിത്ത്
ജിന,ജിന
ജിനദേവന്,ജിനദേവൻ
ജിനദേവന്റെ,ജിനദേവൻ
ജിനൻ,ജിനൻ
ജിനനെ,ജിനൻ
ജിൻസ്,ജിൻസ്
ജിൻസും,ജിൻസ്
ജില്ലി,ജില്ലി
ജില്ലീ,ജില്ലി
ജിഷ്ണു,ജിഷ്ണു
ജിഹ്വ,ജിഹ്വ
ജിഹ്വ,ജിഹ്വ
ജിഹ്വാ,ജിഹ്വാ
ജീ,ജീ
ജീനാ,ജീനൻ
ജീര,ജീര
ജീരക,ജീരക
ജീരകം,ജീരകം
ജീരകവും,ജീരകം
ജീർണത,ജീർണത
ജീവ,ജീവ
ജീവകന്റെ,ജീവകൻ
ജീവകലശം,ജീവകലശം
ജീവകാരുണ്യം,ജീവകാരുണ്യം
ജീവചരിത്രം,ജീവചരിത്രം
ജീവചരിത്രങ്ങൾ,ജീവചരിത്രം
ജീവചരിത്രവും,ജീവചരിത്രം
ജീവചൈതന്യം,ജീവചൈതന്യം
ജീവച്ഛവം,ജീവച്ഛവം
ജീവജന്തു,ജീവജന്തു
ജീവജാലം,ജീവജാലം
ജീവജാലങ്ങൾ,ജീവജാലം
ജീവജാലവും,ജീവജാലം
ജീവത,ജീവത
ജീവത്തും,ജീവത്ത്
ജീവത്തായ,ജീവത്ത്
ജീവത്യാഗം,ജീവത്യാഗം
ജീവദീപ്തി,ജീവദീപ്തി
ജീവധനം,ജീവധനം
ജീവധാരണം,ജീവധാരണം
ജീവന,ജീവന
ജീവനം,ജീവനം
ജീവനവും,ജീവനം
ജീവനക്കാരൻ,ജീവനക്കാരൻ
ജീവനക്കാരനെ,ജീവനക്കാരൻ
ജീവനക്കാരനോട്,ജീവനക്കാരൻ
ജീവനക്കാരന്,ജീവനക്കാരൻ
ജീവനക്കാരന്റെ,ജീവനക്കാരൻ
ജീവനക്കാരനും,ജീവനക്കാരൻ
ജീവനാഡി,ജീവനാഡി
ജീവനാന്തം,ജീവനാന്തം
ജീവനാശം,ജീവനാശം
ജീവനാശവും,ജീവനാശം
ജീവനി,ജീവനി
ജീവനീയം,ജീവനീയം
ജീവന്മുക്തന്റെ,ജീവന്മുക്തൻ
ജീവന്മുക്തി,ജീവന്മുക്തി
ജീവൻ,ജീവൻ
ജീവനെ,ജീവൻ
ജീവനോട്,ജീവൻ
ജീവന്,ജീവൻ
ജീവന്റെ,ജീവൻ
ജീവനിൽ,ജീവൻ
ജീവനുകൾ,ജീവൻ
ജീവനും,ജീവൻ
ജീവപര്യന്തം,ജീവപര്യന്തം
ജീവപര്യന്തവും,ജീവപര്യന്തം
ജീവരക്തം,ജീവരക്തം
ജീവരക്ഷ,ജീവരക്ഷ
ജീവവായു,ജീവവായു
ജീവവായൂ,ജീവവായു
ജീവശക്തി,ജീവശക്തി
ജീവശാസ്ത്രം,ജീവശാസ്ത്രം
ജീവശ്വാസം,ജീവശ്വാസം
ജീവസത്ത,ജീവസത്ത
ജീവസന്ധാരണം,ജീവസന്ധാരണം
ജീവസ്സ്,ജീവസ്സ്
ജീവഹാനി,ജീവഹാനി
ജീവഹിംസ,ജീവഹിംസ
ജീവാപായം,ജീവാപായം
ജീവാവാഹനം,ജീവാവാഹനം
ജീവി,ജീവി
ജീവിക്കുക,ജീവിക്കുക
ജീവിച്ചു,ജീവിക്കുക
ജീവിക്കുന്നു,ജീവിക്കുക
ജീവിക്കുന്ന,ജീവിക്കുക
ജീവിക്കുക,ജീവിക്കുക
ജീവിച്ചു,ജീവിക്കുക
ജീവിക്കുന്നു,ജീവിക്കുക
ജീവിക്കുന്ന,ജീവിക്കുക
ജീവിത,ജീവിത
ജീവിതം,ജീവിതം
ജീവിതങ്ങൾ,ജീവിതം
ജീവിതവും,ജീവിതം
ജീവിതകാലം,ജീവിതകാലം
ജീവിതകാലവും,ജീവിതകാലം
ജീവിതകാലത്ത്,ജീവിതകാലം
ജീവിതഗതി,ജീവിതഗതി
ജീവിതഘട്ടവും,ജീവിതഘട്ടം
ജീവിതചക്രം,ജീവിതചക്രം
ജീവിതചക്രവും,ജീവിതചക്രം
ജീവിതചരിത്രം,ജീവിതചരിത്രം
ജീവിതചര്യ,ജീവിതചര്യ
ജീവിതച്ചെലവ്,ജീവിതച്ചെലവ്
ജീവിതച്ചെലവും,ജീവിതച്ചെലവ്
ജീവിതമൂല്യം,ജീവിതമൂല്യം
ജീവിതമൂല്യങ്ങൾ,ജീവിതമൂല്യം
ജീവിൻ,ജീവിൻ
ജീവിന്,ജീവിൻ
ജീവ്,ജീവ്
ജീവിന്,ജീവ്
ജീവിൻ,ജീവ്
ജു,ജു
ജൂ,ജു
ജുഹു,ജുഹു
ജൂ,ജൂ
ജൂത,ജൂത
ജൂത,ജൂത
ജോഡി,ജോഡി
ജോഡി,ജോഡി
ജോത്സ്യൻ,ജോത്സ്യൻ
ജോത്സ്യന്,ജോത്സ്യൻ
ജോത്സ്യന്റെ,ജോത്സ്യൻ
ജോലി,ജോലി
ജൈത്രയാത്ര,ജൈത്രയാത്ര
ജൈന,ജൈന
ജൈനം,ജൈനം
ജൈനൻ,ജൈനൻ
ജൈനന്മാർ,ജൈനൻ
ജൈനമതം,ജൈനമതം
ജൈനമതവും,ജൈനമതം
ജൈമിനി,ജൈമിനി
ജൈമിനീ,ജൈമിനി
ജൈവ,ജൈവ
ജൈവ,ജൈവ
ജൈവവാതകവും,ജൈവവാതകം
ജ്,ജ്
ജിനെ,ജ്
ജിന്,ജ്
ജിൻ,ജ്
ജാൽ,ജ്
ജിൽ,ജ്
ജാം,ജ്
ജേക്ക്,ജ്
ജായ,ജ്
ജ്ഞ,ജ്ഞ
ജ്ഞാതം,ജ്ഞാതം
ജ്ഞാത്വാ,ജ്ഞാത്വാ
ജ്ഞാന,ജ്ഞാന
ജ്ഞാനം,ജ്ഞാനം
ജ്ഞാനവും,ജ്ഞാനം
ജ്ഞാനദൃഷ്ടി,ജ്ഞാനദൃഷ്ടി
ജ്ഞാനപതി,ജ്ഞാനപതി
ജ്ഞാനപ്പാന,ജ്ഞാനപ്പാന
ജ്ഞാനവൃദ്ധൻ,ജ്ഞാനവൃദ്ധൻ
ജ്ഞാനവൃദ്ധനും,ജ്ഞാനവൃദ്ധൻ
ജ്ഞാനശക്തി,ജ്ഞാനശക്തി
ജ്ഞാനസിദ്ധാന്തം,ജ്ഞാനസിദ്ധാന്തം
ജ്ഞാനസ്നാനം,ജ്ഞാനസ്നാനം
ജ്ഞാനസ്നാനവും,ജ്ഞാനസ്നാനം
ജ്ഞാനസ്വരൂപനെ,ജ്ഞാനസ്വരൂപൻ
ജ്ഞാനസ്വരൂപന്റെ,ജ്ഞാനസ്വരൂപൻ
ജ്ഞാനസ്വരൂപാ,ജ്ഞാനസ്വരൂപൻ
ജ്ഞാനി,ജ്ഞാനി
ജ്ഞാനേന്ദ്രിയങ്ങൾ,ജ്ഞാനേന്ദ്രിയം
ജ്ഞാപക,ജ്ഞാപക
ജ്ഞാപക,ജ്ഞാപക
ജ്ഞാപകന്,ജ്ഞാപകൻ
ജ്ഞാപനം,ജ്ഞാപനം
ജ്യേഷ്ഠ,ജ്യേഷ്ഠ
ജ്യേഷ്ഠ,ജ്യേഷ്ഠ
ജ്യേഷ്ഠത്തി,ജ്യേഷ്ഠത്തി
ജ്യേഷ്ഠൻ,ജ്യേഷ്ഠൻ
ജ്യേഷ്ഠനെ,ജ്യേഷ്ഠൻ
ജ്യേഷ്ഠനോട്,ജ്യേഷ്ഠൻ
ജ്യേഷ്ഠന്,ജ്യേഷ്ഠൻ
ജ്യേഷ്ഠന്റെ,ജ്യേഷ്ഠൻ
ജ്യേഷ്ഠന്മാർ,ജ്യേഷ്ഠൻ
ജ്യേഷ്ഠനും,ജ്യേഷ്ഠൻ
ജ്യേഷ്ഠാ,ജ്യേഷ്ഠൻ
ജ്യേഷ്ഠാ,ജ്യേഷ്ഠാ
ജ്യോതി,ജ്യോതി
ജ്യോതിർലിംഗങ്ങൾ,ജ്യോതിർലിംഗം
ജ്യോതിഷ,ജ്യോതിഷ
ജ്യോതിഷം,ജ്യോതിഷം
ജ്യോതിഷവും,ജ്യോതിഷം
ജ്യോതിഷ്മതി,ജ്യോതിഷ്മതി
ജ്യോതിസ്,ജ്യോതിസ്
ജ്യോതിസിന്റെ,ജ്യോതിസ്
ജ്യോതിസ്സ്,ജ്യോതിസ്സ്
ജ്യോതിസ്സിനെ,ജ്യോതിസ്സ്
ജ്യോത്സ്ന,ജ്യോത്സ്ന
ജ്യോത്സ്യൻ,ജ്യോത്സ്യൻ
ജ്യോത്സ്യനെ,ജ്യോത്സ്യൻ
ജ്യോത്സ്യന്,ജ്യോത്സ്യൻ
ജ്യോത്സ്യന്റെ,ജ്യോത്സ്യൻ
ജ്യോത്സ്യനും,ജ്യോത്സ്യൻ
ജ്വര,ജ്വര
ജ്വര,ജ്വര
ജ്വരം,ജ്വരം
ജ്വല,ജ്വല
ജ്വലന,ജ്വലന
ജ്വലനം,ജ്വലനം
ജ്വലനവും,ജ്വലനം
ജ്വലിച്ചു,ജ്വലിക്കുക
ജ്വലിക്കുന്നു,ജ്വലിക്കുക
ജ്വലിക്കുന്ന,ജ്വലിക്കുക
ജ്വലിച്ചു,ജ്വലിക്കുക
ജ്വലിക്കുന്നു,ജ്വലിക്കുക
ജ്വലിക്കുന്ന,ജ്വലിക്കുക
ജ്വൽ,ജ്വൽ
ജ്വാല,ജ്വാല
ജ്വാല,ജ്വാല
ജ്വാലാ,ജ്വാലാ
ജ്വാലാമുഖി,ജ്വാലാമുഖി
ജൗഹർ,ജൗഹർ
ഝണഝണിതം,ഝണഝണിതം
ഝഷം,ഝഷം
ഝാല,ഝാല
ഞ,ഞ
ഞണ്ട്,ഞണ്ട്
ഞണ്ടിനെ,ഞണ്ട്
ഞണ്ടിന്,ഞണ്ട്
ഞണ്ടിൻ,ഞണ്ട്
ഞണ്ടിന്റെ,ഞണ്ട്
ഞണ്ടുകൾ,ഞണ്ട്
ഞണ്ടും,ഞണ്ട്
ഞരക്കം,ഞരക്കം
ഞരക്കവും,ഞരക്കം
ഞരമ്പ്,ഞരമ്പ്
ഞരമ്പിന്റെ,ഞരമ്പ്
ഞരമ്പുകൾ,ഞരമ്പ്
ഞരമ്പും,ഞരമ്പ്
ഞവര,ഞവര
ഞവിണി,ഞവിണി
ഞാ,ഞാ
ഞാഞ്ഞൂല്,ഞാഞ്ഞൂൽ
ഞാൺ,ഞാൺ
ഞാണിനെ,ഞാൺ
ഞാണിന്റെ,ഞാൺ
ഞാണിൽ,ഞാൺ
ഞാൺ,ഞാൺ
ഞാണിനെ,ഞാൺ
ഞാണിന്റെ,ഞാൺ
ഞാണിൽ,ഞാൺ
ഞാത്തി,ഞാത്തുക
ഞാൻ,ഞാൻ
ഞാനെ,ഞാൻ
ഞാന്,ഞാൻ
ഞാന്റെ,ഞാൻ
ഞാനും,ഞാൻ
ഞാനേ,ഞാൻ
ഞായർ,ഞായർ
ഞായറാഴ്ച,ഞായറാഴ്ച
ഞാറ,ഞാറ
ഞാറ്,ഞാറ്
ഞാറിന്,ഞാറ്
ഞാറിൻ,ഞാറ്
ഞാറിന്,ഞാറ്
ഞാറിന്റെ,ഞാറ്
ഞാറിന്റെ,ഞാറ്
ഞാറുകൾ,ഞാറ്
ഞാറുകൾ,ഞാറ്
ഞാറുകൾ,ഞാറ്
ഞാറും,ഞാറ്
ഞാറ്,ഞാറ്
ഞാറിന്,ഞാറ്
ഞാറിൻ,ഞാറ്
ഞാറിന്,ഞാറ്
ഞാറിന്റെ,ഞാറ്
ഞാറിന്റെ,ഞാറ്
ഞാറുകൾ,ഞാറ്
ഞാറുകൾ,ഞാറ്
ഞാറുകൾ,ഞാറ്
ഞാറും,ഞാറ്
ഞാറ്റടി,ഞാറ്റടി
ഞാറ്റുപാട്ട്,ഞാറ്റുപാട്ട്
ഞാറ്റുപാട്ടും,ഞാറ്റുപാട്ട്
ഞാറ്റുവേല,ഞാറ്റുവേല
ഞാഴൽ,ഞാഴൽ
ഞാവൽ,ഞാവൽ
ഞാവല്,ഞാവൽ
ഞെക്കുന്ന,ഞെക്കുക
ഞെക്കി,ഞെക്കുക
ഞെട്ടൽ,ഞെട്ടൽ
ഞെട്ടല്,ഞെട്ടൽ
ഞെട്ടി,ഞെട്ടി
ഞെട്ടിപ്പന,ഞെട്ടിപ്പന
ഞെട്ടുക,ഞെട്ടുക
ഞെട്ടുന്നു,ഞെട്ടുക
ഞെട്ടുന്ന,ഞെട്ടുക
ഞെട്ടുക,ഞെട്ടുക
ഞെട്ടുന്നു,ഞെട്ടുക
ഞെട്ടുന്ന,ഞെട്ടുക
ഞെട്ട്,ഞെട്ട്
ഞെട്ടിന്റെ,ഞെട്ട്
ഞെട്ടിൽ,ഞെട്ട്
ഞെട്ടുകൾ,ഞെട്ട്
ഞെട്ടും,ഞെട്ട്
ഞെട്ടാം,ഞെട്ട്
ഞെട്ടുക,ഞെട്ട്
ഞെരിച്ചു,ഞെരിക്കുക
ഞെരിക്കുന്നു,ഞെരിക്കുക
ഞെരിക്കുന്ന,ഞെരിക്കുക
ഞെരിഞ്ഞൽ,ഞെരിഞ്ഞൽ
ഞെരിഞ്ഞിൽ,ഞെരിഞ്ഞിൽ
ഞെരിഞ്ഞില്,ഞെരിഞ്ഞിൽ
ഞെരിഞ്ഞു,ഞെരിയുക
ഞെരിഞ്ഞു,ഞെരിയുക
ഞെരുക്കം,ഞെരുക്കം
ഞെരുക്കങ്ങൾ,ഞെരുക്കം
ഞെരുക്കവും,ഞെരുക്കം
ഞെരുക്കുന്ന,ഞെരുക്കുക
ഞെരുക്കി,ഞെരുക്കുക
ഞെരുങ്ങുക,ഞെരുങ്ങുക
ഞെരുങ്ങുന്നു,ഞെരുങ്ങുക
ഞെരുങ്ങുന്ന,ഞെരുങ്ങുക
ഞെളിക്കുക,ഞെളിക്കുക
ഞെളിയന്,ഞെളിയൻ
ഞെളിയുക,ഞെളിയുക
ഞെളിയുന്നു,ഞെളിയുക
ട,ട
ടംഗ,ടംഗ
ടംബ്ലർ,ടംബ്ലർ
ടങ്ക്,ടങ്ക്
ടൻ,ടൻ
ടന്,ടൻ
ടാ,ടൻ
ടാ,ടാ
ടാരം,ടാരം
ടാരാ,ടാരൻ
ടി,ടി
ടീ,ടി
ടി,ടി
ടീ,ടി
ടിപ്പണി,ടിപ്പണി
ടിപ്പ്,ടിപ്പ്
ടിപ്പിനെ,ടിപ്പ്
ടിപ്പുകൾ,ടിപ്പ്
ടീ,ടീ
ടീകാ,ടീകാ
ടു,ടു
ടൂ,ടു
ടുന്ന,ടുക
ടെ,ടെ
ഠക്കുരന്,ഠക്കുരൻ
ഠേ,ഠേ
ഡംഭവും,ഡംഭം
ഡച്ച്,ഡച്ച്
ഡച്ചിന്,ഡച്ച്
ഡച്ചിന്റെ,ഡച്ച്
ഡച്ചിൽ,ഡച്ച്
ഡച്ചും,ഡച്ച്
ഡച്ചുക,ഡച്ച്
ഡബ്ബ,ഡബ്ബ
ഡയ,ഡയ
ഡയന,ഡയന
ഡാ,ഡാ
ഡാകാ,ഡാകൻ
ഡാക്കൂ,ഡാക്കൂ
ഡാമരം,ഡാമരം
ഡിക്ക്,ഡിക്ക്
ഡിക്കിന്റെ,ഡിക്ക്
ഡിക്കും,ഡിക്ക്
ഡീ,ഡീ
ഡീന,ഡീന
ഡെൽഹി,ഡെൽഹി
ഡോളർ,ഡോളർ
ഡോളി,ഡോളി
ണ,ണ
ണം,ണം
ണവും,ണം
ണം,ണം
ണവും,ണം
ണകാരം,ണകാരം
ണന്,ണൻ
ണന്റെ,ണൻ
ണ്യം,ണ്യം
ത,ത
തക,തക
തകടി,തകടി
തകര,തകര
തകരം,തകരം
തകരുക,തകരുക
തകർന്നു,തകരുക
തകര്ന്നു,തകരുക
തകരുന്നു,തകരുക
തകരുന്ന,തകരുക
തകർ,തകർ
തകരും,തകർ
തകർക്കുക,തകർക്കുക
തകർക്കുന്നു,തകർക്കുക
തകർക്കുന്ന,തകർക്കുക
തകർന്നു,തകർക്കുക
തകഴി,തകഴി
തകിൽ,തകിൽ
തകില്,തകിൽ
തകുന്ന,തകുക
തകുന്ന,തകുക
തകൃതി,തകൃതി
തക്ക,തക്ക
തക്ക,തക്ക
തക്കം,തക്കം
തക്കവും,തക്കം
തക്കാളി,തക്കാളി
തക്രം,തക്രം
തക്രധാര,തക്രധാര
തക്ഷ,തക്ഷ
തക്ഷകൻ,തക്ഷകൻ
തക്ഷകനെ,തക്ഷകൻ
തക്ഷകന്,തക്ഷകൻ
തക്ഷകനും,തക്ഷകൻ
തക്ഷശില,തക്ഷശില
തങ്ക,തങ്ക
തങ്കം,തങ്കം
തങ്കവും,തങ്കം
തങ്കച്ചി,തങ്കച്ചി
തങ്കി,തങ്കി
തങ്ങൾ,തങ്ങൾ
തങ്ങളെ,തങ്ങൾ
തങ്ങളോട്,തങ്ങൾ
തങ്ങളാൽ,തങ്ങൾ
തങ്ങളുടെ,തങ്ങൾ
തങ്ങളിന്റെ,തങ്ങൾ
തങ്ങളിൽ,തങ്ങൾ
തങ്ങളും,തങ്ങൾ
തങ്ങുക,തങ്ങുക
തങ്ങുന്നു,തങ്ങുക
തങ്ങുന്ന,തങ്ങുക
തങ്ങുക,തങ്ങുക
തങ്ങുന്നു,തങ്ങുക
തങ്ങുന്ന,തങ്ങുക
തച്ചൻ,തച്ചൻ
തച്ചന്,തച്ചൻ
തച്ചന്റെ,തച്ചൻ
തച്ചന്മാർ,തച്ചൻ
തച്ചനും,തച്ചൻ
തച്ചാ,തച്ചൻ
തച്ചുശാസ്ത്രം,തച്ചുശാസ്ത്രം
തച്ച്,തച്ച്
തച്ചിൽ,തച്ച്
തച്ചുകൾ,തച്ച്
തഞ്ചവും,തഞ്ചം
തട,തട
തട,തട
തടം,തടം
തടങ്ങൾ,തടം
തടവും,തടം
തടയണ,തടയണ
തടയുക,തടയുക
തടഞ്ഞു,തടയുക
തടയുന്നു,തടയുക
തടയുന്ന,തടയുക
തടയുക,തടയുക
തടഞ്ഞു,തടയുക
തടയുന്നു,തടയുക
തടയുന്ന,തടയുക
തടവുക,തടവുക
തടവുന്ന,തടവുക
തടവുക,തടവുക
തടവുന്ന,തടവുക
തടവ്,തടവ്
തടവിന്,തടവ്
തടവിന്റെ,തടവ്
തടവിൽ,തടവ്
തടവും,തടവ്
തടവുക,തടവ്
തടസ്ഥവും,തടസ്ഥം
തടാക,തടാക
തടാകം,തടാകം
തടാകങ്ങൾ,തടാകം
തടാകവും,തടാകം
തടി,തടി
തടി,തടി
തടിച്ചു,തടിക്കുക
തടിച്ചു,തടിക്കുക
തടിനി,തടിനി
തടിനീ,തടിനി
തടിനി,തടിനി
തടിനീ,തടിനി
തടിനീ,തടിനീ
തടിമാടൻ,തടിമാടൻ
തടിമിടുക്കും,തടിമിടുക്ക്
തടിയൻ,തടിയൻ
തടിയനെ,തടിയൻ
തടിയന്,തടിയൻ
തടിയനാൽ,തടിയൻ
തടിയാ,തടിയൻ
തടുക്കുന്നു,തടുക്കുക
തടുക്കുന്ന,തടുക്കുക
തടുക്കുന്നു,തടുക്കുക
തടുക്കുന്ന,തടുക്കുക
തടുക്ക്,തടുക്ക്
തടുക്കുകൾ,തടുക്ക്
തടുക്കും,തടുക്ക്
തടുക്കാം,തടുക്ക്
തട്ട,തട്ട
തട്ട,തട്ട
തട്ടം,തട്ടം
തട്ടവും,തട്ടം
തട്ടകം,തട്ടകം
തട്ടകങ്ങൾ,തട്ടകം
തട്ടകവും,തട്ടകം
തട്ടകത്ത്,തട്ടകം
തട്ടാൻ,തട്ടാൻ
തട്ടാനെ,തട്ടാൻ
തട്ടാനോട്,തട്ടാൻ
തട്ടാന്,തട്ടാൻ
തട്ടാന്റെ,തട്ടാൻ
തട്ടാന്മാർ,തട്ടാൻ
തട്ടാനും,തട്ടാൻ
തട്ടി,തട്ടി
തട്ടി,തട്ടി
തട്ടിച്ചു,തട്ടിക്കുക
തട്ടിന്മേൽക്കൂത്ത്,തട്ടിന്മേൽക്കൂത്ത്
തട്ടുക,തട്ടുക
തട്ടുന്നു,തട്ടുക
തട്ടുന്ന,തട്ടുക
തട്ടുക,തട്ടുക
തട്ടുന്നു,തട്ടുക
തട്ടുന്ന,തട്ടുക
തട്ടുകട,തട്ടുകട
തട്ടുപടി,തട്ടുപടി
തട്ടുമുട്ട്,തട്ടുമുട്ട്
തട്ട്,തട്ട്
തട്ടിനെ,തട്ട്
തട്ടിനോട്,തട്ട്
തട്ടിന്,തട്ട്
തട്ടിൻ,തട്ട്
തട്ടിന്റെ,തട്ട്
തട്ടിൽ,തട്ട്
തട്ടുകൾ,തട്ട്
തട്ടും,തട്ട്
തട്ടാം,തട്ട്
തട്ടുക,തട്ട്
തട്ടായ,തട്ട്
തട്ട്,തട്ട്
തട്ടിനെ,തട്ട്
തട്ടിനോട്,തട്ട്
തട്ടിന്,തട്ട്
തട്ടിൻ,തട്ട്
തട്ടിന്റെ,തട്ട്
തട്ടിൽ,തട്ട്
തട്ടുകൾ,തട്ട്
തട്ടും,തട്ട്
തട്ടാം,തട്ട്
തട്ടുക,തട്ട്
തട്ടായ,തട്ട്
തണുക്കുന്നു,തണുക്കുക
തണുക്കുന്നു,തണുക്കുക
തണുങ്ങിൽ,തണുങ്ങ്
തണുപ്പ്,തണുപ്പ്
തണുപ്പിനെ,തണുപ്പ്
തണുപ്പിനോട്,തണുപ്പ്
തണുപ്പിന്,തണുപ്പ്
തണുപ്പിനാൽ,തണുപ്പ്
തണുപ്പിന്റെ,തണുപ്പ്
തണുപ്പിൽ,തണുപ്പ്
തണുപ്പും,തണുപ്പ്
തണ്ട,തണ്ട
തണ്ടപ്പേര്,തണ്ടപ്പേര്
തണ്ടപ്പേരും,തണ്ടപ്പേര്
തണ്ടയാന്മാർ,തണ്ടയാൻ
തണ്ടാൻ,തണ്ടാൻ
തണ്ടാന്,തണ്ടാൻ
തണ്ടാന്റെ,തണ്ടാൻ
തണ്ടാന്മാർ,തണ്ടാൻ
തണ്ടാനും,തണ്ടാൻ
തണ്ടാർ,തണ്ടാർ
തണ്ടി,തണ്ടി
തണ്ട്,തണ്ട്
തണ്ടിനെ,തണ്ട്
തണ്ടിനോട്,തണ്ട്
തണ്ടിന്,തണ്ട്
തണ്ടിന്റെ,തണ്ട്
തണ്ടിൽ,തണ്ട്
തണ്ടുകൾ,തണ്ട്
തണ്ടും,തണ്ട്
തണ്ടാം,തണ്ട്
തണ്ട്,തണ്ട്
തണ്ടിനെ,തണ്ട്
തണ്ടിനോട്,തണ്ട്
തണ്ടിന്,തണ്ട്
തണ്ടിന്റെ,തണ്ട്
തണ്ടിൽ,തണ്ട്
തണ്ടുകൾ,തണ്ട്
തണ്ടും,തണ്ട്
തണ്ടാം,തണ്ട്
തണ്ഡ,തണ്ഡ
തണ്ണിമത്തൻ,തണ്ണിമത്തൻ
തണ്ണിമത്തനെ,തണ്ണിമത്തൻ
തണ്ണിമത്തന്,തണ്ണിമത്തൻ
തണ്ണിമത്തന്റെ,തണ്ണിമത്തൻ
തണ്ണിമത്തനിൽ,തണ്ണിമത്തൻ
തണ്ണിമത്തനും,തണ്ണിമത്തൻ
തണ്ണീർ,തണ്ണീർ
തണ്ണീർക്കുടം,തണ്ണീർക്കുടം
തണ്ണീർക്കുടങ്ങൾ,തണ്ണീർക്കുടം
തണ്ണീർപ്പന്തൽ,തണ്ണീർപ്പന്തൽ
തതം,തതം
തതം,തതം
തത്കാലം,തത്കാലം
തത്ക്ഷണം,തത്ക്ഷണം
തത്ത,തത്ത
തത്തതിൽ,തത്തത്
തത്തു,തത്തു
തത്തുല്യ,തത്തുല്യ
തത്ത്വ,തത്ത്വ
തത്ത്വം,തത്ത്വം
തത്ത്വങ്ങൾ,തത്ത്വം
തത്ത്വവും,തത്ത്വം
തത്ത്വം,തത്ത്വം
തത്ത്വങ്ങൾ,തത്ത്വം
തത്ത്വവും,തത്ത്വം
തത്ത്വചിന്ത,തത്ത്വചിന്ത
തത്ത്വചിന്തകൻ,തത്ത്വചിന്തകൻ
തത്ത്വചിന്തകന്,തത്ത്വചിന്തകൻ
തത്ത്വചിന്തകനും,തത്ത്വചിന്തകൻ
തത്ത്വജ്ഞനും,തത്ത്വജ്ഞൻ
തത്ത്വജ്ഞാനം,തത്ത്വജ്ഞാനം
തത്ത്വജ്ഞാനവും,തത്ത്വജ്ഞാനം
തത്ത്വമസി,തത്ത്വമസി
തത്ത്വശാസ്ത്രം,തത്ത്വശാസ്ത്രം
തത്ത്വശാസ്ത്രങ്ങൾ,തത്ത്വശാസ്ത്രം
തത്ത്വശാസ്ത്രവും,തത്ത്വശാസ്ത്രം
തത്ത്വാന്വേഷണം,തത്ത്വാന്വേഷണം
തത്പുരുഷൻ,തത്പുരുഷൻ
തത്ഫലം,തത്ഫലം
തത്ഭവം,തത്ഭവം
തത്ര,തത്ര
തത്വം,തത്വം
തത്വങ്ങൾ,തത്വം
തത്വവും,തത്വം
തത്സമയം,തത്സമയം
തത്സമയത്ത്,തത്സമയം
തഥാ,തഥാ
തഥാ,തഥാ
തഥാഗത,തഥാഗത
തഥാഗതാ,തഥാഗതൻ
തഥാത,തഥാത
തഥൈവ,തഥൈവ
തദനന്തരം,തദനന്തരം
തദനുസരണം,തദനുസരണം
തദാ,തദാ
തദ്,തദ്
തദ്,തദ്
തദ്ദേശം,തദ്ദേശം
തദ്ദേശസ്വയംഭരണം,തദ്ദേശസ്വയംഭരണം
തദ്ദേശീയ,തദ്ദേശീയ
തദ്ഭവങ്ങൾ,തദ്ഭവം
തദ്വാര,തദ്വാര
തന,തന
തന,തന
തനത്,തനത്
തനതിന്റെ,തനത്
തനതും,തനത്
തനതായ,തനത്
തനനെ,തനൻ
തനന്,തനൻ
തനയൻ,തനയൻ
തനയാ,തനയൻ
തനയാ,തനയാ
തനി,തനി
തനിച്ചു,തനിക്കുക
തനിച്ചു,തനിക്കുക
തനിക്ക്,തനിക്ക്
തനിക്കും,തനിക്ക്
തനിച്ച്,തനിച്ച്
തനിച്ചും,തനിച്ച്
തനിച്ചായ,തനിച്ച്
തനിമ,തനിമ
തനിയാവർത്തനം,തനിയാവർത്തനം
തനിയാവർത്തനങ്ങൾ,തനിയാവർത്തനം
തനിയാവർത്തനവും,തനിയാവർത്തനം
തനിയേ,തനിയേ
തനു,തനു
തനു,തനു
തനുജ,തനുജ
തനുജ,തനുജ
തന്,തന്
തനും,തന്
തന്ത,തന്ത
തന്ത,തന്ത
തന്തു,തന്തു
തന്തൂ,തന്തു
തന്തു,തന്തു
തന്തൂ,തന്തു
തന്ത്ര,തന്ത്ര
തന്ത്ര,തന്ത്ര
തന്ത്രം,തന്ത്രം
തന്ത്രങ്ങൾ,തന്ത്രം
തന്ത്രവും,തന്ത്രം
തന്ത്രം,തന്ത്രം
തന്ത്രങ്ങൾ,തന്ത്രം
തന്ത്രവും,തന്ത്രം
തന്ത്രജ്ഞൻ,തന്ത്രജ്ഞൻ
തന്ത്രജ്ഞനെ,തന്ത്രജ്ഞൻ
തന്ത്രജ്ഞന്,തന്ത്രജ്ഞൻ
തന്ത്രജ്ഞനും,തന്ത്രജ്ഞൻ
തന്ത്രശാസ്ത്രം,തന്ത്രശാസ്ത്രം
തന്ത്രശാസ്ത്രവും,തന്ത്രശാസ്ത്രം
തന്ത്രി,തന്ത്രി
തന്ദ്ര,തന്ദ്ര
തന്ദ്ര,തന്ദ്ര
തന്നത്താൻ,തന്നത്താൻ
തന്നത്താനെ,തന്നത്താൻ
തന്നത്താന്,തന്നത്താൻ
തന്നാണ്ട്,തന്നാണ്ട്
തന്നിമിത്തം,തന്നിമിത്തം
തന്നിഷ്ടം,തന്നിഷ്ടം
തന്നിഷ്ടവും,തന്നിഷ്ടം
തന്നെത്താൻ,തന്നെത്താൻ
തന്നെത്താന്,തന്നെത്താൻ
തന്മയം,തന്മയം
തന്മയത്വം,തന്മയത്വം
തന്മയീഭാവം,തന്മയീഭാവം
തന്മയീഭാവവും,തന്മയീഭാവം
തന്മാത്ര,തന്മാത്ര
തന്റേടം,തന്റേടം
തന്റേടവും,തന്റേടം
തന്വംഗി,തന്വംഗി
തന്വി,തന്വി
തൻ,തൻ
തനെ,തൻ
തനോട്,തൻ
തന്,തൻ
തന്റെ,തൻ
തനും,തൻ
താ,തൻ
തൻകാര്യം,തൻകാര്യം
തൻറെ,തൻറെ
തൻവിനയെച്ചം,തൻവിനയെച്ചം
തപം,തപം
തപവും,തപം
തപനന്,തപനൻ
തപസ്,തപസ്
തപസും,തപസ്
തപസ്യ,തപസ്യ
തപസ്വി,തപസ്വി
തപസ്വിനി,തപസ്വിനി
തപസ്സ്,തപസ്സ്
തപസ്സിനെ,തപസ്സ്
തപസ്സിന്,തപസ്സ്
തപസ്സിന്റെ,തപസ്സ്
തപസ്സിൽ,തപസ്സ്
തപസ്സും,തപസ്സ്
തപാൽ,തപാൽ
തപാല്,തപാൽ
തപിച്ചു,തപിക്കുക
തപോവനം,തപോവനം
തപ്,തപ്
തപാൽ,തപ്
തപ്ത,തപ്ത
തപ്ത,തപ്ത
തപ്തകുണ്ഡവും,തപ്തകുണ്ഡം
തപ്പുന്നു,തപ്പുക
തപ്പുന്ന,തപ്പുക
തപ്പുന്നു,തപ്പുക
തപ്പുന്ന,തപ്പുക
തപ്പ്,തപ്പ്
തപ്പിന്റെ,തപ്പ്
തപ്പും,തപ്പ്
തമ,തമ
തമര്,തമര്
തമരുകൾ,തമര്
തമസ,തമസ
തമസ,തമസ
തമസ്,തമസ്
തമസിന്റെ,തമസ്
തമസ്കരണം,തമസ്കരണം
തമസ്സ്,തമസ്സ്
തമസ്സിനെ,തമസ്സ്
തമസ്സിന്,തമസ്സ്
തമസ്സിന്റെ,തമസ്സ്
തമസ്സിൽ,തമസ്സ്
തമാം,തമാം
തമാൻ,തമാൻ
തമാനെ,തമാൻ
തമാനേ,തമാൻ
തമാല,തമാല
തമിൾ,തമിൾ
തമിളിൽ,തമിൾ
തമിഴകം,തമിഴകം
തമിഴകവും,തമിഴകം
തമിഴകത്ത്,തമിഴകം
തമിഴൻ,തമിഴൻ
തമിഴനെ,തമിഴൻ
തമിഴന്,തമിഴൻ
തമിഴന്റെ,തമിഴൻ
തമിഴന്മാർ,തമിഴൻ
തമിഴനും,തമിഴൻ
തമിഴ്,തമിഴ്
തമിഴിനെ,തമിഴ്
തമിഴിനോട്,തമിഴ്
തമിഴിന്,തമിഴ്
തമിഴിന്റെ,തമിഴ്
തമിഴിൽ,തമിഴ്
തമിഴും,തമിഴ്
തമിഴായ,തമിഴ്
തമിഴ്സംഘം,തമിഴ്സംഘം
തമുക്ക്,തമുക്ക്
തമിൽ,തമ്
തമാം,തമ്
തമായ,തമ്
തമ്പാട്ടി,തമ്പാട്ടി
തമ്പായി,തമ്പായി
തമ്പി,തമ്പി
തമ്പുരാട്ടി,തമ്പുരാട്ടി
തമ്പുരാൻ,തമ്പുരാൻ
തമ്പുരാനെ,തമ്പുരാൻ
തമ്പുരാന്,തമ്പുരാൻ
തമ്പുരാന്റെ,തമ്പുരാൻ
തമ്പുരാനിൽ,തമ്പുരാൻ
തമ്പുരാനും,തമ്പുരാൻ
തമ്പുരാനേ,തമ്പുരാൻ
തമ്പുരാൻ,തമ്പുരാൻ
തമ്പുരാനെ,തമ്പുരാൻ
തമ്പുരാന്,തമ്പുരാൻ
തമ്പുരാന്റെ,തമ്പുരാൻ
തമ്പുരാനിൽ,തമ്പുരാൻ
തമ്പുരാനും,തമ്പുരാൻ
തമ്പുരാനേ,തമ്പുരാൻ
തമ്പ്രാക്കൾ,തമ്പ്രാക്കൾ
തമ്പ്രാക്കളെ,തമ്പ്രാക്കൾ
തമ്പ്രാക്കളുടെ,തമ്പ്രാക്കൾ
തമ്പ്രാക്കളേ,തമ്പ്രാക്കൾ
തമ്പ്രാൻ,തമ്പ്രാൻ
തമ്പ്രാനെ,തമ്പ്രാൻ
തമ്പ്രാന്,തമ്പ്രാൻ
തമ്പ്രാന്റെ,തമ്പ്രാൻ
തമ്പ്രാനും,തമ്പ്രാൻ
തമ്മിൽ,തമ്മിൽ
തമ്മില്,തമ്മിൽ
തയരി,തയരി
തയ്,തയ്
തയിൽ,തയ്
തയും,തയ്
തയ്ച്ചു,തയ്ക്കുക
തയ്ക്കുന്ന,തയ്ക്കുക
തയ്ച്ചു,തയ്ക്കുക
തയ്ക്കുന്ന,തയ്ക്കുക
തയ്യൽ,തയ്യൽ
തയ്യല്,തയ്യൽ
തയ്യാർ,തയ്യാർ
തരം,തരം
തരങ്ങൾ,തരം
തരവും,തരം
തരം,തരം
തരങ്ങൾ,തരം
തരവും,തരം
തരംഗ,തരംഗ
തരംഗം,തരംഗം
തരംഗങ്ങൾ,തരംഗം
തരംഗവും,തരംഗം
തരംഗദൈർഘ്യം,തരംഗദൈർഘ്യം
തരംഗദൈർഘ്യങ്ങൾ,തരംഗദൈർഘ്യം
തരംഗദൈർഘ്യവും,തരംഗദൈർഘ്യം
തരംഗിണി,തരംഗിണി
തരകൻ,തരകൻ
തരകന്,തരകൻ
തരകന്റെ,തരകൻ
തരകനിൽ,തരകൻ
തരക്,തരക്
തരണ,തരണ
തരണി,തരണി
തരത്തിന്,തരത്ത്
തരത്തിന്റെ,തരത്ത്
തരത്തിൽ,തരത്ത്
തരള,തരള
തരളിത,തരളിത
തരസാ,തരസാ
തരാം,തരാം
തരാതരം,തരാതരം
തരി,തരി
തരിക,തരിക
തരികിട,തരികിട
തരിച്ചു,തരിക്കുക
തരിച്ചു,തരിക്കുക
തരിപ്പണം,തരിപ്പണം
തരിമ്പ്,തരിമ്പ്
തരിമ്പും,തരിമ്പ്
തരിശ്,തരിശ്
തരിശിൽ,തരിശ്
തരിശുകൾ,തരിശ്
തരിശും,തരിശ്
തരിശായ,തരിശ്
തരിസാ,തരിസാ
തരു,തരു
തരൂ,തരു
തരു,തരു
തരൂ,തരു
തരുക,തരുക
തരുന്നു,തരുക
തരുന്ന,തരുക
തരുക,തരുക
തരുന്നു,തരുക
തരുന്ന,തരുക
തരുണ,തരുണ
തരുണം,തരുണം
തരുണാസ്ഥി,തരുണാസ്ഥി
തരുണി,തരുണി
തരുണീ,തരുണി
തരും,തർ
തർക്കം,തർക്കം
തർക്കങ്ങൾ,തർക്കം
തർക്കവും,തർക്കം
തർക്കിച്ചു,തർക്കിക്കുക
തർക്കിക്കുന്ന,തർക്കിക്കുക
തർക്കുത്തരം,തർക്കുത്തരം
തർക്കുത്തരവും,തർക്കുത്തരം
തർജിമ,തർജിമ
തർജുമ,തർജുമ
തർപ്പണ,തർപ്പണ
തറ,തറ
തറ,തറ
തറക്കല്ല്,തറക്കല്ല്
തറഞ്ഞു,തറയുക
തറയുന്ന,തറയുക
തറയ്ക്കുന്നു,തറയ്ക്കുക
തറയ്ക്കുന്ന,തറയ്ക്കുക
തറവാടക,തറവാടക
തറവാടിത്തം,തറവാടിത്തം
തറവാട്,തറവാട്
തറവാടിനെ,തറവാട്
തറവാടിനോട്,തറവാട്
തറവാടിന്,തറവാട്
തറവാടിന്റെ,തറവാട്
തറവാടിൽ,തറവാട്
തറവാടുകൾ,തറവാട്
തറവാടും,തറവാട്
തറവാടായ,തറവാട്
തറവാട്ട്,തറവാട്
തറവാട്,തറവാട്
തറവാടിനെ,തറവാട്
തറവാടിനോട്,തറവാട്
തറവാടിന്,തറവാട്
തറവാടിന്റെ,തറവാട്
തറവാടിൽ,തറവാട്
തറവാടുകൾ,തറവാട്
തറവാടും,തറവാട്
തറവാടായ,തറവാട്
തറവാട്ട്,തറവാട്
തറവില,തറവില
തറി,തറി
തറിക്കുന്ന,തറിക്കുക
തറിക്കുന്ന,തറിക്കുക
തറി,തറുക
തറി,തറുക
തറ്റ്,തറ്റ്
തല,തല
തല,തല
തലം,തലം
തലങ്ങൾ,തലം
തലവും,തലം
തലത്ത്,തലം
തലം,തലം
തലങ്ങൾ,തലം
തലവും,തലം
തലത്ത്,തലം
തലക്കനം,തലക്കനം
തലക്കനവും,തലക്കനം
തലക്കരം,തലക്കരം
തലക്കെട്ട്,തലക്കെട്ട്
തലക്കെട്ടിന്,തലക്കെട്ട്
തലക്കെട്ടിന്റെ,തലക്കെട്ട്
തലക്കെട്ടിൽ,തലക്കെട്ട്
തലക്കെട്ടുകൾ,തലക്കെട്ട്
തലക്കെട്ടും,തലക്കെട്ട്
തലക്കെട്ടായ,തലക്കെട്ട്
തലങ്ങും,തലങ്ങ്
തലച്ചിറ,തലച്ചിറ
തലച്ചെന്നവരുടെ,തലച്ചെന്നവർ
തലച്ചോറിന്റെ,തലച്ചോറ്
തലച്ചോറിന്റെ,തലച്ചോറ്
തലപ്പണം,തലപ്പണം
തലപ്പള്ളി,തലപ്പള്ളി
തലപ്പാവ്,തലപ്പാവ്
തലപ്പാവിനെ,തലപ്പാവ്
തലപ്പാവിന്റെ,തലപ്പാവ്
തലപ്പാവിൽ,തലപ്പാവ്
തലപ്പാവുകൾ,തലപ്പാവ്
തലപ്പാവും,തലപ്പാവ്
തലപ്പ്,തലപ്പ്
തലപ്പാൽ,തലപ്പ്
തലപ്പിൽ,തലപ്പ്
തലപ്പുകൾ,തലപ്പ്
തലമുണ്ട്,തലമുണ്ട്
തലമുറ,തലമുറ
തലയണ,തലയണ
തലയൻ,തലയൻ
തലയന്മാർ,തലയൻ
തലയാട്ടി,തലയാട്ടി
തലയിണ,തലയിണ
തലയിൽക്കെട്ട്,തലയിൽക്കെട്ട്
തലയിൽക്കെട്ടിൽ,തലയിൽക്കെട്ട്
തലയെടുപ്പ്,തലയെടുപ്പ്
തലയെടുപ്പിന്റെ,തലയെടുപ്പ്
തലയെടുപ്പിൽ,തലയെടുപ്പ്
തലയെടുപ്പും,തലയെടുപ്പ്
തലയെടുപ്പായ,തലയെടുപ്പ്
തലയ്ക്കൽ,തലയ്ക്കൽ
തലയ്ക്കല്,തലയ്ക്കൽ
തലവൻ,തലവൻ
തലവനെ,തലവൻ
തലവനോട്,തലവൻ
തലവന്,തലവൻ
തലവനാൽ,തലവൻ
തലവന്റെ,തലവൻ
തലവന്മാർ,തലവൻ
തലവനും,തലവൻ
തലവൻ,തലവൻ
തലവനെ,തലവൻ
തലവനോട്,തലവൻ
തലവന്,തലവൻ
തലവനാൽ,തലവൻ
തലവന്റെ,തലവൻ
തലവന്മാർ,തലവൻ
തലവനും,തലവൻ
തലവരി,തലവരി
തലവാചകം,തലവാചകം
തലവാചകവും,തലവാചകം
തലവിധി,തലവിധി
തലസ്ഥാനം,തലസ്ഥാനം
തലസ്ഥാനങ്ങൾ,തലസ്ഥാനം
തലസ്ഥാനവും,തലസ്ഥാനം
തലസ്ഥാനത്ത്,തലസ്ഥാനം
തലാതലം,തലാതലം
തലിത,തലിത
തലിത,തലിത
തലേ,തലേ
തല്ലി,തല്ലി
തല്ലുക,തല്ലുക
തല്ലുന്നു,തല്ലുക
തല്ലുന്ന,തല്ലുക
തല്ലുക,തല്ലുക
തല്ലുന്നു,തല്ലുക
തല്ലുന്ന,തല്ലുക
തല്ല്,തല്ല്
തല്ലിന്റെ,തല്ല്
തല്ലിന്റെ,തല്ല്
തല്ലുകൾ,തല്ല്
തല്ലുകൾ,തല്ല്
തല്ലും,തല്ല്
തല്ലും,തല്ല്
തല്ലാം,തല്ല്
തല്ലുക,തല്ല്
തൽ,തൽ
തല്,തൽ
തൽപം,തൽപം
തള,തള
തളം,തളം
തളവും,തളം
തളം,തളം
തളവും,തളം
തളപ്പ്,തളപ്പ്
തളയ്ക്കുക,തളയ്ക്കുക
തളയ്ക്കുന്ന,തളയ്ക്കുക
തളർന്നു,തളരുക
തളര്ന്നു,തളരുക
തളരുന്നു,തളരുക
തളരുന്ന,തളരുക
തളർന്നു,തളരുക
തളര്ന്നു,തളരുക
തളരുന്നു,തളരുക
തളരുന്ന,തളരുക
തളർവാതം,തളർവാതം
തളി,തളി
തളീ,തളി
തളി,തളി
തളീ,തളി
തളിക,തളിക
തളിക്കുക,തളിക്കുക
തളിച്ചു,തളിക്കുക
തളിക്കുന്നു,തളിക്കുക
തളിക്കുന്ന,തളിക്കുക
തളിക്കുക,തളിക്കുക
തളിച്ചു,തളിക്കുക
തളിക്കുന്നു,തളിക്കുക
തളിക്കുന്ന,തളിക്കുക
തളിർ,തളിർ
തളിരുകൾ,തളിർ
തളിരും,തളിർ
തളിർ,തളിർ
തളിരുകൾ,തളിർ
തളിരും,തളിർ
തളിർക്കുന്നു,തളിർക്കുക
തളിർക്കുന്ന,തളിർക്കുക
തളിർപ്പ്,തളിർപ്പ്
തള്ള,തള്ള
തള്ളൽ,തള്ളൽ
തള്ളല്,തള്ളൽ
തള്ളവിരൽ,തള്ളവിരൽ
തള്ളവിരല്,തള്ളവിരൽ
തള്ളി,തള്ളി
തള്ളീ,തള്ളി
തള്ളുക,തള്ളുക
തള്ളുന്നു,തള്ളുക
തള്ളുന്ന,തള്ളുക
തള്ളുക,തള്ളുക
തള്ളുന്നു,തള്ളുക
തള്ളുന്ന,തള്ളുക
തള്ള്,തള്ള്
തള്ളിന്,തള്ള്
തള്ളിൻ,തള്ള്
തള്ളും,തള്ള്
തള്ളാം,തള്ള്
തള്ളുക,തള്ള്
തഴ,തഴ
തഴപ്പായ,തഴപ്പ്
തഴമ്പ്,തഴമ്പ്
തഴമ്പുകൾ,തഴമ്പ്
തഴമ്പും,തഴമ്പ്
തഴഞ്ഞു,തഴയുക
തഴയുന്ന,തഴയുക
തഴഞ്ഞു,തഴയുക
തഴയുന്ന,തഴയുക
തഴുകുന്നു,തഴുകുക
തഴുകുന്ന,തഴുകുക
തഴുകുന്നു,തഴുകുക
തഴുകുന്ന,തഴുകുക
തവ,തവ
തവർഗങ്ങൾ,തവർഗം
തവറി,തവറുക
തവറി,തവറുക
തവള,തവള
തവളക്കണ്ണൻ,തവളക്കണ്ണൻ
തവളക്കണ്ണന്,തവളക്കണ്ണൻ
തവളക്കണ്ണനും,തവളക്കണ്ണൻ
തവളച്ചാട്ടം,തവളച്ചാട്ടം
തവാരണ,തവാരണ
തവി,തവി
തവിട്,തവിട്
തവിടിന്റെ,തവിട്
തവിടിൽ,തവിട്
തവിടും,തവിട്
തവിട്ട്,തവിട്
തവിട്ട്,തവിട്ട്
തവിട്ടാൽ,തവിട്ട്
തവിട്ടിൽ,തവിട്ട്
തവിട്ടും,തവിട്ട്
തസ്,തസ്
തസ്കര,തസ്കര
തസ്കരൻ,തസ്കരൻ
തസ്കരാ,തസ്കരൻ
താ,താ
താ,താ
താംബൂലം,താംബൂലം
താച്ചു,താക്കുക
താക്കുന്നു,താക്കുക
താന്നു,താക്കുക
താച്ചു,താക്കുക
താക്കുന്നു,താക്കുക
താന്നു,താക്കുക
താക്കോൽ,താക്കോൽ
താങ്ങളുടെ,താങ്ങൾ
താങ്ങി,താങ്ങി
താങ്ങുന്നു,താങ്ങുക
താങ്ങുന്ന,താങ്ങുക
താങ്ങുന്നു,താങ്ങുക
താങ്ങുന്ന,താങ്ങുക
താങ്ങ്,താങ്ങ്
താങ്ങിന്റെ,താങ്ങ്
താങ്ങുകൾ,താങ്ങ്
താങ്ങും,താങ്ങ്
താങ്ങായ,താങ്ങ്
താട,താട
താടക,താടക
താടി,താടി
താടിക്കാരൻ,താടിക്കാരൻ
താടിക്കാരന്,താടിക്കാരൻ
താടിക്കാരന്റെ,താടിക്കാരൻ
താടിക്കാരനും,താടിക്കാരൻ
താടിയെല്ല്,താടിയെല്ല്
താടിയെല്ലിനെ,താടിയെല്ല്
താടിയെല്ലിനെ,താടിയെല്ല്
താടിയെല്ലിന്,താടിയെല്ല്
താടിയെല്ലിന്,താടിയെല്ല്
താടിയെല്ലിന്റെ,താടിയെല്ല്
താടിയെല്ലിന്റെ,താടിയെല്ല്
താടിയെല്ലുകൾ,താടിയെല്ല്
താടിയെല്ലുകൾ,താടിയെല്ല്
താടിയെല്ലും,താടിയെല്ല്
താടിയെല്ലും,താടിയെല്ല്
താഡനം,താഡനം
താണു,താണു
താണ്ടുക,താണ്ടുക
താണ്ടുന്നു,താണ്ടുക
താണ്ടുന്ന,താണ്ടുക
താണ്ഡവ,താണ്ഡവ
താണ്ഡവം,താണ്ഡവം
താണ്ഡവവും,താണ്ഡവം
താതൻ,താതൻ
താതന്,താതൻ
താതനും,താതൻ
താതാ,താതൻ
താത്,താത്
താത്കാലിക,താത്കാലിക
താത്താ,താത്താ
താത്പര്യ,താത്പര്യ
താത്പര്യം,താത്പര്യം
താത്പര്യങ്ങൾ,താത്പര്യം
താത്പര്യവും,താത്പര്യം
താദാത്മ്യം,താദാത്മ്യം
താന,താന
താനം,താനം
താനങ്ങൾ,താനം
താനവും,താനം
താനത്ത്,താനം
താനം,താനം
താനങ്ങൾ,താനം
താനവും,താനം
താനത്ത്,താനം
താനി,താനി
താനീ,താനി
താനേ,താനേ
താന്ത,താന്ത
താന്ത,താന്ത
താന്ത്രിക,താന്ത്രിക
താന്ത്രികൻ,താന്ത്രികൻ
താന്ത്രികനെ,താന്ത്രികൻ
താന്നി,താന്നി
താൻ,താൻ
താനെ,താൻ
താന്,താൻ
താനുകൾ,താൻ
താനും,താൻ
താനേ,താൻ
താൻ,താൻ
താനെ,താൻ
താന്,താൻ
താനുകൾ,താൻ
താനും,താൻ
താനേ,താൻ
താപ,താപ
താപം,താപം
താപവും,താപം
താപന,താപന
താപന,താപന
താപനം,താപനം
താപനവും,താപനം
താപമാനം,താപമാനം
താപസ,താപസ
താപസൻ,താപസൻ
താപസന്,താപസൻ
താപസന്റെ,താപസൻ
താപസന്മാർ,താപസൻ
താപസനും,താപസൻ
താപി,താപി
താപ്പാന,താപ്പാന
താപ്പ്,താപ്പ്
താപ്പ്,താപ്പ്
താമത്ത്,താമം
താമര,താമര
താമര,താമര
താമരത്ത്,താമരം
താമസ,താമസ
താമസം,താമസം
താമസവും,താമസം
താമസിക,താമസിക
താമസിക്കുക,താമസിക്കുക
താമസിച്ചു,താമസിക്കുക
താമസിക്കുന്നു,താമസിക്കുക
താമസിക്കുന്ന,താമസിക്കുക
താമ്ര,താമ്ര
താമ്ര,താമ്ര
താമ്രപത്രം,താമ്രപത്രം
താമ്രപത്രങ്ങൾ,താമ്രപത്രം
താമ്രപത്രവും,താമ്രപത്രം
താമ്രപർണി,താമ്രപർണി
താമ്രവർണി,താമ്രവർണി
താമ്രശാസനങ്ങൾ,താമ്രശാസനം
താമ്രശാസനവും,താമ്രശാസനം
തായത്ത്,തായം
തായത്ത്,തായം
തായമ്പക,തായമ്പക
തായാട്ട്,തായാട്ട്
തായാട്ടിൽ,തായാട്ട്
തായി,തായി
തായ്,തായ്
തായും,തായ്
തായ്,തായ്
തായും,തായ്
തായ്ത്തടി,തായ്ത്തടി
തായ്വഴി,തായ്വഴി
തായ്വേരുകൾ,തായ്വേര്
തായ്വേരും,തായ്വേര്
താര,താര
താര,താര
താരം,താരം
താരങ്ങൾ,താരം
താരവും,താരം
താരക,താരക
താരക,താരക
താരകം,താരകം
താരകാ,താരകൻ
താരതമ്യം,താരതമ്യം
താരതമ്യങ്ങൾ,താരതമ്യം
താരതമ്യവും,താരതമ്യം
താരത്തിനെ,താരത്ത്
താരത്തിനോട്,താരത്ത്
താരത്തിന്,താരത്ത്
താരത്തിന്റെ,താരത്ത്
താരത്തിൽ,താരത്ത്
താരൻ,താരൻ
താരനെ,താരൻ
താരനോട്,താരൻ
താരന്,താരൻ
താരന്റെ,താരൻ
താരനും,താരൻ
താരാ,താരൻ
താരസ്ഥായി,താരസ്ഥായി
താരാ,താരാ
താരാഗണം,താരാഗണം
താരാഗണവും,താരാഗണം
താരാട്ട്,താരാട്ട്
താരാട്ടിന്റെ,താരാട്ട്
താരാട്ടിൽ,താരാട്ട്
താരാട്ടുകൾ,താരാട്ട്
താരാട്ടും,താരാട്ട്
താരാപഥം,താരാപഥം
താരാപഥങ്ങൾ,താരാപഥം
താരാപഥവും,താരാപഥം
താരിണി,താരിണി
താരുണ്യം,താരുണ്യം
താര്,താര്
താരിൻ,താര്
താരും,താര്
താര്,താര്
താരിൻ,താര്
താരും,താര്
താർ,താർ
താരെ,താർ
താരും,താർ
താരേ,താർ
താർ,താർ
താരെ,താർ
താരും,താർ
താരേ,താർ
താറാവ്,താറാവ്
താറാവിനെ,താറാവ്
താറാവിന്,താറാവ്
താറാവിൻ,താറാവ്
താറാവിന്റെ,താറാവ്
താറാവുകൾ,താറാവ്
താറാവും,താറാവ്
താറുമാറായ,താറുമാറ്
താറിന്റെ,താറ്
താറിന്റെ,താറ്
താല,താല
താലം,താലം
താലങ്ങൾ,താലം
താലവും,താലം
താലത്ത്,താലം
താലപ്പൊലി,താലപ്പൊലി
താലവ്യ,താലവ്യ
താലവ്യം,താലവ്യം
താലി,താലി
താലി,താലി
താലൂ,താലു
താലൂ,താലു
താൽ,താൽ
താല്,താൽ
താള,താള
താളം,താളം
താളങ്ങൾ,താളം
താളവും,താളം
താളക്കൂട്ടം,താളക്കൂട്ടം
താളക്രമം,താളക്രമം
താളക്രമങ്ങൾ,താളക്രമം
താളക്രമവും,താളക്രമം
താളപ്പിഴ,താളപ്പിഴ
താളമേളങ്ങൾ,താളമേളം
താളമേളവും,താളമേളം
താളവട്ടം,താളവട്ടം
താളവട്ടങ്ങൾ,താളവട്ടം
താളി,താളി
താളി,താളി
താളിച്ചു,താളിക്കുക
താള്,താള്
താളിനെ,താള്
താളിന്,താള്
താളിന്റെ,താള്
താളിൽ,താള്
താളുകൾ,താള്
താളും,താള്
താൾ,താൾ
താളിന്റെ,താൾ
താളിൽ,താൾ
താളുകൾ,താൾ
താളും,താൾ
താഴം,താഴം
താഴത്ത്,താഴം
താഴികക്കുടം,താഴികക്കുടം
താഴികക്കുടങ്ങൾ,താഴികക്കുടം
താഴികക്കുടവും,താഴികക്കുടം
താഴുക,താഴുക
താഴ്ന്നു,താഴുക
താഴുന്നു,താഴുക
താഴുന്ന,താഴുക
താഴുക,താഴുക
താഴ്ന്നു,താഴുക
താഴുന്നു,താഴുക
താഴുന്ന,താഴുക
താഴെ,താഴെ
താഴ്,താഴ്
താഴോട്ട്,താഴ്
താഴുകൾ,താഴ്
താഴും,താഴ്
താഴുക,താഴ്
താഴേക്ക്,താഴ്
താഴ്,താഴ്
താഴോട്ട്,താഴ്
താഴുകൾ,താഴ്
താഴും,താഴ്
താഴുക,താഴ്
താഴേക്ക്,താഴ്
താഴ്ച,താഴ്ച
താഴ്ത്തുക,താഴ്ത്തുക
താഴ്ത്തി,താഴ്ത്തുക
താഴ്ത്തുന്നു,താഴ്ത്തുക
താഴ്ത്തുന്ന,താഴ്ത്തുക
താഴ്വര,താഴ്വര
താഴ്വാരം,താഴ്വാരം
താഴ്വാരങ്ങൾ,താഴ്വാരം
താഴ്വാരവും,താഴ്വാരം
താഴ്വാരത്ത്,താഴ്വാരം
താവടി,താവടി
താവളം,താവളം
താവളങ്ങൾ,താവളം
താവളവും,താവളം
താവഴി,താവഴി
താവ്,താവ്
താവിന്റെ,താവ്
താവ്,താവ്
താവിന്റെ,താവ്
തി,തി
തീ,തി
തിക,തിക
തിക,തിക
തികച്ചു,തികക്കുക
തികയുക,തികയുക
തികഞ്ഞു,തികയുക
തികയുന്നു,തികയുക
തികയുന്ന,തികയുക
തികയുക,തികയുക
തികഞ്ഞു,തികയുക
തികയുന്നു,തികയുക
തികയുന്ന,തികയുക
തികയ്ക്കുക,തികയ്ക്കുക
തികയ്ക്കുന്നു,തികയ്ക്കുക
തികയ്ക്കുന്ന,തികയ്ക്കുക
തിക്കനെ,തിക്കനെ
തിക്കുന്നു,തിക്കുക
തിക്കുന്ന,തിക്കുക
തിക്കി,തിക്കുക
തിന്നു,തിക്കുക
തിക്കുന്നു,തിക്കുക
തിക്കുന്ന,തിക്കുക
തിക്കി,തിക്കുക
തിന്നു,തിക്കുക
തിക്തം,തിക്തം
തിഗ്മ,തിഗ്മ
തിഗ്മം,തിഗ്മം
തിങ്,തിങ്
തിങ്കൾ,തിങ്കൾ
തിങ്കളിന്റെ,തിങ്കൾ
തിങ്കളും,തിങ്കൾ
തിങ്ങുന്ന,തിങ്ങുക
തിങ്ങുന്ന,തിങ്ങുക
തിടപ്പള്ളി,തിടപ്പള്ളി
തിടമ്പ്,തിടമ്പ്
തിടമ്പിനെ,തിടമ്പ്
തിടമ്പിന്റെ,തിടമ്പ്
തിടമ്പുകൾ,തിടമ്പ്
തിടമ്പും,തിടമ്പ്
തിടില്,തിടിൽ
തിടുക്കം,തിടുക്കം
തിടുക്കവും,തിടുക്കം
തിട്ട,തിട്ട
തിണ,തിണ
തിണ്ണ,തിണ്ണ
തിണ്ണ,തിണ്ണ
തിതിക്ഷ,തിതിക്ഷ
തിത്തി,തിത്തി
തിത്തിരി,തിത്തിരി
തിഥി,തിഥി
തിഥി,തിഥി
തിന,തിന
തിന്നുക,തിന്നുക
തിന്നുന്നു,തിന്നുക
തിന്നുന്ന,തിന്നുക
തിന്നുക,തിന്നുക
തിന്നുന്നു,തിന്നുക
തിന്നുന്ന,തിന്നുക
തിപ്പലി,തിപ്പലി
തിമി,തിമി
തിമിംഗലം,തിമിംഗലം
തിമിംഗലങ്ങൾ,തിമിംഗലം
തിമിംഗലവും,തിമിംഗലം
തിമിര,തിമിര
തിമിര,തിമിര
തിമിരം,തിമിരം
തിമിരവും,തിമിരം
തിമിർ,തിമിർ
തിമില,തിമില
തിയ്യതി,തിയ്യതി
തിയ്യൻ,തിയ്യൻ
തിയ്യാടി,തിയ്യാടി
തിര,തിര
തിര,തിര
തിരക്കഥ,തിരക്കഥ
തിരഞ്ഞെടുക്കുക,തിരഞ്ഞെടുക്കുക
തിരഞ്ഞെടുക്കുന്നു,തിരഞ്ഞെടുക്കുക
തിരഞ്ഞെടുക്കുന്ന,തിരഞ്ഞെടുക്കുക
തിരണ,തിരണ
തിരണ്ടുകല്യാണം,തിരണ്ടുകല്യാണം
തിരണ്ടുകുളി,തിരണ്ടുകുളി
തിരനോട്ടം,തിരനോട്ടം
തിരമാല,തിരമാല
തിരയുക,തിരയുക
തിരഞ്ഞു,തിരയുക
തിരയുന്നു,തിരയുക
തിരയുന്ന,തിരയുക
തിരയുക,തിരയുക
തിരഞ്ഞു,തിരയുക
തിരയുന്നു,തിരയുക
തിരയുന്ന,തിരയുക
തിരശ്ചീന,തിരശ്ചീന
തിരശ്ശീല,തിരശ്ശീല
തിരസ്കരണം,തിരസ്കരണം
തിരസ്കരണവും,തിരസ്കരണം
തിരസ്കരിക്കുക,തിരസ്കരിക്കുക
തിരസ്കരിച്ചു,തിരസ്കരിക്കുക
തിരസ്കരിക്കുന്നു,തിരസ്കരിക്കുക
തിരസ്കരിക്കുന്ന,തിരസ്കരിക്കുക
തിരസ്കാരം,തിരസ്കാരം
തിരസ്കാരവും,തിരസ്കാരം
തിരസ്കൃത,തിരസ്കൃത
തിരി,തിരി
തിരി,തിരി
തിരിക,തിരിക
തിരികല്ല്,തിരികല്ല്
തിരികല്ലും,തിരികല്ല്
തിരികല്ലും,തിരികല്ല്
തിരികെ,തിരികെ
തിരിക്കുക,തിരിക്കുക
തിരിച്ചു,തിരിക്കുക
തിരിക്കുന്നു,തിരിക്കുക
തിരിക്കുന്ന,തിരിക്കുക
തിരിക്കുക,തിരിക്കുക
തിരിച്ചു,തിരിക്കുക
തിരിക്കുന്നു,തിരിക്കുക
തിരിക്കുന്ന,തിരിക്കുക
തിരിച്ചടിക്കുക,തിരിച്ചടിക്കുക
തിരിച്ചടിച്ചു,തിരിച്ചടിക്കുക
തിരിച്ചടിക്കുന്നു,തിരിച്ചടിക്കുക
തിരിച്ചടിക്കുന്ന,തിരിച്ചടിക്കുക
തിരിച്ചറിയുക,തിരിച്ചറിയുക
തിരിച്ചറിഞ്ഞു,തിരിച്ചറിയുക
തിരിച്ചറിയുന്നു,തിരിച്ചറിയുക
തിരിച്ചറിയുന്ന,തിരിച്ചറിയുക
തിരിച്ചറിവ്,തിരിച്ചറിവ്
തിരിച്ചറിവിനെ,തിരിച്ചറിവ്
തിരിച്ചറിവിന്,തിരിച്ചറിവ്
തിരിച്ചറിവിന്റെ,തിരിച്ചറിവ്
തിരിച്ചറിവിൽ,തിരിച്ചറിവ്
തിരിച്ചറിവുകൾ,തിരിച്ചറിവ്
തിരിച്ചറിവും,തിരിച്ചറിവ്
തിരിമറി,തിരിമറി
തിരിയുക,തിരിയുക
തിരിഞ്ഞു,തിരിയുക
തിരിയുന്നു,തിരിയുക
തിരിയുന്ന,തിരിയുക
തിരിയുക,തിരിയുക
തിരിഞ്ഞു,തിരിയുക
തിരിയുന്നു,തിരിയുക
തിരിയുന്ന,തിരിയുക
തിരിയെ,തിരിയെ
തിരിവ്,തിരിവ്
തിരിവുകൾ,തിരിവ്
തിരിവും,തിരിവ്
തിരു,തിരു
തിരു,തിരു
തിരുകുറ്റി,തിരുകുറ്റി
തിരുന്നു,തിരുക്കുക
തിരുക്കുറൾ,തിരുക്കുറൾ
തിരുക്കുറളിന്റെ,തിരുക്കുറൾ
തിരുക്കുറളും,തിരുക്കുറൾ
തിരുടൻ,തിരുടൻ
തിരുടാ,തിരുടൻ
തിരുതാളി,തിരുതാളി
തിരുതാളീ,തിരുതാളി
തിരുത്തുക,തിരുത്തുക
തിരുത്തി,തിരുത്തുക
തിരുത്തുന്നു,തിരുത്തുക
തിരുത്തുന്ന,തിരുത്തുക
തിരുത്തുക,തിരുത്തുക
തിരുത്തി,തിരുത്തുക
തിരുത്തുന്നു,തിരുത്തുക
തിരുത്തുന്ന,തിരുത്തുക
തിരുത്ത്,തിരുത്ത്
തിരുത്തിനെ,തിരുത്ത്
തിരുത്തിന്,തിരുത്ത്
തിരുത്തിന്റെ,തിരുത്ത്
തിരുത്തുകൾ,തിരുത്ത്
തിരുത്തും,തിരുത്ത്
തിരുത്താം,തിരുത്ത്
തിരുത്തുക,തിരുത്ത്
തിരുനാമം,തിരുനാമം
തിരുനാൾ,തിരുനാൾ
തിരുനാളോട്,തിരുനാൾ
തിരുനാളിന്റെ,തിരുനാൾ
തിരുനാളിൽ,തിരുനാൾ
തിരുനാളുകൾ,തിരുനാൾ
തിരുനാളും,തിരുനാൾ
തിരുനാൾ,തിരുനാൾ
തിരുനാളോട്,തിരുനാൾ
തിരുനാളിന്റെ,തിരുനാൾ
തിരുനാളിൽ,തിരുനാൾ
തിരുനാളുകൾ,തിരുനാൾ
തിരുനാളും,തിരുനാൾ
തിരുനീരും,തിരുനീർ
തിരുനെറ്റി,തിരുനെറ്റി
തിരുപ്പട്ടം,തിരുപ്പട്ടം
തിരുപ്പതി,തിരുപ്പതി
തിരുപ്പിറവി,തിരുപ്പിറവി
തിരുമകൾ,തിരുമകൾ
തിരുമധുരം,തിരുമധുരം
തിരുമനസ്സിന്റെ,തിരുമനസ്സ്
തിരുമനസ്സിൽ,തിരുമനസ്സ്
തിരുമുഖം,തിരുമുഖം
തിരുമുഖവും,തിരുമുഖം
തിരുമുടി,തിരുമുടി
തിരുമുമ്പ്,തിരുമുമ്പ്
തിരുമുമ്പിനെ,തിരുമുമ്പ്
തിരുമുമ്പിന്റെ,തിരുമുമ്പ്
തിരുമുമ്പിൽ,തിരുമുമ്പ്
തിരുമുറിവ്,തിരുമുറിവ്
തിരുമുൽക്കാഴ്ച,തിരുമുൽക്കാഴ്ച
തിരുമുൽപ്പാട്,തിരുമുൽപ്പാട്
തിരുമുൽപ്പാടിനോട്,തിരുമുൽപ്പാട്
തിരുമുൽപ്പാടിന്റെ,തിരുമുൽപ്പാട്
തിരുമുൽപ്പാടും,തിരുമുൽപ്പാട്
തിരുമുൽപ്പാടായ,തിരുമുൽപ്പാട്
തിരുമേനി,തിരുമേനി
തിരുമേനീ,തിരുമേനി
തിരുമ്മുക,തിരുമ്മുക
തിരുമ്മുന്ന,തിരുമ്മുക
തിരുമ്മുക,തിരുമ്മുക
തിരുമ്മുന്ന,തിരുമ്മുക
തിരുവഞ്ചിക്കുളം,തിരുവഞ്ചിക്കുളം
തിരുവഞ്ചിക്കുളത്ത്,തിരുവഞ്ചിക്കുളം
തിരുവടി,തിരുവടി
തിരുവനന്തപുരം,തിരുവനന്തപുരം
തിരുവനന്തപുരവും,തിരുവനന്തപുരം
തിരുവനന്തപുരത്തു്,തിരുവനന്തപുരം
തിരുവനന്തപുരത്ത്,തിരുവനന്തപുരം
തിരുവള്ളുവർ,തിരുവള്ളുവർ
തിരുവള്ളുവരുടെ,തിരുവള്ളുവർ
തിരുവള്ളുവരും,തിരുവള്ളുവർ
തിരുവാതിര,തിരുവാതിര
തിരുവാതിരക്കളി,തിരുവാതിരക്കളി
തിരുവാഭരണം,തിരുവാഭരണം
തിരുവാഭരണങ്ങൾ,തിരുവാഭരണം
തിരുവാഭരണവും,തിരുവാഭരണം
തിരുവായിൽ,തിരുവായ്
തിരുവിതാംകൂർ,തിരുവിതാംകൂർ
തിരുവിതാംകൂരിൽ,തിരുവിതാംകൂർ
തിരുവിഴാ,തിരുവിഴാ
തിരുവുടയാട,തിരുവുടയാട
തിരുവെഴുത്ത്,തിരുവെഴുത്ത്
തിരുവെഴുത്തുകൾ,തിരുവെഴുത്ത്
തിരുവോണം,തിരുവോണം
തിരുശേഷിപ്പ്,തിരുശേഷിപ്പ്
തിരുശേഷിപ്പുകൾ,തിരുശേഷിപ്പ്
തിരുശേഷിപ്പായ,തിരുശേഷിപ്പ്
തിരുസഭ,തിരുസഭ
തിരുസ്വരൂപം,തിരുസ്വരൂപം
തിരുസ്വരൂപങ്ങൾ,തിരുസ്വരൂപം
തിരുഹൃദയം,തിരുഹൃദയം
തിരോധാനം,തിരോധാനം
തിര്യക്കിന്റെ,തിര്യക്ക്
തിറ,തിറ
തിറയാട്ടം,തിറയാട്ടം
തിറയാട്ടങ്ങൾ,തിറയാട്ടം
തിറയാട്ടവും,തിറയാട്ടം
തില,തില
തിലക,തിലക
തിലക,തിലക
തിലകം,തിലകം
തിലകവും,തിലകം
തിലകൻ,തിലകൻ
തിലകനെ,തിലകൻ
തിലകനോട്,തിലകൻ
തിലകന്,തിലകൻ
തിലകന്റെ,തിലകൻ
തിലകനും,തിലകൻ
തിലഹോമവും,തിലഹോമം
തില്ല,തില്ല
തില്ലാന,തില്ലാന
തിള,തിള
തിളച്ചു,തിളക്കുക
തിളക്കുന്ന,തിളക്കുക
തിളങ്ങുക,തിളങ്ങുക
തിളങ്ങുന്നു,തിളങ്ങുക
തിളങ്ങുന്ന,തിളങ്ങുക
തിളങ്ങുക,തിളങ്ങുക
തിളങ്ങുന്നു,തിളങ്ങുക
തിളങ്ങുന്ന,തിളങ്ങുക
തിളനില,തിളനില
തിളയ്ക്കുന്നു,തിളയ്ക്കുക
തിളയ്ക്കുന്ന,തിളയ്ക്കുക
തിളയ്ക്കുന്നു,തിളയ്ക്കുക
തിളയ്ക്കുന്ന,തിളയ്ക്കുക
തിഷ്ഠതി,തിഷ്ഠതി
തീ,തീ
തീ,തീ
തീക്കനൽ,തീക്കനൽ
തീക്കനല്,തീക്കനൽ
തീക്കളി,തീക്കളി
തീക്ഷ്ണ,തീക്ഷ്ണ
തീക്ഷ്ണ,തീക്ഷ്ണ
തീക്ഷ്ണവും,തീക്ഷ്ണം
തീക്ഷ്ണത,തീക്ഷ്ണത
തീച്ചട്ടി,തീച്ചട്ടി
തീച്ചൂള,തീച്ചൂള
തീട്ടവും,തീട്ടം
തീട്ടൂരം,തീട്ടൂരം
തീണ്ടാപ്പാട്,തീണ്ടാപ്പാട്
തീണ്ടുക,തീണ്ടുക
തീണ്ടുക,തീണ്ടുക
തീണ്ടും,തീണ്ട്
തീണ്ടുക,തീണ്ട്
തീനാളം,തീനാളം
തീനി,തീനി
തീനി,തീനി
തീൻ,തീൻ
തീന്,തീൻ
തീനും,തീൻ
തീൻമേശ,തീൻമേശ
തീപിടിത്തം,തീപിടിത്തം
തീപിടിത്തങ്ങൾ,തീപിടിത്തം
തീപിടിത്തവും,തീപിടിത്തം
തീപ്പാതി,തീപ്പാതി
തീപ്പെട്ടി,തീപ്പെട്ടി
തീപ്പൊരി,തീപ്പൊരി
തീമ,തീമ
തീമഴ,തീമഴ
തീയ,തീയ
തീയതി,തീയതി
തീയൻ,തീയൻ
തീയനെ,തീയൻ
തീയന്റെ,തീയൻ
തീയന്മാർ,തീയൻ
തീയൽ,തീയൽ
തീയല്,തീയൽ
തീയാട്ടുണ്ണി,തീയാട്ടുണ്ണി
തീയാട്ട്,തീയാട്ട്
തീയാട്ടിനെ,തീയാട്ട്
തീയാട്ടിന്,തീയാട്ട്
തീയാട്ടിന്റെ,തീയാട്ട്
തീയാട്ടിൽ,തീയാട്ട്
തീയാട്ടും,തീയാട്ട്
തീയ്,തീയ്
തീയിനെ,തീയ്
തീയിന്റെ,തീയ്
തീയിൽ,തീയ്
തീയും,തീയ്
തീയ്,തീയ്
തീയിനെ,തീയ്
തീയിന്റെ,തീയ്
തീയിൽ,തീയ്
തീയും,തീയ്
തീരം,തീരം
തീരങ്ങൾ,തീരം
തീരവും,തീരം
തീരത്തു്,തീരം
തീരത്ത്,തീരം
തീരം,തീരം
തീരങ്ങൾ,തീരം
തീരവും,തീരം
തീരത്തു്,തീരം
തീരത്ത്,തീരം
തീരുക,തീരുക
തീർന്നു,തീരുക
തീര്ന്നു,തീരുക
തീരുന്നു,തീരുക
തീരുന്ന,തീരുക
തീരുമാനം,തീരുമാനം
തീരുമാനങ്ങൾ,തീരുമാനം
തീരുമാനവും,തീരുമാനം
തീരുമാനിക്കുക,തീരുമാനിക്കുക
തീരുമാനിച്ചു,തീരുമാനിക്കുക
തീരുമാനിക്കുന്നു,തീരുമാനിക്കുക
തീരുമാനിക്കുന്ന,തീരുമാനിക്കുക
തീരുവ,തീരുവ
തീരെ,തീരെ
തീര്,തീര്
തീരും,തീര്
തീരുക,തീര്
തീർക്കുക,തീർക്കുക
തീർക്കുന്നു,തീർക്കുക
തീർക്കുന്ന,തീർക്കുക
തീർന്നു,തീർക്കുക
തീർച്ച,തീർച്ച
തീർഥ,തീർഥ
തീർഥം,തീർഥം
തീർഥവും,തീർഥം
തീർഥങ്കരൻ,തീർഥങ്കരൻ
തീർഥങ്കരന്റെ,തീർഥങ്കരൻ
തീർഥങ്കരന്മാർ,തീർഥങ്കരൻ
തീർഥയാത്ര,തീർഥയാത്ര
തീർഥാടനം,തീർഥാടനം
തീർഥാടനവും,തീർഥാടനം
തീറിനെ,തീറ്
തീറിനെ,തീറ്
തീറിന്റെ,തീറ്
തീറിന്റെ,തീറ്
തീറിൽ,തീറ്
തീറിൽ,തീറ്
തീറ്റ,തീറ്റ
തീറ്റി,തീറ്റി
തീവട്ടി,തീവട്ടി
തീവണ്ടി,തീവണ്ടി
തീവണ്ടീ,തീവണ്ടി
തീവില,തീവില
തീവിഴുങ്ങിപ്പക്ഷി,തീവിഴുങ്ങിപ്പക്ഷി
തീവെട്ടി,തീവെട്ടി
തീവ്ര,തീവ്ര
തീവ്രം,തീവ്രം
തീവ്രവും,തീവ്രം
തീവ്രത,തീവ്രത
തീവ്രവാദി,തീവ്രവാദി
തു,തു
തൂ,തു
തു,തു
തൂ,തു
തുംഗ,തുംഗ
തുംഗാ,തുംഗൻ
തുംഗഭദ്ര,തുംഗഭദ്ര
തുംഗാ,തുംഗാ
തുക,തുക
തുകലന്,തുകലൻ
തുകൽ,തുകൽ
തുകല്,തുകൽ
തുച്ഛ,തുച്ഛ
തുച്ഛ,തുച്ഛ
തുച്ഛം,തുച്ഛം
തുച്ഛവും,തുച്ഛം
തുഞ്ചത്ത്,തുഞ്ചം
തുഞ്ചത്തെഴുത്തച്ഛൻ,തുഞ്ചത്തെഴുത്തച്ഛൻ
തുഞ്ചത്തെഴുത്തച്ഛനെ,തുഞ്ചത്തെഴുത്തച്ഛൻ
തുഞ്ചത്തെഴുത്തച്ഛന്,തുഞ്ചത്തെഴുത്തച്ഛൻ
തുഞ്ചത്തെഴുത്തച്ഛന്റെ,തുഞ്ചത്തെഴുത്തച്ഛൻ
തുഞ്ചത്തെഴുത്തച്ഛനും,തുഞ്ചത്തെഴുത്തച്ഛൻ
തുഞ്ചൻ,തുഞ്ചൻ
തുഞ്ചന്,തുഞ്ചൻ
തുഞ്ചന്റെ,തുഞ്ചൻ
തുഞ്ചനും,തുഞ്ചൻ
തുട,തുട
തുടം,തുടം
തുടക്ക്,തുടക്ക്
തുടക്കും,തുടക്ക്
തുടങ്ങി,തുടങ്ങി
തുടങ്ങീ,തുടങ്ങി
തുടങ്ങുക,തുടങ്ങുക
തുടങ്ങുന്നു,തുടങ്ങുക
തുടങ്ങുന്ന,തുടങ്ങുക
തുടങ്ങുക,തുടങ്ങുക
തുടങ്ങുന്നു,തുടങ്ങുക
തുടങ്ങുന്ന,തുടങ്ങുക
തുടയ്ക്കുക,തുടയ്ക്കുക
തുടയ്ക്കുന്നു,തുടയ്ക്കുക
തുടയ്ക്കുന്ന,തുടയ്ക്കുക
തുടയ്ക്കുക,തുടയ്ക്കുക
തുടയ്ക്കുന്നു,തുടയ്ക്കുക
തുടയ്ക്കുന്ന,തുടയ്ക്കുക
തുടരുക,തുടരുക
തുടർന്നു,തുടരുക
തുടര്ന്നു,തുടരുക
തുടരുന്നു,തുടരുക
തുടരുന്ന,തുടരുക
തുടരെ,തുടരെ
തുടരെത്തുടരെ,തുടരെത്തുടരെ
തുടർ,തുടർ
തുടരെ,തുടർ
തുടരും,തുടർ
തുടല്,തുടൽ
തുടി,തുടി
തുടി,തുടി
തുടിച്ചു,തുടിക്കുക
തുടിക്കുന്നു,തുടിക്കുക
തുടിക്കുന്ന,തുടിക്കുക
തുടിച്ചു,തുടിക്കുക
തുടിക്കുന്നു,തുടിക്കുക
തുടിക്കുന്ന,തുടിക്കുക
തുടുക്കുന്ന,തുടുക്കുക
തുടുക്കി,തുടുക്കുക
തുടുക്കുന്ന,തുടുക്കുക
തുടുക്കി,തുടുക്കുക
തുടുപ്പിനെ,തുടുപ്പ്
തുണ,തുണ
തുണ,തുണ
തുണി,തുണി
തുണി,തുണി
തുണ്ടം,തുണ്ടം
തുണ്ടത്ത്,തുണ്ടം
തുണ്ടന്,തുണ്ടൻ
തുണ്ട്,തുണ്ട്
തുണ്ടിൽ,തുണ്ട്
തുണ്ടുകൾ,തുണ്ട്
തുത്തി,തുത്തി
തുത്തി,തുത്തി
തുത്തിൽ,തുത്ത്
തുനി,തുനി
തുനിയുക,തുനിയുക
തുനിഞ്ഞു,തുനിയുക
തുനിയുന്നു,തുനിയുക
തുനിയുക,തുനിയുക
തുനിഞ്ഞു,തുനിയുക
തുനിയുന്നു,തുനിയുക
തുന്നം,തുന്നം
തുന്നൽക്കാരൻ,തുന്നൽക്കാരൻ
തുന്നാരൻ,തുന്നാരൻ
തുന്നുക,തുന്നുക
തുന്നുന്നു,തുന്നുക
തുന്നുന്ന,തുന്നുക
തുന്നുക,തുന്നുക
തുന്നുന്നു,തുന്നുക
തുന്നുന്ന,തുന്നുക
തുപ്പന്,തുപ്പൻ
തുപ്പൽ,തുപ്പൽ
തുപ്പല്,തുപ്പൽ
തുപ്പാക്കി,തുപ്പാക്കി
തുപ്പുക,തുപ്പുക
തുപ്പുന്ന,തുപ്പുക
തുപ്പും,തുപ്പ്
തുപ്പുക,തുപ്പ്
തുമി,തുമി
തുമ്പ,തുമ്പ
തുമ്പ,തുമ്പ
തുമ്പത്ത്,തുമ്പം
തുമ്പി,തുമ്പി
തുമ്പീ,തുമ്പി
തുമ്പി,തുമ്പി
തുമ്പീ,തുമ്പി
തുമ്പിക്കൈ,തുമ്പിക്കൈ
തുമ്പ്,തുമ്പ്
തുമ്പിൽ,തുമ്പ്
തുമ്പുകൾ,തുമ്പ്
തുമ്പും,തുമ്പ്
തുമ്പുക,തുമ്പ്
തുയ്യം,തുയ്യം
തുര,തുര
തുര,തുര
തുരക്കുന്ന,തുരക്കുക
തുരന്നു,തുരക്കുക
തുരക്കുന്ന,തുരക്കുക
തുരന്നു,തുരക്കുക
തുരഗം,തുരഗം
തുരത്തുക,തുരത്തുക
തുരത്തി,തുരത്തുക
തുരത്തുന്ന,തുരത്തുക
തുരത്തുക,തുരത്തുക
തുരത്തി,തുരത്തുക
തുരത്തുന്ന,തുരത്തുക
തുരിശ്,തുരിശ്
തുരിശിന്റെ,തുരിശ്
തുരിശും,തുരിശ്
തുരുതുരെ,തുരുതുരെ
തുരുത്ത്,തുരുത്ത്
തുരുത്തിനെ,തുരുത്ത്
തുരുത്തിന്,തുരുത്ത്
തുരുത്തിന്റെ,തുരുത്ത്
തുരുത്തിൽ,തുരുത്ത്
തുരുത്തുകൾ,തുരുത്ത്
തുരുത്തും,തുരുത്ത്
തുരുത്തായ,തുരുത്ത്
തുരുത്ത്,തുരുത്ത്
തുരുത്തിനെ,തുരുത്ത്
തുരുത്തിന്,തുരുത്ത്
തുരുത്തിന്റെ,തുരുത്ത്
തുരുത്തിൽ,തുരുത്ത്
തുരുത്തുകൾ,തുരുത്ത്
തുരുത്തും,തുരുത്ത്
തുരുത്തായ,തുരുത്ത്
തുരുമ്പൻ,തുരുമ്പൻ
തുരുമ്പ്,തുരുമ്പ്
തുരുമ്പിന്റെ,തുരുമ്പ്
തുരുമ്പിൽ,തുരുമ്പ്
തുരുമ്പ്,തുരുമ്പ്
തുരുമ്പിന്റെ,തുരുമ്പ്
തുരുമ്പിൽ,തുരുമ്പ്
തുർക്കി,തുർക്കി
തുറ,തുറ
തുറ,തുറ
തുറവും,തുറം
തുറക്കാറ്,തുറക്കാർ
തുറക്കുക,തുറക്കുക
തുറക്കുന്നു,തുറക്കുക
തുറക്കുന്ന,തുറക്കുക
തുറന്നു,തുറക്കുക
തുറപ്പ്,തുറപ്പ്
തുറമുഖം,തുറമുഖം
തുറമുഖങ്ങൾ,തുറമുഖം
തുറമുഖവും,തുറമുഖം
തുറമുഖത്ത്,തുറമുഖം
തുറവി,തുറവി
തുറവും,തുറവ്
തുറസ്സുകൾ,തുറസ്സ്
തുറസ്സും,തുറസ്സ്
തുറസ്സായ,തുറസ്സ്
തുറിച്ചു,തുറിക്കുക
തുറിച്ചു,തുറിക്കുക
തുറു,തുറു
തുറുന്നു,തുറുക
തുറുന്ന,തുറുക
തുറുങ്ക്,തുറുങ്ക്
തുറുങ്കിന്,തുറുങ്ക്
തുറുങ്കിൽ,തുറുങ്ക്
തുല,തുല
തുല,തുല
തുലാ,തുലാ
തുലാം,തുലാം
തുലാക്കൂറ്,തുലാക്കൂറ്
തുലാപുരുഷദാനം,തുലാപുരുഷദാനം
തുലാമാസം,തുലാമാസം
തുലാസ്,തുലാസ്
തുലിത,തുലിത
തുലാം,തുല്
തുല്യ,തുല്യ
തുള,തുള
തുളഞ്ഞു,തുളയുക
തുളയ്ക്കുക,തുളയ്ക്കുക
തുളയ്ക്കുന്നു,തുളയ്ക്കുക
തുളയ്ക്കുന്ന,തുളയ്ക്കുക
തുളസിത്തറ,തുളസിത്തറ
തുളി,തുളി
തുളു,തുളു
തുളുമ്പുന്നു,തുളുമ്പുക
തുളുമ്പുന്ന,തുളുമ്പുക
തുളുമ്പുന്നു,തുളുമ്പുക
തുളുമ്പുന്ന,തുളുമ്പുക
തുളുവാ,തുളുവൻ
തുള്ളൽ,തുള്ളൽ
തുള്ളല്,തുള്ളൽ
തുള്ളൽ,തുള്ളൽ
തുള്ളല്,തുള്ളൽ
തുള്ളൽപ്പാട്ടുകൾ,തുള്ളൽപ്പാട്ട്
തുള്ളി,തുള്ളി
തുള്ളുന്നു,തുള്ളുക
തുള്ളുന്ന,തുള്ളുക
തുഴ,തുഴ
തുഴഞ്ഞു,തുഴയുക
തുഴയുന്നു,തുഴയുക
തുഴയുന്ന,തുഴയുക
തുഴഞ്ഞു,തുഴയുക
തുഴയുന്നു,തുഴയുക
തുഴയുന്ന,തുഴയുക
തുവര,തുവര
തുവരപ്പരിപ്പ്,തുവരപ്പരിപ്പ്
തുഷാര,തുഷാര
തൂ,തൂ
തൂകുന്നു,തൂകുക
തൂകുന്ന,തൂകുക
തൂക്കം,തൂക്കം
തൂക്കങ്ങൾ,തൂക്കം
തൂക്കവും,തൂക്കം
തൂക്കി,തൂക്കി
തൂക്കുക,തൂക്കുക
തൂക്കുന്നു,തൂക്കുക
തൂക്കുന്ന,തൂക്കുക
തൂക്കി,തൂക്കുക
തൂക്കുക,തൂക്കുക
തൂക്കുന്നു,തൂക്കുക
തൂക്കുന്ന,തൂക്കുക
തൂക്കി,തൂക്കുക
തൂക്കുപാലം,തൂക്കുപാലം
തൂക്കുപാലങ്ങൾ,തൂക്കുപാലം
തൂക്കുപാലവും,തൂക്കുപാലം
തൂക്കുപാലത്ത്,തൂക്കുപാലം
തൂക്കുമരം,തൂക്കുമരം
തൂക്കുമരവും,തൂക്കുമരം
തൂക്കുവിളക്ക്,തൂക്കുവിളക്ക്
തൂക്കുവിളക്കുകൾ,തൂക്കുവിളക്ക്
തൂക്കുവിളക്കും,തൂക്കുവിളക്ക്
തൂക്ക്,തൂക്ക്
തൂക്കും,തൂക്ക്
തൂക്കാം,തൂക്ക്
തൂക്കുക,തൂക്ക്
തൂക്കായ,തൂക്ക്
തൂങ്ങുന്നു,തൂങ്ങുക
തൂങ്ങുന്ന,തൂങ്ങുക
തൂങ്ങുന്നു,തൂങ്ങുക
തൂങ്ങുന്ന,തൂങ്ങുക
തൂങ്ങും,തൂങ്ങ്
തൂണ്,തൂണ്
തൂണിന്റെ,തൂണ്
തൂണിൽ,തൂണ്
തൂണുകൾ,തൂണ്
തൂണും,തൂണ്
തൂണായ,തൂണ്
തൂൺ,തൂൺ
തൂണിന്റെ,തൂൺ
തൂണിൽ,തൂൺ
തൂണുകൾ,തൂൺ
തൂൺ,തൂൺ
തൂണിന്റെ,തൂൺ
തൂണിൽ,തൂൺ
തൂണുകൾ,തൂൺ
തൂത,തൂത
തൂപ്പ്,തൂപ്പ്
തൂപ്പും,തൂപ്പ്
തൂമ്പ,തൂമ്പ
തൂമ്പ്,തൂമ്പ്
തൂർന്നു,തൂരുക
തൂരിനെ,തൂര്
തൂർക്കുന്ന,തൂർക്കുക
തൂർന്നു,തൂർക്കുക
തൂർക്കുന്ന,തൂർക്കുക
തൂർന്നു,തൂർക്കുക
തൂലികാ,തൂലികാ
തൂളി,തൂളി
തൂൾ,തൂൾ
തൂളെ,തൂൾ
തൂവൽ,തൂവൽ
തൂവല്,തൂവൽ
തൂവാനം,തൂവാനം
തൂവുന്ന,തൂവുക
തൂശനില,തൂശനില
തൃ,തൃ
തൃക്കല്യാണം,തൃക്കല്യാണം
തൃക്കേട്ട,തൃക്കേട്ട
തൃക്കൈ,തൃക്കൈ
തൃണ,തൃണ
തൃതീയ,തൃതീയ
തൃപ്തി,തൃപ്തി
തൃപ്പാദം,തൃപ്പാദം
തൃഷ്ണ,തൃഷ്ണ
തെക്കത്,തെക്കത്
തെക്കതിൽ,തെക്കത്
തെക്കൻ,തെക്കൻ
തെക്കന്,തെക്കൻ
തെക്കനാൽ,തെക്കൻ
തെക്കന്റെ,തെക്കൻ
തെക്കു,തെക്കു
തെക്കി,തെക്കുക
തെന്നു,തെക്കുക
തെക്കി,തെക്കുക
തെന്നു,തെക്കുക
തെക്കുകിഴക്ക്,തെക്കുകിഴക്ക്
തെക്കുകിഴക്കോട്ട്,തെക്കുകിഴക്ക്
തെക്കുകിഴക്കിന്റെ,തെക്കുകിഴക്ക്
തെക്കുകിഴക്കും,തെക്കുകിഴക്ക്
തെക്കുപടിഞ്ഞാറ്,തെക്കുപടിഞ്ഞാറ്
തെക്കുപടിഞ്ഞാറോട്ട്,തെക്കുപടിഞ്ഞാറ്
തെക്കുപടിഞ്ഞാറും,തെക്കുപടിഞ്ഞാറ്
തെക്കുപടിഞ്ഞാറേക്ക്,തെക്കുപടിഞ്ഞാറ്
തെക്കുപടിഞ്ഞാറേ,തെക്കുപടിഞ്ഞാറ്
തെക്കേ,തെക്കേ
തെക്ക്,തെക്ക്
തെക്കിനെ,തെക്ക്
തെക്കോട്ട്,തെക്ക്
തെക്കിന്,തെക്ക്
തെക്കിന്റെ,തെക്ക്
തെക്കിൽ,തെക്ക്
തെക്കും,തെക്ക്
തെങ്ങ്,തെങ്ങ്
തെങ്ങിനെ,തെങ്ങ്
തെങ്ങിന്,തെങ്ങ്
തെങ്ങിൻ,തെങ്ങ്
തെങ്ങിന്റെ,തെങ്ങ്
തെങ്ങിൽ,തെങ്ങ്
തെങ്ങുകൾ,തെങ്ങ്
തെങ്ങും,തെങ്ങ്
തെങ്ങ്,തെങ്ങ്
തെങ്ങിനെ,തെങ്ങ്
തെങ്ങിന്,തെങ്ങ്
തെങ്ങിൻ,തെങ്ങ്
തെങ്ങിന്റെ,തെങ്ങ്
തെങ്ങിൽ,തെങ്ങ്
തെങ്ങുകൾ,തെങ്ങ്
തെങ്ങും,തെങ്ങ്
തെണ്ടന്,തെണ്ടൻ
തെണ്ടന്റെ,തെണ്ടൻ
തെന്നുന്ന,തെന്നുക
തെന്നുന്ന,തെന്നുക
തെൻ,തെൻ
തെന്,തെൻ
തെന്റെ,തെൻ
തെമ്മാടി,തെമ്മാടി
തെയ്യന്,തെയ്യൻ
തെയ്യാട്ടം,തെയ്യാട്ടം
തെരയുക,തെരയുക
തെരഞ്ഞു,തെരയുക
തെരയുന്നു,തെരയുക
തെരയുന്ന,തെരയുക
തെരു,തെരു
തെരുതെരെ,തെരുതെരെ
തെരുവീഥി,തെരുവീഥി
തെരുവ്,തെരുവ്
തെരുവിനെ,തെരുവ്
തെരുവിന്,തെരുവ്
തെരുവിൻ,തെരുവ്
തെരുവിന്റെ,തെരുവ്
തെരുവിൽ,തെരുവ്
തെരുവുകൾ,തെരുവ്
തെരുവും,തെരുവ്
തെരുവായ,തെരുവ്
തെരുവ്,തെരുവ്
തെരുവിനെ,തെരുവ്
തെരുവിന്,തെരുവ്
തെരുവിൻ,തെരുവ്
തെരുവിന്റെ,തെരുവ്
തെരുവിൽ,തെരുവ്
തെരുവുകൾ,തെരുവ്
തെരുവും,തെരുവ്
തെരുവായ,തെരുവ്
തെർ,തെർ
തെരെ,തെർ
തെരേ,തെർ
തെറി,തെറി
തെറിക്കുക,തെറിക്കുക
തെറിച്ചു,തെറിക്കുക
തെറിക്കുന്നു,തെറിക്കുക
തെറിക്കുന്ന,തെറിക്കുക
തെറിക്കുക,തെറിക്കുക
തെറിച്ചു,തെറിക്കുക
തെറിക്കുന്നു,തെറിക്കുക
തെറിക്കുന്ന,തെറിക്കുക
തെറുക്കുന്ന,തെറുക്കുക
തെറുക്കുന്ന,തെറുക്കുക
തെറ്റി,തെറ്റി
തെറ്റിദ്ധരിച്ചു,തെറ്റിദ്ധരിക്കുക
തെറ്റിദ്ധരിക്കുന്നു,തെറ്റിദ്ധരിക്കുക
തെറ്റിദ്ധരിക്കുന്ന,തെറ്റിദ്ധരിക്കുക
തെറ്റിദ്ധാരണ,തെറ്റിദ്ധാരണ
തെറ്റുക,തെറ്റുക
തെറ്റി,തെറ്റുക
തെറ്റുന്നു,തെറ്റുക
തെറ്റുന്ന,തെറ്റുക
തെറ്റെന്ന്,തെറ്റെന്ന്
തെറ്റെന്നും,തെറ്റെന്ന്
തെറ്റെന്ന്,തെറ്റെന്ന്
തെറ്റെന്നും,തെറ്റെന്ന്
തെറ്റ്,തെറ്റ്
തെറ്റിനെ,തെറ്റ്
തെറ്റിനെ,തെറ്റ്
തെറ്റിന്,തെറ്റ്
തെറ്റിന്,തെറ്റ്
തെറ്റിന്റെ,തെറ്റ്
തെറ്റിന്റെ,തെറ്റ്
തെറ്റുകൾ,തെറ്റ്
തെറ്റുകൾ,തെറ്റ്
തെറ്റുകൾ,തെറ്റ്
തെറ്റും,തെറ്റ്
തെറ്റാം,തെറ്റ്
തെറ്റുക,തെറ്റ്
തെറ്റായ,തെറ്റ്
തെലുങ്ക്,തെലുങ്ക്
തെലുങ്കിനെ,തെലുങ്ക്
തെലുങ്കിന്,തെലുങ്ക്
തെലുങ്കിൽ,തെലുങ്ക്
തെലുങ്കും,തെലുങ്ക്
തെല്ലും,തെല്ലും
തെല്ല്,തെല്ല്
തെല്ലിന്റെ,തെല്ല്
തെല്ലിന്റെ,തെല്ല്
തെല്ലും,തെല്ല്
തെല്ലും,തെല്ല്
തെല്ലാം,തെല്ല്
തെളി,തെളി
തെളി,തെളി
തെളിക്കുക,തെളിക്കുക
തെളിച്ചു,തെളിക്കുക
തെളിക്കുന്നു,തെളിക്കുക
തെളിക്കുന്ന,തെളിക്കുക
തെളിമ,തെളിമ
തെളിയുക,തെളിയുക
തെളിഞ്ഞു,തെളിയുക
തെളിയുന്നു,തെളിയുക
തെളിയുന്ന,തെളിയുക
തെളിയുക,തെളിയുക
തെളിഞ്ഞു,തെളിയുക
തെളിയുന്നു,തെളിയുക
തെളിയുന്ന,തെളിയുക
തെളിവ്,തെളിവ്
തെളിവിനെ,തെളിവ്
തെളിവിന്,തെളിവ്
തെളിവിന്റെ,തെളിവ്
തെളിവിൽ,തെളിവ്
തെളിവുകൾ,തെളിവ്
തെളിവും,തെളിവ്
തെളിവായ,തെളിവ്
തൊടൽ,തൊടൽ
തൊടുക,തൊടുക
തൊടുന്ന,തൊടുക
തൊടുക,തൊടുക
തൊടുന്ന,തൊടുക
തൊട്ട്,തൊട്ട്
തൊണ്ട,തൊണ്ട
തൊണ്ണൂറ്,തൊണ്ണൂറ്
തൊണ്ണൂറിന്,തൊണ്ണൂറ്
തൊണ്ണൂറിന്,തൊണ്ണൂറ്
തൊപ്പി,തൊപ്പി
തൊഴൽ,തൊഴൽ
തൊഴിലാളി,തൊഴിലാളി
തൊഴിൽ,തൊഴിൽ
തൊഴില്,തൊഴിൽ
തൊഴുത്തിന്,തൊഴുത്ത്
തൊഴുത്തും,തൊഴുത്ത്
തേ,തേ
തേം,തേം
തേകുന്ന,തേകുക
തേകുന്ന,തേകുക
തേക്,തേക്
തേക്കു,തേക്കു
തേക്കുക,തേക്കുക
തേച്ചു,തേക്കുക
തേക്കുന്ന,തേക്കുക
തേക്ക്,തേക്ക്
തേക്കിനെ,തേക്ക്
തേക്കിന്,തേക്ക്
തേക്കിൻ,തേക്ക്
തേക്കിന്റെ,തേക്ക്
തേക്കുകൾ,തേക്ക്
തേക്കും,തേക്ക്
തേക്കുക,തേക്ക്
തേങ്ങ,തേങ്ങ
തേങ്ങയേറ്,തേങ്ങയേറ്
തേങ്ങയേറും,തേങ്ങയേറ്
തേങ്ങാപ്പാൽ,തേങ്ങാപ്പാൽ
തേങ്ങാപ്പാല്,തേങ്ങാപ്പാൽ
തേങ്ങുന്ന,തേങ്ങുക
തേങ്ങുന്ന,തേങ്ങുക
തേങ്ങ്,തേങ്ങ്
തേങ്ങും,തേങ്ങ്
തേജസ്,തേജസ്
തേജസിന്റെ,തേജസ്
തേജസിൽ,തേജസ്
തേജസും,തേജസ്
തേജസാം,തേജസ്
തേജസ്സ്,തേജസ്സ്
തേജസ്സിനെ,തേജസ്സ്
തേജസ്സിനോട്,തേജസ്സ്
തേജസ്സിന്,തേജസ്സ്
തേജസ്സിന്റെ,തേജസ്സ്
തേജസ്സിൽ,തേജസ്സ്
തേജസ്സും,തേജസ്സ്
തേജസ്സായ,തേജസ്സ്
തേടുക,തേടുക
തേട്ന്നു,തേടുക
തേടുന്നു,തേടുക
തേടുന്ന,തേടുക
തേടുക,തേടുക
തേട്ന്നു,തേടുക
തേടുന്നു,തേടുക
തേടുന്ന,തേടുക
തേടിൽ,തേട്
തേടും,തേട്
തേടാം,തേട്
തേടുക,തേട്
തേതി,തേതി
തേനീച്ച,തേനീച്ച
തേന്മാവ്,തേന്മാവ്
തേന്മാവിന്,തേന്മാവ്
തേന്മാവിൻ,തേന്മാവ്
തേന്മാവിന്റെ,തേന്മാവ്
തേന്മാവും,തേന്മാവ്
തേൻ,തേൻ
തേന്,തേൻ
തേനിൽ,തേൻ
തേനും,തേൻ
തേൻ,തേൻ
തേന്,തേൻ
തേനിൽ,തേൻ
തേനും,തേൻ
തേപ്പുപെട്ടി,തേപ്പുപെട്ടി
തേപ്പ്,തേപ്പ്
തേപ്പും,തേപ്പ്
തേയില,തേയില
തേഞ്ഞു,തേയുക
തേഞ്ഞു,തേയുക
തേയ്മാനം,തേയ്മാനം
തേയ്മാനങ്ങൾ,തേയ്മാനം
തേയ്മാനവും,തേയ്മാനം
തേരട്ട,തേരട്ട
തേരാളി,തേരാളി
തേരി,തേരി
തേരീ,തേരി
തേര്,തേര്
തേരിനെ,തേര്
തേരിന്,തേര്
തേരിന്റെ,തേര്
തേരിൽ,തേര്
തേരുകൾ,തേര്
തേരും,തേര്
തേർ,തേർ
തേരെ,തേർ
തേരിനെ,തേർ
തേരിന്,തേർ
തേരിൽ,തേർ
തേരുകൾ,തേർ
തേരും,തേർ
തേരേ,തേർ
തേർവാഴ്ച,തേർവാഴ്ച
തേറും,തേറ്
തേറ്റ,തേറ്റ
തേൾ,തേൾ
തേളിന്റെ,തേൾ
തേളുകൾ,തേൾ
തേളും,തേൾ
തേവൽ,തേവൽ
തേവാരം,തേവാരം
തേവാരവും,തേവാരം
തേവാരങ്ങളും,തേവാരങ്ങൾ
തേവൈ,തേവൈ
തോക്ക്,തോക്ക്
തോക്കും,തോക്ക്
തോടുന്നു,തോടുക
തോട്,തോട്
തോടിന്റെ,തോട്
തോട്ടം,തോട്ടം
തോന്നിക്കുന്ന,തോന്നിക്കുക
തോന്നുക,തോന്നുക
തോന്നുന്നു,തോന്നുക
തോന്നുന്ന,തോന്നുക
തോന്നുക,തോന്നുക
തോന്നുന്നു,തോന്നുക
തോന്നുന്ന,തോന്നുക
തോപ്പ്,തോപ്പ്
തോപ്പിൽ,തോപ്പ്
തോരൻ,തോരൻ
തോറും,തോറും
തോറ്റങ്ങൾ,തോറ്റം
തോൽവി,തോൽവി
തൈ,തൈ
തൈക്കാവ്,തൈക്കാവ്
തൈക്കാവിന്,തൈക്കാവ്
തൈപ്പൂയം,തൈപ്പൂയം
തൈര്,തൈര്
തൈരിന്,തൈര്
തൈരിന്റെ,തൈര്
തൈരിൽ,തൈര്
തൈരും,തൈര്
തൈര്,തൈര്
തൈരിന്,തൈര്
തൈരിന്റെ,തൈര്
തൈരിൽ,തൈര്
തൈരും,തൈര്
തൈരിന്,തൈർ
തൈരിൽ,തൈർ
തൈരും,തൈർ
തൈരിന്,തൈർ
തൈരിൽ,തൈർ
തൈരും,തൈർ
തൈല,തൈല
ത്ത,ത്ത
ത്തി,ത്തി
ത്തുക,ത്തുക
ത്തി,ത്തുക
ത്തുന്ന,ത്തുക
ത്ത്,ത്ത്
ത്തിന്,ത്ത്
ത്തിൻ,ത്ത്
ത്തിന്റെ,ത്ത്
ത്തിൽ,ത്ത്
ത്തും,ത്ത്
ത്തുക,ത്ത്
ത്മ്യ,ത്മ്യ
ത്യ,ത്യ
ത്യാഗ,ത്യാഗ
ത്രയ,ത്രയ
ത്രയം,ത്രയം
ത്രയങ്ങൾ,ത്രയം
ത്രസ്,ത്രസ്
ത്രാണി,ത്രാണി
ത്രാണി,ത്രാണി
ത്രാസം,ത്രാസം
ത്രാസ്,ത്രാസ്
ത്രാസിൽ,ത്രാസ്
ത്രാസും,ത്രാസ്
ത്വ,ത്വ
ത്വം,ത്വം
ത്വാ,ത്വാ
ഥ,ഥ
ഥാ,ഥാ
ഥാന,ഥാന
ദ,ദ
ദ,ദ
ദംഷ്ട്ര,ദംഷ്ട്ര
ദക്ഷ,ദക്ഷ
ദക്ഷിണ,ദക്ഷിണ
ദക്ഷിണ,ദക്ഷിണ
ദക്ഷിണം,ദക്ഷിണം
ദക്ഷിണാ,ദക്ഷിണാ
ദണ്ഡ,ദണ്ഡ
ദണ്ഡന,ദണ്ഡന
ദണ്ഡിനെ,ദണ്ഡിൻ
ദണ്ഡിന്,ദണ്ഡിൻ
ദണ്ഡിന്റെ,ദണ്ഡിൻ
ദണ്ണം,ദണ്ണം
ദതിൻ,ദത്
ദത്ത,ദത്ത
ദധി,ദധി
ദന്ത,ദന്ത
ദന്ത്യ,ദന്ത്യ
ദഫ്,ദഫ്
ദമന,ദമന
ദമാൽ,ദമ്
ദമാം,ദമ്
ദയ,ദയ
ദയവും,ദയം
ദര,ദര
ദർപ്പണ,ദർപ്പണ
ദർഭ,ദർഭ
ദർശന,ദർശന
ദല,ദല
ദലാ,ദലാ
ദല്,ദല്
ദലാൽ,ദല്
ദലാൽ,ദല്
ദളം,ദളം
ദളങ്ങൾ,ദളം
ദളവും,ദളം
ദളപതി,ദളപതി
ദളവ,ദളവ
ദളിത,ദളിത
ദശ,ദശ
ദശ,ദശ
ദശക,ദശക
ദശാ,ദശാ
ദശാംശം,ദശാംശം
ദശാംശവും,ദശാംശം
ദശാബ്ദം,ദശാബ്ദം
ദശാബ്ദങ്ങൾ,ദശാബ്ദം
ദശാസന്ധി,ദശാസന്ധി
ദസ്യു,ദസ്യു
ദഹന,ദഹന
ദഹനം,ദഹനം
ദഹനവും,ദഹനം
ദഹനക്കേട്,ദഹനക്കേട്
ദഹനക്കേടിന്,ദഹനക്കേട്
ദഹനക്കേടും,ദഹനക്കേട്
ദഹനേന്ദ്രിയം,ദഹനേന്ദ്രിയം
ദഹനേന്ദ്രിയങ്ങൾ,ദഹനേന്ദ്രിയം
ദഹിച്ചു,ദഹിക്കുക
ദഹിക്കുന്നു,ദഹിക്കുക
ദഹിക്കുന്ന,ദഹിക്കുക
ദഹിപ്പിക്കുക,ദഹിപ്പിക്കുക
ദഹിപ്പിച്ചു,ദഹിപ്പിക്കുക
ദഹിപ്പിക്കുന്നു,ദഹിപ്പിക്കുക
ദഹിപ്പിക്കുന്ന,ദഹിപ്പിക്കുക
ദഹ്,ദഹ്
ദാ,ദാ
ദാ,ദാ
ദാക്ഷായണി,ദാക്ഷായണി
ദാക്ഷായണീ,ദാക്ഷായണി
ദാക്ഷിണ്യം,ദാക്ഷിണ്യം
ദാക്ഷിണ്യവും,ദാക്ഷിണ്യം
ദാഡിമം,ദാഡിമം
ദാതാവ്,ദാതാവ്
ദാതാവിനെ,ദാതാവ്
ദാതാവിന്റെ,ദാതാവ്
ദാതാവിൽ,ദാതാവ്
ദാതാവും,ദാതാവ്
ദാതാവായ,ദാതാവ്
ദാന,ദാന
ദാനം,ദാനം
ദാനങ്ങൾ,ദാനം
ദാനവും,ദാനം
ദാനധർമം,ദാനധർമം
ദാനധർമങ്ങൾ,ദാനധർമം
ദാനപത്രങ്ങൾ,ദാനപത്രം
ദാനവന്,ദാനവൻ
ദാനവീരം,ദാനവീരം
ദാനശീലൻ,ദാനശീലൻ
ദാനശീലന്,ദാനശീലൻ
ദാനശീലനും,ദാനശീലൻ
ദാനി,ദാനി
ദാനിനും,ദാനിൻ
ദാനു,ദാനു
ദാന്തി,ദാന്തി
ദാമത്ത്,ദാമം
ദാമൻ,ദാമൻ
ദാമന്,ദാമൻ
ദാമനിൽ,ദാമൻ
ദാമാ,ദാമൻ
ദാമോദരൻ,ദാമോദരൻ
ദാമ്പത്യം,ദാമ്പത്യം
ദാമ്പത്യവും,ദാമ്പത്യം
ദായം,ദായം
ദായക,ദായക
ദായകനെ,ദായകൻ
ദായകന്,ദായകൻ
ദായക്രമം,ദായക്രമം
ദായക്രമങ്ങൾ,ദായക്രമം
ദായക്രമവും,ദായക്രമം
ദായവിഭാഗം,ദായവിഭാഗം
ദായി,ദായി
ദാര,ദാര
ദാരി,ദാരി
ദാരിക,ദാരിക
ദാരികൻ,ദാരികൻ
ദാരികനെ,ദാരികൻ
ദാരികന്,ദാരികൻ
ദാരികന്റെ,ദാരികൻ
ദാരികനും,ദാരികൻ
ദാരികാ,ദാരികൻ
ദാരിദ്യ്ര,ദാരിദ്യ്ര
ദാരിദ്യ്രം,ദാരിദ്യ്രം
ദാരിദ്യ്രവും,ദാരിദ്യ്രം
ദാരു,ദാരു
ദാരു,ദാരു
ദാരുക,ദാരുക
ദാരുകൻ,ദാരുകൻ
ദാരുകനെ,ദാരുകൻ
ദാരുകനും,ദാരുകൻ
ദാരുണ,ദാരുണ
ദാരുണം,ദാരുണം
ദാരുണവും,ദാരുണം
ദാരുബിംബം,ദാരുബിംബം
ദാർ,ദാർ
ദാരെ,ദാർ
ദാർഢ്യം,ദാർഢ്യം
ദാർഢ്യവും,ദാർഢ്യം
ദാർശനിക,ദാർശനിക
ദാർശനികൻ,ദാർശനികൻ
ദാർശനികന്മാർ,ദാർശനികൻ
ദാർശനികനും,ദാർശനികൻ
ദാല,ദാല
ദാലി,ദാലി
ദാവണി,ദാവണി
ദാശി,ദാശി
ദാസ,ദാസ
ദാസൻ,ദാസൻ
ദാസനെ,ദാസൻ
ദാസന്,ദാസൻ
ദാസന്റെ,ദാസൻ
ദാസന്മാർ,ദാസൻ
ദാസനും,ദാസൻ
ദാസാ,ദാസൻ
ദാസി,ദാസി
ദാസ്യം,ദാസ്യം
ദാഹ,ദാഹ
ദാഹം,ദാഹം
ദാഹവും,ദാഹം
ദാഹിച്ചു,ദാഹിക്കുക
ദാഹിക്കുന്നു,ദാഹിക്കുക
ദാഹിക്കുന്ന,ദാഹിക്കുക
ദിക്,ദിക്
ദിക്ക്,ദിക്ക്
ദിക്കിനെ,ദിക്ക്
ദിക്കിന്,ദിക്ക്
ദിക്കിന്റെ,ദിക്ക്
ദിക്കിൽ,ദിക്ക്
ദിക്കും,ദിക്ക്
ദിക്ക്,ദിക്ക്
ദിക്കിനെ,ദിക്ക്
ദിക്കിന്,ദിക്ക്
ദിക്കിന്റെ,ദിക്ക്
ദിക്കിൽ,ദിക്ക്
ദിക്കും,ദിക്ക്
ദിക്ഷു,ദിക്ഷു
ദിഗംബര,ദിഗംബര
ദിഗന്തങ്ങൾ,ദിഗന്തം
ദിഗ്,ദിഗ്
ദിഗ്ധം,ദിഗ്ധം
ദിഗ്വിജയം,ദിഗ്വിജയം
ദിഗ്വിജയവും,ദിഗ്വിജയം
ദിങ്,ദിങ്
ദിതി,ദിതി
ദിന,ദിന
ദിനം,ദിനം
ദിനങ്ങൾ,ദിനം
ദിനവും,ദിനം
ദിനം,ദിനം
ദിനങ്ങൾ,ദിനം
ദിനവും,ദിനം
ദിനകരൻ,ദിനകരൻ
ദിനകരനെ,ദിനകരൻ
ദിനകരന്,ദിനകരൻ
ദിനകരന്റെ,ദിനകരൻ
ദിനകരനിൽ,ദിനകരൻ
ദിനകരനും,ദിനകരൻ
ദിനചര്യ,ദിനചര്യ
ദിനപത്രം,ദിനപത്രം
ദിനപത്രങ്ങൾ,ദിനപത്രം
ദിനപത്രവും,ദിനപത്രം
ദിനപ്പത്രം,ദിനപ്പത്രം
ദിനപ്പത്രങ്ങൾ,ദിനപ്പത്രം
ദിനപ്പത്രവും,ദിനപ്പത്രം
ദിനമണി,ദിനമണി
ദിനരാത്രങ്ങൾ,ദിനരാത്രം
ദിനസരി,ദിനസരി
ദിനേശൻ,ദിനേശൻ
ദിനേശനെ,ദിനേശൻ
ദിനേശന്,ദിനേശൻ
ദിനേശന്റെ,ദിനേശൻ
ദിനേശനും,ദിനേശൻ
ദിനേശാ,ദിനേശൻ
ദിലീപൻ,ദിലീപൻ
ദിലീപന്,ദിലീപൻ
ദിലീപന്റെ,ദിലീപൻ
ദില്ലി,ദില്ലി
ദിവം,ദിവം
ദിവങ്ങൾ,ദിവം
ദിവം,ദിവം
ദിവങ്ങൾ,ദിവം
ദിവസ,ദിവസ
ദിവസം,ദിവസം
ദിവസങ്ങൾ,ദിവസം
ദിവസവും,ദിവസം
ദിവസക്കൂലി,ദിവസക്കൂലി
ദിവസേന,ദിവസേന
ദിവാ,ദിവാ
ദിവാകരൻ,ദിവാകരൻ
ദിവാകരനെ,ദിവാകരൻ
ദിവാകരന്,ദിവാകരൻ
ദിവാകരന്റെ,ദിവാകരൻ
ദിവാകരനും,ദിവാകരൻ
ദിവാസ്വപ്നം,ദിവാസ്വപ്നം
ദിവാസ്വപ്നങ്ങൾ,ദിവാസ്വപ്നം
ദിവി,ദിവി
ദിവ്യ,ദിവ്യ
ദിവ്യ,ദിവ്യ
ദിവ്യവും,ദിവ്യം
ദിവ്യകാരുണ്യം,ദിവ്യകാരുണ്യം
ദിവ്യചക്ഷുസ്സ്,ദിവ്യചക്ഷുസ്സ്
ദിവ്യജ്ഞാനം,ദിവ്യജ്ഞാനം
ദിവ്യരത്നം,ദിവ്യരത്നം
ദിവ്യരത്നങ്ങൾ,ദിവ്യരത്നം
ദിവ്യാസ്ത്രം,ദിവ്യാസ്ത്രം
ദിവ്യാസ്ത്രങ്ങൾ,ദിവ്യാസ്ത്രം
ദിവ്യൗഷധം,ദിവ്യൗഷധം
ദിശ,ദിശ
ദിശ,ദിശ
ദിശം,ദിശം
ദിശതു,ദിശതു
ദിശാ,ദിശാ
ദിശി,ദിശി
ദിശ്,ദിശ്
ദിശിൽ,ദിശ്
ദിഷ്ട,ദിഷ്ട
ദിഷ്ട,ദിഷ്ട
ദീക്ഷ,ദീക്ഷ
ദീക്ഷാ,ദീക്ഷാ
ദീക്ഷാന്തം,ദീക്ഷാന്തം
ദീക്ഷിക്കുന്ന,ദീക്ഷിക്കുക
ദീക്ഷിതന്റെ,ദീക്ഷിതൻ
ദീക്ഷിതന്മാർ,ദീക്ഷിതൻ
ദീക്ഷിന്,ദീക്ഷിൻ
ദീതി,ദീതി
ദീന,ദീന
ദീന,ദീന
ദീനം,ദീനം
ദീനക്കാരന്റെ,ദീനക്കാരൻ
ദീനാ,ദീനൻ
ദീനബന്ധു,ദീനബന്ധു
ദീപ,ദീപ
ദീപം,ദീപം
ദീപങ്ങൾ,ദീപം
ദീപവും,ദീപം
ദീപക,ദീപക
ദീപക,ദീപക
ദീപകാ,ദീപകൻ
ദീപക്കാഴ്ച,ദീപക്കാഴ്ച
ദീപമാല,ദീപമാല
ദീപശിഖ,ദീപശിഖ
ദീപസ്തംഭം,ദീപസ്തംഭം
ദീപസ്തംഭങ്ങൾ,ദീപസ്തംഭം
ദീപാരാധന,ദീപാരാധന
ദീപാവലി,ദീപാവലി
ദീപിക,ദീപിക
ദീപികാ,ദീപികാ
ദീപ്,ദീപ്
ദീപിന്,ദീപ്
ദീപിന്റെ,ദീപ്
ദീപിൽ,ദീപ്
ദീപുകൾ,ദീപ്
ദീപും,ദീപ്
ദീപായ,ദീപ്
ദീപ്,ദീപ്
ദീപിന്,ദീപ്
ദീപിന്റെ,ദീപ്
ദീപിൽ,ദീപ്
ദീപുകൾ,ദീപ്
ദീപും,ദീപ്
ദീപായ,ദീപ്
ദീപ്ത,ദീപ്ത
ദീപ്ത,ദീപ്ത
ദീപ്തം,ദീപ്തം
ദീപ്തവും,ദീപ്തം
ദീപ്തമായ,ദീപ്തമായ
ദീപ്തി,ദീപ്തി
ദീപ്തി,ദീപ്തി
ദീർഘ,ദീർഘ
ദീർഘ,ദീർഘ
ദീർഘം,ദീർഘം
ദീർഘവും,ദീർഘം
ദീർഘചതുരം,ദീർഘചതുരം
ദീർഘദർശനങ്ങൾ,ദീർഘദർശനം
ദീർഘവൃത്തം,ദീർഘവൃത്തം
ദീർഘവൃത്തങ്ങൾ,ദീർഘവൃത്തം
ദീർഘായുസ്സ്,ദീർഘായുസ്സ്
ദീർഘായുസ്സിന്റെ,ദീർഘായുസ്സ്
ദീർഘായുസ്സും,ദീർഘായുസ്സ്
ദീർഘിക്കുന്നു,ദീർഘിക്കുക
ദുഃഖ,ദുഃഖ
ദുഡി,ദുഡി
ദുധി,ദുധി
ദുന്ദുഭി,ദുന്ദുഭി
ദുന്ദുഭി,ദുന്ദുഭി
ദുര,ദുര
ദുരന്തം,ദുരന്തം
ദുരന്തങ്ങൾ,ദുരന്തം
ദുരന്തവും,ദുരന്തം
ദുരന്തനാടകം,ദുരന്തനാടകം
ദുരന്തനാടകങ്ങൾ,ദുരന്തനാടകം
ദുരഭിമാനം,ദുരഭിമാനം
ദുരഭിമാനവും,ദുരഭിമാനം
ദുരവസ്ഥ,ദുരവസ്ഥ
ദുരാഗ്രഹം,ദുരാഗ്രഹം
ദുരാഗ്രഹവും,ദുരാഗ്രഹം
ദുരാചാര,ദുരാചാര
ദുരാചാരം,ദുരാചാരം
ദുരാചാരവും,ദുരാചാരം
ദുരാചാരീ,ദുരാചാരി
ദുരാശ,ദുരാശ
ദുരിതം,ദുരിതം
ദുരിതങ്ങൾ,ദുരിതം
ദുരിതവും,ദുരിതം
ദുരുപയോഗം,ദുരുപയോഗം
ദുരൂഹം,ദുരൂഹം
ദുരൂഹവും,ദുരൂഹം
ദുര്യോധനനെ,ദുര്യോധനൻ
ദുര്യോധനന്,ദുര്യോധനൻ
ദുര്യോധനന്റെ,ദുര്യോധനൻ
ദുര്യോധനനും,ദുര്യോധനൻ
ദുർ,ദുർ
ദുരെ,ദുർ
ദുർഗ,ദുർഗ
ദുർഗ,ദുർഗ
ദുർഗം,ദുർഗം
ദുർഗതി,ദുർഗതി
ദുർഗന്ധം,ദുർഗന്ധം
ദുർഗന്ധങ്ങൾ,ദുർഗന്ധം
ദുർഗന്ധവും,ദുർഗന്ധം
ദുർഗാ,ദുർഗൻ
ദുർഗുണങ്ങൾ,ദുർഗുണം
ദുർഘട,ദുർഘട
ദുർജയ,ദുർജയ
ദുർനടപ്പ്,ദുർനടപ്പ്
ദുർനയങ്ങൾ,ദുർനയം
ദുർനിമിത്തം,ദുർനിമിത്തം
ദുർനിമിത്തങ്ങൾ,ദുർനിമിത്തം
ദുർബല,ദുർബല
ദുർബലപ്പെടുത്തി,ദുർബലപ്പെടുത്തുക
ദുർബലപ്പെടുത്തുന്ന,ദുർബലപ്പെടുത്തുക
ദുർഭാഗ്യം,ദുർഭാഗ്യം
ദുർഭിക്ഷം,ദുർഭിക്ഷം
ദുർഭിക്ഷവും,ദുർഭിക്ഷം
ദുർമരണം,ദുർമരണം
ദുർമരണങ്ങൾ,ദുർമരണം
ദുർമുഖവും,ദുർമുഖം
ദുർമേദസ്സ്,ദുർമേദസ്സ്
ദുർല്ലഭ,ദുർല്ലഭ
ദുർവ്യയം,ദുർവ്യയം
ദുശ്ശകുനവും,ദുശ്ശകുനം
ദുശ്ശാസന,ദുശ്ശാസന
ദുശ്ശാസനൻ,ദുശ്ശാസനൻ
ദുശ്ശാസനനെ,ദുശ്ശാസനൻ
ദുശ്ശാസനന്,ദുശ്ശാസനൻ
ദുശ്ശാസനന്റെ,ദുശ്ശാസനൻ
ദുശ്ശാസനനും,ദുശ്ശാസനൻ
ദുശ്ശീലം,ദുശ്ശീലം
ദുശ്ശീലവും,ദുശ്ശീലം
ദുഷിച്ചു,ദുഷിക്കുക
ദുഷിക്കുന്നു,ദുഷിക്കുക
ദുഷ്,ദുഷ്
ദുഷ്കര,ദുഷ്കര
ദുഷ്കര,ദുഷ്കര
ദുഷ്കൃത്യങ്ങൾ,ദുഷ്കൃത്യം
ദുഷ്ട,ദുഷ്ട
ദുഷ്ട,ദുഷ്ട
ദുഷ്ടി,ദുഷ്ടി
ദുഷ്ടുകൾ,ദുഷ്ട്
ദുഷ്പേര്,ദുഷ്പേര്
ദുഷ്പേരിന്,ദുഷ്പേര്
ദുഷ്പേരും,ദുഷ്പേര്
ദുഷ്പ്രവൃത്തി,ദുഷ്പ്രവൃത്തി
ദുഷ്യന്തന്റെ,ദുഷ്യന്തൻ
ദൂ,ദൂ
ദൂത,ദൂത
ദൂത,ദൂത
ദൂതൻ,ദൂതൻ
ദൂതനെ,ദൂതൻ
ദൂതന്,ദൂതൻ
ദൂതന്റെ,ദൂതൻ
ദൂതന്മാർ,ദൂതൻ
ദൂതനും,ദൂതൻ
ദൂത്,ദൂത്
ദൂതിന്റെ,ദൂത്
ദൂതും,ദൂത്
ദൂര,ദൂര
ദൂര,ദൂര
ദൂരം,ദൂരം
ദൂരങ്ങൾ,ദൂരം
ദൂരവും,ദൂരം
ദൂരത്ത്,ദൂരം
ദൂരദർശൻ,ദൂരദർശൻ
ദൂരദർശനെ,ദൂരദർശൻ
ദൂരദർശന്റെ,ദൂരദർശൻ
ദൂരദർശനിൽ,ദൂരദർശൻ
ദൂരദർശനും,ദൂരദർശൻ
ദൂരദർശിനി,ദൂരദർശിനി
ദൂരീകരിക്കുക,ദൂരീകരിക്കുക
ദൂരീകരിക്കുന്ന,ദൂരീകരിക്കുക
ദൂരെ,ദൂരെ
ദൂർ,ദൂർ
ദൂരെ,ദൂർ
ദൂരേ,ദൂർ
ദൂഷണനും,ദൂഷണൻ
ദൂഷിത,ദൂഷിത
ദൂഷിത,ദൂഷിത
ദൂഷ്യ,ദൂഷ്യ
ദൂഷ്യം,ദൂഷ്യം
ദൃക്,ദൃക്
ദൃക്ക്,ദൃക്ക്
ദൃഢ,ദൃഢ
ദൃഢ,ദൃഢ
ദൃഢം,ദൃഢം
ദൃഢവും,ദൃഢം
ദൃഢത,ദൃഢത
ദൃഢീകരിക്കുക,ദൃഢീകരിക്കുക
ദൃഢീകരിച്ചു,ദൃഢീകരിക്കുക
ദൃശ്,ദൃശ്
ദൃശ്യ,ദൃശ്യ
ദൃശ്യ,ദൃശ്യ
ദൃശ്യം,ദൃശ്യം
ദൃശ്യങ്ങൾ,ദൃശ്യം
ദൃശ്യവും,ദൃശ്യം
ദൃഷ്ടാന്തം,ദൃഷ്ടാന്തം
ദൃഷ്ടാന്തങ്ങൾ,ദൃഷ്ടാന്തം
ദൃഷ്ടി,ദൃഷ്ടി
ദൃഷ്ടി,ദൃഷ്ടി
ദൃഷ്ടിപഥം,ദൃഷ്ടിപഥം
ദൃഷ്ട്വാ,ദൃഷ്ട്വാ
ദെണ്ണം,ദെണ്ണം
ദേവ,ദേവ
ദേവ,ദേവ
ദേവം,ദേവം
ദേവകി,ദേവകി
ദേവകീ,ദേവകി
ദേവഗണം,ദേവഗണം
ദേവഗണങ്ങൾ,ദേവഗണം
ദേവഗാന്ധാരി,ദേവഗാന്ധാരി
ദേവഗുരു,ദേവഗുരു
ദേവത,ദേവത
ദേവതാ,ദേവതാ
ദേവതാരം,ദേവതാരം
ദേവതാരു,ദേവതാരു
ദേവദത്തം,ദേവദത്തം
ദേവദത്തൻ,ദേവദത്തൻ
ദേവദത്തന്,ദേവദത്തൻ
ദേവദാരു,ദേവദാരു
ദേവദാസി,ദേവദാസി
ദേവദാസീ,ദേവദാസി
ദേവദൂതി,ദേവദൂതി
ദേവദേവന്,ദേവദേവൻ
ദേവനം,ദേവനം
ദേവനാഗരി,ദേവനാഗരി
ദേവൻ,ദേവൻ
ദേവനെ,ദേവൻ
ദേവനോട്,ദേവൻ
ദേവന്,ദേവൻ
ദേവന്റെ,ദേവൻ
ദേവന്മാർ,ദേവൻ
ദേവനും,ദേവൻ
ദേവാ,ദേവൻ
ദേവൻ,ദേവൻ
ദേവനെ,ദേവൻ
ദേവനോട്,ദേവൻ
ദേവന്,ദേവൻ
ദേവന്റെ,ദേവൻ
ദേവന്മാർ,ദേവൻ
ദേവനും,ദേവൻ
ദേവാ,ദേവൻ
ദേവപ്രശ്നം,ദേവപ്രശ്നം
ദേവപ്രശ്നവും,ദേവപ്രശ്നം
ദേവഭാഷ,ദേവഭാഷ
ദേവയാനം,ദേവയാനം
ദേവയാനി,ദേവയാനി
ദേവരാജൻ,ദേവരാജൻ
ദേവരാജനെ,ദേവരാജൻ
ദേവരാജന്,ദേവരാജൻ
ദേവരാജന്റെ,ദേവരാജൻ
ദേവരാജനും,ദേവരാജൻ
ദേവരാജാ,ദേവരാജൻ
ദേവർഷി,ദേവർഷി
ദേവവ്രതൻ,ദേവവ്രതൻ
ദേവസ്ഥാനം,ദേവസ്ഥാനം
ദേവസ്ഥാനവും,ദേവസ്ഥാനം
ദേവസ്ഥാനത്ത്,ദേവസ്ഥാനം
ദേവസ്വ,ദേവസ്വ
ദേവസ്വം,ദേവസ്വം
ദേവസ്വങ്ങൾ,ദേവസ്വം
ദേവസ്വവും,ദേവസ്വം
ദേവാ,ദേവാ
ദേവാംഗന,ദേവാംഗന
ദേവാംശം,ദേവാംശം
ദേവാംശങ്ങൾ,ദേവാംശം
ദേവാരണ്യം,ദേവാരണ്യം
ദേവാലയം,ദേവാലയം
ദേവാലയങ്ങൾ,ദേവാലയം
ദേവാലയവും,ദേവാലയം
ദേവി,ദേവി
ദേവീ,ദേവി
ദേവി,ദേവി
ദേവീ,ദേവി
ദേവിക,ദേവിക
ദേവിനെ,ദേവിൻ
ദേവിന്,ദേവിൻ
ദേവിന്റെ,ദേവിൻ
ദേവീ,ദേവീ
ദേവീപുരാണം,ദേവീപുരാണം
ദേവേന്ദ്രൻ,ദേവേന്ദ്രൻ
ദേവേന്ദ്രനെ,ദേവേന്ദ്രൻ
ദേവേന്ദ്രനോട്,ദേവേന്ദ്രൻ
ദേവേന്ദ്രന്,ദേവേന്ദ്രൻ
ദേവേന്ദ്രന്റെ,ദേവേന്ദ്രൻ
ദേവേന്ദ്രനിൽ,ദേവേന്ദ്രൻ
ദേവേന്ദ്രാ,ദേവേന്ദ്രൻ
ദേശ,ദേശ
ദേശം,ദേശം
ദേശങ്ങൾ,ദേശം
ദേശവും,ദേശം
ദേശത്ത്,ദേശം
ദേശഭക്തൻ,ദേശഭക്തൻ
ദേശഭക്തനിൽ,ദേശഭക്തൻ
ദേശഭാഷ,ദേശഭാഷ
ദേശസാത്കരണം,ദേശസാത്കരണം
ദേശസാത്കരിച്ചു,ദേശസാത്കരിക്കുക
ദേശാടനം,ദേശാടനം
ദേശാടനങ്ങൾ,ദേശാടനം
ദേശാടനവും,ദേശാടനം
ദേശി,ദേശി
ദേശീ,ദേശി
ദേശിക,ദേശിക
ദേശിക,ദേശിക
ദേശിന്റെ,ദേശിൻ
ദേശീയ,ദേശീയ
ദേശീയ,ദേശീയ
ദേശീയഗാനം,ദേശീയഗാനം
ദേശീയഗാനങ്ങൾ,ദേശീയഗാനം
ദേശീയഗാനവും,ദേശീയഗാനം
ദേശീയത,ദേശീയത
ദേശ്യ,ദേശ്യ
ദേശ്യ,ദേശ്യ
ദേഷ്യം,ദേഷ്യം
ദേഷ്യവും,ദേഷ്യം
ദേഹ,ദേഹ
ദേഹം,ദേഹം
ദേഹവും,ദേഹം
ദേഹത്ത്,ദേഹം
ദേഹം,ദേഹം
ദേഹവും,ദേഹം
ദേഹത്ത്,ദേഹം
ദേഹണ്ണക്കാരന്,ദേഹണ്ണക്കാരൻ
ദേഹത്യാഗം,ദേഹത്യാഗം
ദേഹാന്തം,ദേഹാന്തം
ദേഹാന്തരം,ദേഹാന്തരം
ദേഹി,ദേഹി
ദേഹീ,ദേഹി
ദോശ,ദോശ
ദോഷം,ദോഷം
ദൈത്യ,ദൈത്യ
ദൈത്യ,ദൈത്യ
ദൈത്യന്,ദൈത്യൻ
ദൈത്യാ,ദൈത്യൻ
ദൈനിക,ദൈനിക
ദൈർഘ്യം,ദൈർഘ്യം
ദൈർഘ്യവും,ദൈർഘ്യം
ദൈവ,ദൈവ
ദൈവ,ദൈവ
ദൈവം,ദൈവം
ദൈവങ്ങൾ,ദൈവം
ദൈവവും,ദൈവം
ദൈവജ്ഞ,ദൈവജ്ഞ
ദൈവജ്ഞൻ,ദൈവജ്ഞൻ
ദൈവജ്ഞന്,ദൈവജ്ഞൻ
ദൈവതവും,ദൈവതം
ദൈവമ്പാടി,ദൈവമ്പാടി
ദൈവാധീനം,ദൈവാധീനം
ദൈവാധീനവും,ദൈവാധീനം
ദൈവിക,ദൈവിക
ദൈവിക,ദൈവിക
ദൈവികവും,ദൈവികം
ദ്,ദ്
ദിനെ,ദ്
ദിന്,ദ്
ദിൻ,ദ്
ദാൽ,ദ്
ദിൽ,ദ്
ദാം,ദ്
ദ്യു,ദ്യു
ദ്യുതി,ദ്യുതി
ദ്യുതി,ദ്യുതി
ദ്യുതിൽ,ദ്യുത്
ദ്രവ,ദ്രവ
ദ്രവ,ദ്രവ
ദ്രവം,ദ്രവം
ദ്രവങ്ങൾ,ദ്രവം
ദ്രവത്തിന്റെ,ദ്രവത്ത്
ദ്രവത്തിൽ,ദ്രവത്ത്
ദ്രവിച്ചു,ദ്രവിക്കുക
ദ്രവിക്കുന്ന,ദ്രവിക്കുക
ദ്രവീകരണം,ദ്രവീകരണം
ദ്രവീകരണവും,ദ്രവീകരണം
ദ്രവീകരിച്ചു,ദ്രവീകരിക്കുക
ദ്രവ്യ,ദ്രവ്യ
ദ്രവ്യം,ദ്രവ്യം
ദ്രവ്യങ്ങൾ,ദ്രവ്യം
ദ്രവ്യവും,ദ്രവ്യം
ദ്രവ്യശക്തി,ദ്രവ്യശക്തി
ദ്രശ്യ,ദ്രശ്യ
ദ്രഷ്ടാവും,ദ്രഷ്ടാവ്
ദ്രാവക,ദ്രാവക
ദ്രാവകം,ദ്രാവകം
ദ്രാവകങ്ങൾ,ദ്രാവകം
ദ്രാവകവും,ദ്രാവകം
ദ്രാവിഡം,ദ്രാവിഡം
ദ്രാവിഡവും,ദ്രാവിഡം
ദ്രാവിഡന്മാർ,ദ്രാവിഡൻ
ദ്രാവിഡഭാഷ,ദ്രാവിഡഭാഷ
ദ്രാവിഡർ,ദ്രാവിഡർ
ദ്രാവിഡരുടെ,ദ്രാവിഡർ
ദ്രുത,ദ്രുത
ദ്രുത,ദ്രുത
ദ്രുതം,ദ്രുതം
ദ്രുതവും,ദ്രുതം
ദ്രുതം,ദ്രുതം
ദ്രുതവും,ദ്രുതം
ദ്രുതകാകളി,ദ്രുതകാകളി
ദ്രുപദൻ,ദ്രുപദൻ
ദ്രുപദന്റെ,ദ്രുപദൻ
ദ്രുപദനും,ദ്രുപദൻ
ദ്രൗപദി,ദ്രൗപദി
ദ്വന്ദ്വ,ദ്വന്ദ്വ
ദ്വന്ദ്വഭാവം,ദ്വന്ദ്വഭാവം
ദ്വന്ദ്വയുദ്ധം,ദ്വന്ദ്വയുദ്ധം
ദ്വന്ദ്വാത്മക,ദ്വന്ദ്വാത്മക
ദ്വയ,ദ്വയ
ദ്വയ,ദ്വയ
ദ്വയം,ദ്വയം
ദ്വയങ്ങൾ,ദ്വയം
ദ്വയം,ദ്വയം
ദ്വയങ്ങൾ,ദ്വയം
ദ്വയാർഥ,ദ്വയാർഥ
ദ്വാദശ,ദ്വാദശ
ദ്വാദശി,ദ്വാദശി
ദ്വാദശി,ദ്വാദശി
ദ്വാപരം,ദ്വാപരം
ദ്വാര,ദ്വാര
ദ്വാരം,ദ്വാരം
ദ്വാരങ്ങൾ,ദ്വാരം
ദ്വാരവും,ദ്വാരം
ദ്വാരക,ദ്വാരക
ദ്വാരകാനാഥൻ,ദ്വാരകാനാഥൻ
ദ്വി,ദ്വി
ദ്വിതീയ,ദ്വിതീയ
ദ്വിതീയ,ദ്വിതീയ
ദ്വിതീയം,ദ്വിതീയം
ദ്വിതീയവും,ദ്വിതീയം
ദ്വിതീയൻ,ദ്വിതീയൻ
ദ്വിതീയന്,ദ്വിതീയൻ
ദ്വിതീയനും,ദ്വിതീയൻ
ദ്വിതീയാ,ദ്വിതീയൻ
ദ്വിതീയാക്ഷരപ്രാസം,ദ്വിതീയാക്ഷരപ്രാസം
ദ്വിപദ,ദ്വിപദ
ദ്വിപാദ,ദ്വിപാദ
ദ്വിഭാഷി,ദ്വിഭാഷി
ദ്വിമാത്ര,ദ്വിമാത്ര
ദ്വിമുഖ,ദ്വിമുഖ
ദ്വിരൂപ,ദ്വിരൂപ
ദ്വിവചനം,ദ്വിവചനം
ദ്വിവർഷ,ദ്വിവർഷ
ദ്വീപ,ദ്വീപ
ദ്വീപ്,ദ്വീപ്
ദ്വീപിനെ,ദ്വീപ്
ദ്വീപിനോട്,ദ്വീപ്
ദ്വീപിന്,ദ്വീപ്
ദ്വീപിന്റെ,ദ്വീപ്
ദ്വീപിൽ,ദ്വീപ്
ദ്വീപുകൾ,ദ്വീപ്
ദ്വീപും,ദ്വീപ്
ദ്വീപായ,ദ്വീപ്
ദ്വേഷം,ദ്വേഷം
ദ്വേഷവും,ദ്വേഷം
ദ്വേഷിച്ചു,ദ്വേഷിക്കുക
ദ്വൈത,ദ്വൈത
ദ്വൈതം,ദ്വൈതം
ദ്വൈതവും,ദ്വൈതം
ദ്വൈതസിദ്ധാന്തം,ദ്വൈതസിദ്ധാന്തം
ദ്വൈപായന,ദ്വൈപായന
ദ്വൈപായനൻ,ദ്വൈപായനൻ
ദ്വൈപായനന്,ദ്വൈപായനൻ
ദ്വൈമാസിക,ദ്വൈമാസിക
ദ്വൈവാർഷിക,ദ്വൈവാർഷിക
ദൗത്യം,ദൗത്യം
ദൗത്യങ്ങൾ,ദൗത്യം
ദൗത്യവും,ദൗത്യം
ദൗർബല്യം,ദൗർബല്യം
ദൗർബല്യങ്ങൾ,ദൗർബല്യം
ദൗർബല്യവും,ദൗർബല്യം
ദൗർലഭ്യം,ദൗർലഭ്യം
ധ,ധ
ധന,ധന
ധനം,ധനം
ധനവും,ധനം
ധനകാര്യബിൽ,ധനകാര്യബിൽ
ധനകാര്യബില്,ധനകാര്യബിൽ
ധനഞ്ജയൻ,ധനഞ്ജയൻ
ധനഞ്ജയനെ,ധനഞ്ജയൻ
ധനഞ്ജയനോട്,ധനഞ്ജയൻ
ധനഞ്ജയന്,ധനഞ്ജയൻ
ധനഞ്ജയന്റെ,ധനഞ്ജയൻ
ധനഞ്ജയനും,ധനഞ്ജയൻ
ധനപാലൻ,ധനപാലൻ
ധനപാലനെ,ധനപാലൻ
ധനപാലനോട്,ധനപാലൻ
ധനപാലന്,ധനപാലൻ
ധനപാലന്റെ,ധനപാലൻ
ധനപാലനും,ധനപാലൻ
ധനലാഭം,ധനലാഭം
ധനവ്യയം,ധനവ്യയം
ധനശാസ്ത്രം,ധനശാസ്ത്രം
ധനസമ്പത്ത്,ധനസമ്പത്ത്
ധനസമ്പത്തും,ധനസമ്പത്ത്
ധനാ,ധനാ
ധനാഗമം,ധനാഗമം
ധനിക,ധനിക
ധനികൻ,ധനികൻ
ധനികന്,ധനികൻ
ധനികന്റെ,ധനികൻ
ധനികനും,ധനികൻ
ധനു,ധനു
ധനുക്കൂറ്,ധനുക്കൂറ്
ധനുർധരൻ,ധനുർധരൻ
ധനുർവിദ്യ,ധനുർവിദ്യ
ധനുർവേദം,ധനുർവേദം
ധനുർവേദവും,ധനുർവേദം
ധനുഷ്കോടി,ധനുഷ്കോടി
ധനുസ്,ധനുസ്
ധനുസ്സ്,ധനുസ്സ്
ധനുസ്സിൽ,ധനുസ്സ്
ധനേച്ഛ,ധനേച്ഛ
ധനേശൻ,ധനേശൻ
ധന്യ,ധന്യ
ധന്യ,ധന്യ
ധന്യം,ധന്യം
ധന്യവും,ധന്യം
ധന്യത,ധന്യത
ധന്വന്തരം,ധന്വന്തരം
ധന്വന്തരി,ധന്വന്തരി
ധന്വന്തരീ,ധന്വന്തരി
ധമനി,ധമനി
ധമനീ,ധമനി
ധര,ധര
ധര,ധര
ധരണി,ധരണി
ധരണീ,ധരണി
ധരണി,ധരണി
ധരണീ,ധരണി
ധരൻ,ധരൻ
ധരന്,ധരൻ
ധരാ,ധരൻ
ധരൻ,ധരൻ
ധരന്,ധരൻ
ധരാ,ധരൻ
ധരാ,ധരാ
ധരാപതി,ധരാപതി
ധരിക്കുക,ധരിക്കുക
ധരിച്ചു,ധരിക്കുക
ധരിക്കുന്നു,ധരിക്കുക
ധരിക്കുന്ന,ധരിക്കുക
ധരിപ്പിക്കുക,ധരിപ്പിക്കുക
ധരിപ്പിച്ചു,ധരിപ്പിക്കുക
ധരിപ്പിക്കുന്നു,ധരിപ്പിക്കുക
ധരിപ്പിക്കുന്ന,ധരിപ്പിക്കുക
ധർമ,ധർമ
ധർമചക്രം,ധർമചക്രം
ധർമജൻ,ധർമജൻ
ധർമജനും,ധർമജൻ
ധർമൻ,ധർമൻ
ധർമൻ,ധർമൻ
ധർമപാലൻ,ധർമപാലൻ
ധർമപുത്രനോട്,ധർമപുത്രൻ
ധർമപുത്രന്,ധർമപുത്രൻ
ധർമമാർഗം,ധർമമാർഗം
ധർമയുദ്ധം,ധർമയുദ്ധം
ധർമരാജൻ,ധർമരാജൻ
ധർമശാല,ധർമശാല
ധർമശാസ്ത്രം,ധർമശാസ്ത്രം
ധർമസങ്കടം,ധർമസങ്കടം
ധർമസൂത്രങ്ങൾ,ധർമസൂത്രം
ധവൻ,ധവൻ
ധവനും,ധവൻ
ധവള,ധവള
ധവളഗിരി,ധവളഗിരി
ധാ,ധാ
ധാതാവും,ധാതാവ്
ധാതു,ധാതു
ധാതു,ധാതു
ധാതുപുഷ്ടി,ധാതുപുഷ്ടി
ധാത്രി,ധാത്രി
ധാത്രീ,ധാത്രി
ധാത്രി,ധാത്രി
ധാത്രീ,ധാത്രി
ധാന,ധാന
ധാന,ധാന
ധാനി,ധാനി
ധാന്യ,ധാന്യ
ധാന്യം,ധാന്യം
ധാന്യങ്ങൾ,ധാന്യം
ധാന്യവും,ധാന്യം
ധാന്യകം,ധാന്യകം
ധാന്യകങ്ങൾ,ധാന്യകം
ധാമവും,ധാമം
ധാര,ധാര
ധാര,ധാര
ധാരകം,ധാരകം
ധാരകന്,ധാരകൻ
ധാരണ,ധാരണ
ധാരണ,ധാരണ
ധാരണം,ധാരണം
ധാരണവും,ധാരണം
ധാരണാ,ധാരണാ
ധാരണാശക്തി,ധാരണാശക്തി
ധാരാ,ധാരൻ
ധാരാ,ധാരാ
ധാരാളം,ധാരാളം
ധാരി,ധാരി
ധാരിത,ധാരിത
ധാർമിക,ധാർമിക
ധാർഷ്ട്യം,ധാർഷ്ട്യം
ധാർഷ്ട്യവും,ധാർഷ്ട്യം
ധാവിത,ധാവിത
ധീ,ധി
ധീ,ധി
ധിക്കരിച്ചു,ധിക്കരിക്കുക
ധിക്കരിക്കുന്നു,ധിക്കരിക്കുക
ധിക്കരിക്കുന്ന,ധിക്കരിക്കുക
ധിക്കാരം,ധിക്കാരം
ധിക്കാരങ്ങൾ,ധിക്കാരം
ധിക്കാരവും,ധിക്കാരം
ധിക്കാരി,ധിക്കാരി
ധിഷണ,ധിഷണ
ധീ,ധീ
ധീ,ധീ
ധീര,ധീര
ധീര,ധീര
ധീരം,ധീരം
ധീരവും,ധീരം
ധീരത,ധീരത
ധീരധീരം,ധീരധീരം
ധീരൻ,ധീരൻ
ധീരനെ,ധീരൻ
ധീരന്,ധീരൻ
ധീരന്മാർ,ധീരൻ
ധീരനും,ധീരൻ
ധീരാധീര,ധീരാധീര
ധുരം,ധുരം
ധുരി,ധുരി
ധൂപ,ധൂപ
ധൂപം,ധൂപം
ധൂമ,ധൂമ
ധൂമം,ധൂമം
ധൂമവും,ധൂമം
ധൂമകേതു,ധൂമകേതു
ധൂർത്ത്,ധൂർത്ത്
ധൂർത്തും,ധൂർത്ത്
ധൂളി,ധൂളി
ധൃത,ധൃത
ധൃത,ധൃത
ധൃതി,ധൃതി
ധൃതി,ധൃതി
ധൃഷ്ടദ്യുമ്നൻ,ധൃഷ്ടദ്യുമ്നൻ
ധൃഷ്ടദ്യുമ്നനെ,ധൃഷ്ടദ്യുമ്നൻ
ധൃഷ്ടദ്യുമ്നന്റെ,ധൃഷ്ടദ്യുമ്നൻ
ധേനുകനെ,ധേനുകൻ
ധേനുകന്,ധേനുകൻ
ധേനുകന്റെ,ധേനുകൻ
ധൈര്യ,ധൈര്യ
ധൈര്യം,ധൈര്യം
ധൈര്യവും,ധൈര്യം
ധൈര്യശാലി,ധൈര്യശാലി
ധൈവതം,ധൈവതം
ധൈവതവും,ധൈവതം
ധ്മാനം,ധ്മാനം
ധ്യാന,ധ്യാന
ധ്യാനം,ധ്യാനം
ധ്യാനങ്ങൾ,ധ്യാനം
ധ്യാനവും,ധ്യാനം
ധ്യാനി,ധ്യാനി
ധ്യാനിക്കുക,ധ്യാനിക്കുക
ധ്യാനിച്ചു,ധ്യാനിക്കുക
ധ്യാനിക്കുന്നു,ധ്യാനിക്കുക
ധ്യാനിക്കുന്ന,ധ്യാനിക്കുക
ധ്യേയ,ധ്യേയ
ധ്യേയ,ധ്യേയ
ധ്രുവ,ധ്രുവ
ധ്രുവ,ധ്രുവ
ധ്രുവം,ധ്രുവം
ധ്രുവങ്ങൾ,ധ്രുവം
ധ്രുവൻ,ധ്രുവൻ
ധ്രുവനെ,ധ്രുവൻ
ധ്രുവന്,ധ്രുവൻ
ധ്രുവന്റെ,ധ്രുവൻ
ധ്വംസിക്കുന്നു,ധ്വംസിക്കുക
ധ്വംസിക്കുന്ന,ധ്വംസിക്കുക
ധ്വജ,ധ്വജ
ധ്വജം,ധ്വജം
ധ്വജപ്രതിഷ്ഠ,ധ്വജപ്രതിഷ്ഠ
ധ്വനി,ധ്വനി
ധ്വനി,ധ്വനി
നം,നം
നങ്ങൾ,നം
നവും,നം
നത്ത്,നം
നം,നം
നങ്ങൾ,നം
നവും,നം
നത്ത്,നം
നകാരം,നകാരം
നകുലൻ,നകുലൻ
നകുലനെ,നകുലൻ
നകുലന്,നകുലൻ
നകുലനും,നകുലൻ
നക്കാപ്പിച്ച,നക്കാപ്പിച്ച
നക്കി,നക്കി
നക്കുക,നക്കുക
നക്കുന്ന,നക്കുക
നക്കി,നക്കുക
നന്നു,നക്കുക
നക്കുക,നക്കുക
നക്കുന്ന,നക്കുക
നക്കി,നക്കുക
നന്നു,നക്കുക
നക്കുക,നക്ക്
നക്ര,നക്ര
നക്ഷത്ര,നക്ഷത്ര
നക്ഷത്ര,നക്ഷത്ര
നക്ഷത്രം,നക്ഷത്രം
നക്ഷത്രങ്ങൾ,നക്ഷത്രം
നക്ഷത്രവും,നക്ഷത്രം
നക്ഷത്രചിഹ്നം,നക്ഷത്രചിഹ്നം
നക്ഷത്രനാഥന്,നക്ഷത്രനാഥൻ
നക്ഷത്രപദവി,നക്ഷത്രപദവി
നക്ഷത്രമണ്ഡലം,നക്ഷത്രമണ്ഡലം
നക്ഷത്രമാല,നക്ഷത്രമാല
നഖ,നഖ
നഖം,നഖം
നഖങ്ങൾ,നഖം
നഖവും,നഖം
നഖത്ത്,നഖം
നഖശിഖാന്തം,നഖശിഖാന്തം
നഗണം,നഗണം
നഗര,നഗര
നഗരം,നഗരം
നഗരങ്ങൾ,നഗരം
നഗരവും,നഗരം
നഗരി,നഗരി
നഗരി,നഗരി
നഗ്ന,നഗ്ന
നഗ്നത,നഗ്നത
നഗ്നസത്യം,നഗ്നസത്യം
നങ്കു,നങ്കു
നങ്കൂരം,നങ്കൂരം
നചികേതസ്സ്,നചികേതസ്സ്
നഞ്ച,നഞ്ച
നഞ്ചൻ,നഞ്ചൻ
നഞ്ഞു,നഞ്ഞു
നട,നട
നട,നട
നടക്കാവ്,നടക്കാവ്
നടക്കാവിനെ,നടക്കാവ്
നടക്കാവിന്,നടക്കാവ്
നടക്കാവിന്റെ,നടക്കാവ്
നടക്കാവിൽ,നടക്കാവ്
നടക്കുക,നടക്കുക
നടക്കുന്നു,നടക്കുക
നടക്കുന്ന,നടക്കുക
നടന്നു,നടക്കുക
നടക്കുക,നടക്കുക
നടക്കുന്നു,നടക്കുക
നടക്കുന്ന,നടക്കുക
നടന്നു,നടക്കുക
നടത്തിക്കുക,നടത്തിക്കുക
നടത്തിച്ചു,നടത്തിക്കുക
നടത്തിക്കുന്നു,നടത്തിക്കുക
നടത്തിക്കുന്ന,നടത്തിക്കുക
നടനം,നടനം
നടനവും,നടനം
നടൻ,നടൻ
നടനെ,നടൻ
നടനോട്,നടൻ
നടന്,നടൻ
നടന്റെ,നടൻ
നടനിൽ,നടൻ
നടന്മാർ,നടൻ
നടനും,നടൻ
നടപടി,നടപടി
നടപടി,നടപടി
നടപ്പന്തൽ,നടപ്പന്തൽ
നടപ്പന്തല്,നടപ്പന്തൽ
നടപ്പവകാശം,നടപ്പവകാശം
നടപ്പാകുന്ന,നടപ്പാകുക
നടപ്പിലാകുന്ന,നടപ്പിലാകുക
നടപ്പിലാക്കുക,നടപ്പിലാക്കുക
നടപ്പിലാക്കുന്നു,നടപ്പിലാക്കുക
നടപ്പിലാക്കുന്ന,നടപ്പിലാക്കുക
നടപ്പിലാക്കി,നടപ്പിലാക്കുക
നടപ്പുകാലത്ത്,നടപ്പുകാലം
നടപ്പുര,നടപ്പുര
നടപ്പുവഴി,നടപ്പുവഴി
നടപ്പുവില,നടപ്പുവില
നടമാടുന്ന,നടമാടുക
നടരാജൻ,നടരാജൻ
നടരാജനെ,നടരാജൻ
നടരാജന്,നടരാജൻ
നടരാജന്റെ,നടരാജൻ
നടരാജനും,നടരാജൻ
നടവരമ്പ്,നടവരമ്പ്
നടവരവ്,നടവരവ്
നടവഴി,നടവഴി
നടാടെ,നടാടെ
നടി,നടി
നടീ,നടി
നടിക്കുക,നടിക്കുക
നടിച്ചു,നടിക്കുക
നടിക്കുന്നു,നടിക്കുക
നടിക്കുന്ന,നടിക്കുക
നടിക്കുക,നടിക്കുക
നടിച്ചു,നടിക്കുക
നടിക്കുന്നു,നടിക്കുക
നടിക്കുന്ന,നടിക്കുക
നടീൽ,നടീൽ
നടീല്,നടീൽ
നടു,നടു
നടു,നടു
നടുക,നടുക
നടുന്നു,നടുക
നടുന്ന,നടുക
നടുക,നടുക
നടുന്നു,നടുക
നടുന്ന,നടുക
നടുക്ക്,നടുക്ക്
നടുക്കും,നടുക്ക്
നടുമുറ്റം,നടുമുറ്റം
നടുമുറ്റങ്ങൾ,നടുമുറ്റം
നടുമുറ്റവും,നടുമുറ്റം
നടുമുറ്റത്ത്,നടുമുറ്റം
നടുവിനയെച്ചം,നടുവിനയെച്ചം
നടുവിരൽ,നടുവിരൽ
നടുവിരല്,നടുവിരൽ
നടുവിൽ,നടുവിൽ
നടുവില്,നടുവിൽ
നടുവ്,നടുവ്
നടുവിന്,നടുവ്
നടുവിൽ,നടുവ്
നടേ,നടേ
നടേശൻ,നടേശൻ
നടേശനെ,നടേശൻ
നടേശന്,നടേശൻ
നടേശന്റെ,നടേശൻ
നടേശനും,നടേശൻ
നട്ടം,നട്ടം
നട്ടുച്ച,നട്ടുച്ച
നട്ടുവൻ,നട്ടുവൻ
നട്ടുവന്,നട്ടുവൻ
നട്ടെല്ല്,നട്ടെല്ല്
നട്ടെല്ലിനെ,നട്ടെല്ല്
നട്ടെല്ലിനെ,നട്ടെല്ല്
നട്ടെല്ലിനോട്,നട്ടെല്ല്
നട്ടെല്ലിനോട്,നട്ടെല്ല്
നട്ടെല്ലിന്,നട്ടെല്ല്
നട്ടെല്ലിന്,നട്ടെല്ല്
നട്ടെല്ലിന്റെ,നട്ടെല്ല്
നട്ടെല്ലിന്റെ,നട്ടെല്ല്
നട്ടെല്ലിൽ,നട്ടെല്ല്
നട്ടെല്ലിൽ,നട്ടെല്ല്
നട്ടെല്ലുകൾ,നട്ടെല്ല്
നട്ടെല്ലുകൾ,നട്ടെല്ല്
നട്ടെല്ലും,നട്ടെല്ല്
നട്ടെല്ലും,നട്ടെല്ല്
നട്ടെല്ലായ,നട്ടെല്ല്
നഡ,നഡ
നത,നത
നത,നത
നതമധ്യ,നതമധ്യ
നത്തി,നത്തുക
നത്ത്,നത്ത്
നത്തിന്,നത്ത്
നത്തിന്റെ,നത്ത്
നത്തും,നത്ത്
നത്തേക്ക്,നത്ത്
നദ,നദ
നദ,നദ
നദി,നദി
നദീ,നദി
നദി,നദി
നദീ,നദി
നദീ,നദീ
നദീമുഖം,നദീമുഖം
നദീമുഖത്ത്,നദീമുഖം
നദ്,നദ്
നദിൻ,നദ്
നദാൽ,നദ്
നദായ,നദ്
നന,നന
നനഞ്ഞ,നനഞ്ഞ
നനയുക,നനയുക
നനഞ്ഞു,നനയുക
നനയുന്നു,നനയുക
നനയുന്ന,നനയുക
നനയുക,നനയുക
നനഞ്ഞു,നനയുക
നനയുന്നു,നനയുക
നനയുന്ന,നനയുക
നനയ്ക്കുക,നനയ്ക്കുക
നനയ്ക്കുന്നു,നനയ്ക്കുക
നനയ്ക്കുന്ന,നനയ്ക്കുക
നനയ്ക്കുക,നനയ്ക്കുക
നനയ്ക്കുന്നു,നനയ്ക്കുക
നനയ്ക്കുന്ന,നനയ്ക്കുക
നനു,നനു
നന്താവനം,നന്താവനം
നന്തി,നന്തി
നന്തുണി,നന്തുണി
നന്ദ,നന്ദ
നന്ദ,നന്ദ
നന്ദകം,നന്ദകം
നന്ദന,നന്ദന
നന്ദന,നന്ദന
നന്ദനം,നന്ദനം
നന്ദനൻ,നന്ദനൻ
നന്ദനന്,നന്ദനൻ
നന്ദനാ,നന്ദനൻ
നന്ദൻ,നന്ദൻ
നന്ദനെ,നന്ദൻ
നന്ദന്,നന്ദൻ
നന്ദന്റെ,നന്ദൻ
നന്ദനിൽ,നന്ദൻ
നന്ദനും,നന്ദൻ
നന്ദാ,നന്ദൻ
നന്ദവിലാസിനി,നന്ദവിലാസിനി
നന്ദാ,നന്ദാ
നന്ദി,നന്ദി
നന്ദികേശൻ,നന്ദികേശൻ
നന്ദികേശനെ,നന്ദികേശൻ
നന്ദികേശനോട്,നന്ദികേശൻ
നന്ദികേശന്,നന്ദികേശൻ
നന്ദികേശന്റെ,നന്ദികേശൻ
നന്ദിഗ്രാമം,നന്ദിഗ്രാമം
നന്ദിത,നന്ദിത
നന്ദിത,നന്ദിത
നന്ദിനി,നന്ദിനി
നന്ദിനീ,നന്ദിനി
നന്ദിനീ,നന്ദിനീ
നന്ദ്,നന്ദ്
നന്നങ്ങാടി,നന്നങ്ങാടി
നന്നാകുന്നു,നന്നാകുക
നന്നേ,നന്നേ
നന്ന്,നന്ന്
നന്നും,നന്ന്
നന്നായ,നന്ന്
നന്മ,നന്മ
നപുംസക,നപുംസക
നപുംസകം,നപുംസകം
നപുംസകങ്ങൾ,നപുംസകം
നഭസ്വാൻ,നഭസ്വാൻ
നമശ്ശിവായ,നമശ്ശിവായ
നമസ്കരിക്കുക,നമസ്കരിക്കുക
നമസ്കരിച്ചു,നമസ്കരിക്കുക
നമസ്കരിക്കുന്നു,നമസ്കരിക്കുക
നമസ്കരിക്കുന്ന,നമസ്കരിക്കുക
നമസ്കാര,നമസ്കാര
നമസ്കാരം,നമസ്കാരം
നമസ്കാരങ്ങൾ,നമസ്കാരം
നമസ്കാരവും,നമസ്കാരം
നമിക്കുക,നമിക്കുക
നമിച്ചു,നമിക്കുക
നമിക്കുന്നു,നമിക്കുക
നമിക്കുന്ന,നമിക്കുക
നമിക്കുക,നമിക്കുക
നമിച്ചു,നമിക്കുക
നമിക്കുന്നു,നമിക്കുക
നമിക്കുന്ന,നമിക്കുക
നമിത,നമിത
നമിത,നമിത
നമാം,നമ്
നമ്പി,നമ്പി
നമ്പിടി,നമ്പിടി
നമ്പീശൻ,നമ്പീശൻ
നമ്പീശനെ,നമ്പീശൻ
നമ്പീശന്,നമ്പീശൻ
നമ്പീശന്റെ,നമ്പീശൻ
നമ്പീശനും,നമ്പീശൻ
നമ്പൂതിരിപ്പാട്,നമ്പൂതിരിപ്പാട്
നമ്പൂതിരിപ്പാടിനെ,നമ്പൂതിരിപ്പാട്
നമ്പൂതിരിപ്പാടിന്,നമ്പൂതിരിപ്പാട്
നമ്പൂതിരിപ്പാടിന്റെ,നമ്പൂതിരിപ്പാട്
നമ്പൂതിരിപ്പാടിൽ,നമ്പൂതിരിപ്പാട്
നമ്പൂതിരിപ്പാടും,നമ്പൂതിരിപ്പാട്
നമ്പൂരി,നമ്പൂരി
നമ്പ്യാതിരി,നമ്പ്യാതിരി
നമ്മൾ,നമ്മൾ
നമ്മളെ,നമ്മൾ
നമ്മളോട്,നമ്മൾ
നമ്മളുടെ,നമ്മൾ
നമ്മളിൽ,നമ്മൾ
നമ്മളും,നമ്മൾ
നമ്മളേ,നമ്മൾ
നയ,നയ
നയം,നയം
നയങ്ങൾ,നയം
നയവും,നയം
നയതന്ത്രം,നയതന്ത്രം
നയതന്ത്രവും,നയതന്ത്രം
നയതന്ത്രജ്ഞൻ,നയതന്ത്രജ്ഞൻ
നയതന്ത്രജ്ഞനെ,നയതന്ത്രജ്ഞൻ
നയതന്ത്രജ്ഞന്,നയതന്ത്രജ്ഞൻ
നയതന്ത്രജ്ഞന്റെ,നയതന്ത്രജ്ഞൻ
നയതന്ത്രജ്ഞനും,നയതന്ത്രജ്ഞൻ
നയതന്ത്രപ്രതിനിധി,നയതന്ത്രപ്രതിനിധി
നയതന്ത്രബന്ധം,നയതന്ത്രബന്ധം
നയതന്ത്രബന്ധങ്ങൾ,നയതന്ത്രബന്ധം
നയതന്ത്രബന്ധവും,നയതന്ത്രബന്ധം
നയന,നയന
നയന,നയന
നയനങ്ങൾ,നയനം
നയനാ,നയനാ
നയനി,നയനി
നയവും,നയവ്
നയിക്കുക,നയിക്കുക
നയിച്ചു,നയിക്കുക
നയിക്കുന്നു,നയിക്കുക
നയിക്കുന്ന,നയിക്കുക
നയിക്കുക,നയിക്കുക
നയിച്ചു,നയിക്കുക
നയിക്കുന്നു,നയിക്കുക
നയിക്കുന്ന,നയിക്കുക
നയ്,നയ്
നയാൽ,നയ്
നയും,നയ്
നര,നര
നര,നര
നരകം,നരകം
നരകവും,നരകം
നരകനെ,നരകൻ
നരകന്,നരകൻ
നരകന്റെ,നരകൻ
നരകപാലം,നരകപാലം
നരകയാതന,നരകയാതന
നരകാരി,നരകാരി
നരകിച്ചു,നരകിക്കുക
നരകിക്കുന്നു,നരകിക്കുക
നരകിക്കുന്ന,നരകിക്കുക
നരനാരായണന്മാരുടെ,നരനാരായണന്മാർ
നരൻ,നരൻ
നരനെ,നരൻ
നരന്,നരൻ
നരന്റെ,നരൻ
നരനും,നരൻ
നരാ,നരൻ
നരബലി,നരബലി
നരമേധം,നരമേധം
നരമ്പിൽ,നരമ്പ്
നരയൻ,നരയൻ
നരയ്ക്കുന്നു,നരയ്ക്കുക
നരവാഹനന്,നരവാഹനൻ
നരസിംഹം,നരസിംഹം
നരസിംഹവും,നരസിംഹം
നരഹത്യ,നരഹത്യ
നരഹരി,നരഹരി
നരാധമന്,നരാധമൻ
നരാധമന്മാർ,നരാധമൻ
നരായണൻ,നരായണൻ
നരി,നരി
നരി,നരി
നരേന്ദ്രൻ,നരേന്ദ്രൻ
നരേന്ദ്രനെ,നരേന്ദ്രൻ
നരേന്ദ്രന്,നരേന്ദ്രൻ
നരേന്ദ്രന്റെ,നരേന്ദ്രൻ
നരേന്ദ്രനും,നരേന്ദ്രൻ
നർത്തകി,നർത്തകി
നർത്തനം,നർത്തനം
നർത്തനവും,നർത്തനം
നർമം,നർമം
നർമവും,നർമം
നർമദ,നർമദ
നർമദാ,നർമദൻ
നറുക്ക്,നറുക്ക്
നറുക്കിൽ,നറുക്ക്
നലം,നലം
നലി,നലി
നല്ല,നല്ല
നല്ലത്,നല്ലത്
നല്ലതിനെ,നല്ലത്
നല്ലതിനോട്,നല്ലത്
നല്ലതിന്,നല്ലത്
നല്ലതും,നല്ലത്
നല്ലതുക,നല്ലത്
നല്ലതായ,നല്ലത്
നല്ലനേരം,നല്ലനേരം
നല്ലനേരവും,നല്ലനേരം
നല്ലവണ്ണം,നല്ലവണ്ണം
നല്ലവൻ,നല്ലവൻ
നല്ലവനെ,നല്ലവൻ
നല്ലവന്,നല്ലവൻ
നല്ലി,നല്ലി
നല്ലെണ്ണ,നല്ലെണ്ണ
നൽ,നൽ
നല്,നൽ
നൽ,നൽ
നല്,നൽ
നല്കു,നൽകുക
നൽകു,നൽകുക
നൽകൂ,നൽകുക
നൽകുക,നൽകുക
നൽകുന്നു,നൽകുക
നൽകുന്ന,നൽകുക
നളചരിതം,നളചരിതം
നളന്ദ,നളന്ദ
നളൻ,നളൻ
നളനെ,നളൻ
നളന്,നളൻ
നളന്റെ,നളൻ
നളനും,നളൻ
നളിനം,നളിനം
നളിനി,നളിനി
നളിനീ,നളിനി
നവ,നവ
നവ,നവ
നവം,നവം
നവകം,നവകം
നവകവും,നവകം
നവഗ്രഹങ്ങൾ,നവഗ്രഹങ്ങൾ
നവഗ്രഹങ്ങളെ,നവഗ്രഹങ്ങൾ
നവഗ്രഹങ്ങളുടെ,നവഗ്രഹങ്ങൾ
നവഗ്രഹങ്ങളിൽ,നവഗ്രഹങ്ങൾ
നവഗ്രഹങ്ങളും,നവഗ്രഹങ്ങൾ
നവജാത,നവജാത
നവത,നവത
നവതി,നവതി
നവതി,നവതി
നവദ്വാരങ്ങളും,നവദ്വാരങ്ങൾ
നവധാന്യങ്ങൾ,നവധാന്യങ്ങൾ
നവധാന്യങ്ങളിൽ,നവധാന്യങ്ങൾ
നവധാന്യങ്ങളും,നവധാന്യങ്ങൾ
നവനവ,നവനവ
നവനീതം,നവനീതം
നവമി,നവമി
നവയൗവനം,നവയൗവനം
നവര,നവര
നവരത്നങ്ങൾ,നവരത്നങ്ങൾ
നവരത്നങ്ങളുടെ,നവരത്നങ്ങൾ
നവരത്നങ്ങളിൽ,നവരത്നങ്ങൾ
നവരസങ്ങൾ,നവരസങ്ങൾ
നവരസങ്ങളുടെ,നവരസങ്ങൾ
നവരസങ്ങളും,നവരസങ്ങൾ
നവരാത്രി,നവരാത്രി
നവരാത്രീ,നവരാത്രി
നവവധു,നവവധു
നവവരൻ,നവവരൻ
നവവരനെ,നവവരൻ
നവവരന്,നവവരൻ
നവവരന്റെ,നവവരൻ
നവവരനും,നവവരൻ
നവാക്ഷരി,നവാക്ഷരി
നവാഗത,നവാഗത
നവീകരണം,നവീകരണം
നവീകരണങ്ങൾ,നവീകരണം
നവീകരണവും,നവീകരണം
നവീകരിക്കുക,നവീകരിക്കുക
നവീകരിച്ചു,നവീകരിക്കുക
നവീകരിക്കുന്നു,നവീകരിക്കുക
നവീകരിക്കുന്ന,നവീകരിക്കുക
നവീകൃത,നവീകൃത
നവീകൃത,നവീകൃത
നവീന,നവീന
നവ്യ,നവ്യ
നശിക്കുക,നശിക്കുക
നശിച്ചു,നശിക്കുക
നശിക്കുന്നു,നശിക്കുക
നശിക്കുന്ന,നശിക്കുക
നശിക്കുക,നശിക്കുക
നശിച്ചു,നശിക്കുക
നശിക്കുന്നു,നശിക്കുക
നശിക്കുന്ന,നശിക്കുക
നശീകരണം,നശീകരണം
നശീകരണവും,നശീകരണം
നശ്വര,നശ്വര
നശ്വര,നശ്വര
നഷ്ട,നഷ്ട
നഷ്ട,നഷ്ട
നഷ്ടം,നഷ്ടം
നഷ്ടങ്ങൾ,നഷ്ടം
നഷ്ടവും,നഷ്ടം
നഷ്ടപ്പെടുക,നഷ്ടപ്പെടുക
നഷ്ടപ്പെടുന്നു,നഷ്ടപ്പെടുക
നഷ്ടപ്പെടുന്ന,നഷ്ടപ്പെടുക
നസ,നസ
നസി,നസി
നസീ,നസി
നസ്,നസ്
നസ്യം,നസ്യം
നഹ്,നഹ്
നഹിൻ,നഹ്
നഹാൽ,നഹ്
നാ,നാ
നാ,നാ
നാം,നാം
നാവും,നാം
നാകം,നാകം
നാകം,നാകം
നാക്കൻ,നാക്കൻ
നാക്കാ,നാക്കൻ
നാക്ക്,നാക്ക്
നാക്കിന്,നാക്ക്
നാക്കിന്റെ,നാക്ക്
നാക്കിൽ,നാക്ക്
നാക്കും,നാക്ക്
നാക്ക്,നാക്ക്
നാക്കിന്,നാക്ക്
നാക്കിന്റെ,നാക്ക്
നാക്കിൽ,നാക്ക്
നാക്കും,നാക്ക്
നാഗ,നാഗ
നാഗം,നാഗം
നാഗങ്ങൾ,നാഗം
നാഗവും,നാഗം
നാഗത്ത്,നാഗം
നാഗം,നാഗം
നാഗങ്ങൾ,നാഗം
നാഗവും,നാഗം
നാഗത്ത്,നാഗം
നാഗകന്യക,നാഗകന്യക
നാഗനാഥന്,നാഗനാഥൻ
നാഗൻ,നാഗൻ
നാഗന്,നാഗൻ
നാഗന്റെ,നാഗൻ
നാഗാ,നാഗൻ
നാഗപഞ്ചമി,നാഗപഞ്ചമി
നാഗപടത്താലി,നാഗപടത്താലി
നാഗമാതാവിനെ,നാഗമാതാവ്
നാഗര,നാഗര
നാഗര,നാഗര
നാഗരം,നാഗരം
നാഗരാജൻ,നാഗരാജൻ
നാഗരാജനെ,നാഗരാജൻ
നാഗരാജന്,നാഗരാജൻ
നാഗരാജാ,നാഗരാജൻ
നാഗരിക,നാഗരിക
നാഗരിക,നാഗരിക
നാഗരികം,നാഗരികം
നാഗരികവും,നാഗരികം
നാഗർ,നാഗർ
നാഗസ്വരം,നാഗസ്വരം
നാഗസ്വരവും,നാഗസ്വരം
നാഗസ്വരവിദ്വാൻ,നാഗസ്വരവിദ്വാൻ
നാഗസ്വരവിദ്വാന്,നാഗസ്വരവിദ്വാൻ
നാഗാസ്ത്രം,നാഗാസ്ത്രം
നാഗേന്ദ്രൻ,നാഗേന്ദ്രൻ
നാഗേന്ദ്രന്,നാഗേന്ദ്രൻ
നാങ്ക്,നാങ്ക്
നാങ്ക്,നാങ്ക്
നാച്ചി,നാച്ചി
നാട,നാട
നാടം,നാടം
നാടങ്ങൾ,നാടം
നാടക,നാടക
നാടക,നാടക
നാടകം,നാടകം
നാടകങ്ങൾ,നാടകം
നാടകവും,നാടകം
നാടകീയം,നാടകീയം
നാടകീയവും,നാടകീയം
നാടൻ,നാടൻ
നാടന്,നാടൻ
നാടനും,നാടൻ
നാടവിര,നാടവിര
നാടാർ,നാടാർ
നാടാരെ,നാടാർ
നാടാരുടെ,നാടാർ
നാടാരും,നാടാർ
നാടുവാഴി,നാടുവാഴി
നാട്,നാട്
നാടിനെ,നാട്
നാടിനോട്,നാട്
നാടിന്,നാട്
നാടിന്റെ,നാട്
നാടിൽ,നാട്
നാടുകൾ,നാട്
നാടും,നാട്
നാടായ,നാട്
നാട്ട്,നാട്
നാട്,നാട്
നാടിനെ,നാട്
നാടിനോട്,നാട്
നാടിന്,നാട്
നാടിന്റെ,നാട്
നാടിൽ,നാട്
നാടുകൾ,നാട്
നാടും,നാട്
നാടായ,നാട്
നാട്ട്,നാട്
നാട്ട,നാട്ട
നാട്ടകം,നാട്ടകം
നാട്ടകവും,നാട്ടകം
നാട്ടകത്ത്,നാട്ടകം
നാട്ടക്കുറിഞ്ഞി,നാട്ടക്കുറിഞ്ഞി
നാട്ടാചാരം,നാട്ടാചാരം
നാട്ടാചാരങ്ങൾ,നാട്ടാചാരം
നാട്ടാന,നാട്ടാന
നാട്ടാർ,നാട്ടാർ
നാട്ടാരെ,നാട്ടാർ
നാട്ടാരുടെ,നാട്ടാർ
നാട്ടാരും,നാട്ടാർ
നാട്ടി,നാട്ടി
നാട്ടിൻപുറങ്ങൾ,നാട്ടിൻപുറം
നാട്ടിൻപുറവും,നാട്ടിൻപുറം
നാട്ടിൻപുറത്ത്,നാട്ടിൻപുറം
നാട്ടുക,നാട്ടുക
നാട്ടുന്നു,നാട്ടുക
നാട്ടുന്ന,നാട്ടുക
നാട്ടുകാരൻ,നാട്ടുകാരൻ
നാട്ടുകാരനെ,നാട്ടുകാരൻ
നാട്ടുകാരന്,നാട്ടുകാരൻ
നാട്ടുകാരനും,നാട്ടുകാരൻ
നാട്ടുക്കൂട്ടം,നാട്ടുക്കൂട്ടം
നാട്ടുനടപ്പ്,നാട്ടുനടപ്പ്
നാട്ടുനടപ്പിന്,നാട്ടുനടപ്പ്
നാട്ടുഭാഷ,നാട്ടുഭാഷ
നാട്ടുമ്പുറങ്ങൾ,നാട്ടുമ്പുറം
നാട്ടുമ്പുറത്ത്,നാട്ടുമ്പുറം
നാട്ടുവെളിച്ചം,നാട്ടുവെളിച്ചം
നാട്ടുവൈദ്യം,നാട്ടുവൈദ്യം
നാട്ടുവൈദ്യവും,നാട്ടുവൈദ്യം
നാട്യ,നാട്യ
നാട്യം,നാട്യം
നാട്യവും,നാട്യം
നാട്യധർമി,നാട്യധർമി
നാട്യശാസ്ത്രം,നാട്യശാസ്ത്രം
നാട്യശാസ്ത്രവും,നാട്യശാസ്ത്രം
നാട്യാചാര്യൻ,നാട്യാചാര്യൻ
നാട്യാചാര്യന്,നാട്യാചാര്യൻ
നാട്യാചാര്യന്റെ,നാട്യാചാര്യൻ
നാഡം,നാഡം
നാഡി,നാഡി
നാഡീ,നാഡി
നാഡിമിടിപ്പ്,നാഡിമിടിപ്പ്
നാഡിമിടിപ്പിന്റെ,നാഡിമിടിപ്പ്
നാഡിമിടിപ്പും,നാഡിമിടിപ്പ്
നാഡീ,നാഡീ
നാഡീജ്യോതിഷം,നാഡീജ്യോതിഷം
നാണം,നാണം
നാണവും,നാണം
നാണയം,നാണയം
നാണയങ്ങൾ,നാണയം
നാണയവും,നാണയം
നാണി,നാണി
നാണീ,നാണി
നാണിച്ചു,നാണിക്കുക
നാണിക്കുന്നു,നാണിക്കുക
നാണിക്കുന്ന,നാണിക്കുക
നാണ്യം,നാണ്യം
നാണ്യവും,നാണ്യം
നാത്തൂൻ,നാത്തൂൻ
നാത്തൂന്,നാത്തൂൻ
നാത്തൂന്റെ,നാത്തൂൻ
നാഥ,നാഥ
നാഥ,നാഥ
നാഥം,നാഥം
നാഥൻ,നാഥൻ
നാഥനെ,നാഥൻ
നാഥന്,നാഥൻ
നാഥന്റെ,നാഥൻ
നാഥനും,നാഥൻ
നാഥാ,നാഥൻ
നാഥൻ,നാഥൻ
നാഥനെ,നാഥൻ
നാഥന്,നാഥൻ
നാഥന്റെ,നാഥൻ
നാഥനും,നാഥൻ
നാഥാ,നാഥൻ
നാഥാ,നാഥാ
നാഥ്,നാഥ്
നാഥിനെ,നാഥ്
നാഥിന്,നാഥ്
നാഥിന്റെ,നാഥ്
നാഥും,നാഥ്
നാദ,നാദ
നാദം,നാദം
നാദവും,നാദം
നാദബ്രഹ്മം,നാദബ്രഹ്മം
നാദസ്വരം,നാദസ്വരം
നാദസ്വരവും,നാദസ്വരം
നാദി,നാദി
നാദിൻ,നാദിൻ
നാനാ,നാനാ
നാനാവിധം,നാനാവിധം
നാനൂർ,നാനൂർ
നാനൂരിൽ,നാനൂർ
നാനൂറ്,നാനൂർ
നാനൂറ്,നാനൂറ്
നാനൂറിന്റെ,നാനൂറ്
നാനൂറിന്റെ,നാനൂറ്
നാനൂറിൽ,നാനൂറ്
നാനൂറിൽ,നാനൂറ്
നാനൂറും,നാനൂറ്
നാനൂറാം,നാനൂറ്
നാന്തകം,നാന്തകം
നാന്ദകം,നാന്ദകം
നാന്ദി,നാന്ദി
നാഭ,നാഭ
നാഭി,നാഭി
നാഭി,നാഭി
നാമ,നാമ
നാമം,നാമം
നാമങ്ങൾ,നാമം
നാമവും,നാമം
നാമത്ത്,നാമം
നാമകരണം,നാമകരണം
നാമകരണവും,നാമകരണം
നാമജപം,നാമജപം
നാമജപവും,നാമജപം
നാമധാരി,നാമധാരി
നാമധേയം,നാമധേയം
നാമധേയവും,നാമധേയം
നാമനിർദേശം,നാമനിർദേശം
നാമനിർദേശങ്ങൾ,നാമനിർദേശം
നാമനിർദേശവും,നാമനിർദേശം
നാമനിർദേശപത്രിക,നാമനിർദേശപത്രിക
നാമാ,നാമൻ
നാമമാത്ര,നാമമാത്ര
നാമവിശേഷണം,നാമവിശേഷണം
നാമവിശേഷണങ്ങൾ,നാമവിശേഷണം
നാമസങ്കീർത്തനം,നാമസങ്കീർത്തനം
നാമസങ്കീർത്തനവും,നാമസങ്കീർത്തനം
നാമാ,നാമാ
നാമാവലി,നാമാവലി
നാമീ,നാമി
നാമ്നാ,നാമ്നാ
നായ,നായ
നായം,നായം
നായക,നായക
നായക,നായക
നായകക്കല്ലിൽ,നായകക്കല്ല്
നായകക്കല്ലിൽ,നായകക്കല്ല്
നായകൻ,നായകൻ
നായകനെ,നായകൻ
നായകനോട്,നായകൻ
നായകന്,നായകൻ
നായകന്റെ,നായകൻ
നായകന്മാർ,നായകൻ
നായകനും,നായകൻ
നായകാ,നായകൻ
നായനാർ,നായനാർ
നായനാരെ,നായനാർ
നായനാരുടെ,നായനാർ
നായനാരും,നായനാർ
നായന്,നായൻ
നായന്മാർ,നായൻ
നായർ,നായർ
നായരെ,നായർ
നായരോട്,നായർ
നായരുടെ,നായർ
നായരിൽ,നായർ
നായരും,നായർ
നായരേ,നായർ
നായർ,നായർ
നായരെ,നായർ
നായരോട്,നായർ
നായരുടെ,നായർ
നായരിൽ,നായർ
നായരും,നായർ
നായരേ,നായർ
നായാടി,നായാടി
നായാടുന്നു,നായാടുക
നായാട്ട്,നായാട്ട്
നായാട്ടിനെ,നായാട്ട്
നായാട്ടിന്,നായാട്ട്
നായാട്ടിന്റെ,നായാട്ട്
നായാട്ടിൽ,നായാട്ട്
നായാട്ടും,നായാട്ട്
നായാട്ട്,നായാട്ട്
നായാട്ടിനെ,നായാട്ട്
നായാട്ടിന്,നായാട്ട്
നായാട്ടിന്റെ,നായാട്ട്
നായാട്ടിൽ,നായാട്ട്
നായാട്ടും,നായാട്ട്
നായിക,നായിക
നായികാ,നായികാ
നായിക്കാ,നായിക്കൻ
നായിഡു,നായിഡു
നായിൻ,നായിൻ
നായിന്റെ,നായിൻ
നായ്,നായ്
നായിൻ,നായ്
നായിന്റെ,നായ്
നായും,നായ്
നായ്,നായ്
നായിൻ,നായ്
നായിന്റെ,നായ്
നായും,നായ്
നായ്ക്കൻ,നായ്ക്കൻ
നായ്ക്കനോട്,നായ്ക്കൻ
നായ്ക്കന്,നായ്ക്കൻ
നായ്ക്കനാൽ,നായ്ക്കൻ
നായ്ക്കന്മാർ,നായ്ക്കൻ
നാര,നാര
നാരം,നാരം
നാരക,നാരക
നാരകം,നാരകം
നാരകങ്ങൾ,നാരകം
നാരകത്ത്,നാരകം
നാരങ്ങ,നാരങ്ങ
നാരദൻ,നാരദൻ
നാരദനെ,നാരദൻ
നാരദനോട്,നാരദൻ
നാരദന്,നാരദൻ
നാരദന്റെ,നാരദൻ
നാരദനും,നാരദൻ
നാരദാ,നാരദൻ
നാരദീയ,നാരദീയ
നാരദീയം,നാരദീയം
നാരന്,നാരൻ
നാരനും,നാരൻ
നാരാ,നാരൻ
നാരസിംഹൻ,നാരസിംഹൻ
നാരായം,നാരായം
നാരായണ,നാരായണ
നാരായണൻ,നാരായണൻ
നാരായണനെ,നാരായണൻ
നാരായണനോട്,നാരായണൻ
നാരായണന്,നാരായണൻ
നാരായണന്റെ,നാരായണൻ
നാരായണനിൽ,നാരായണൻ
നാരായണനും,നാരായണൻ
നാരായണി,നാരായണി
നാരായണീ,നാരായണി
നാരായണീയം,നാരായണീയം
നാരായണീയവും,നാരായണീയം
നാരായവേര്,നാരായവേര്
നാരി,നാരി
നാരീ,നാരി
നാരീ,നാരീ
നാര്,നാര്
നാരിനെ,നാര്
നാരിന്,നാര്
നാരിൻ,നാര്
നാരിന്റെ,നാര്
നാരിൽ,നാര്
നാരുകൾ,നാര്
നാരും,നാര്
നാരായ,നാര്
നാര്,നാര്
നാരിനെ,നാര്
നാരിന്,നാര്
നാരിൻ,നാര്
നാരിന്റെ,നാര്
നാരിൽ,നാര്
നാരുകൾ,നാര്
നാരും,നാര്
നാരായ,നാര്
നാർ,നാർ
നാരിനെ,നാർ
നാരിന്,നാർ
നാരിൽ,നാർ
നാരുകൾ,നാർ
നാരും,നാർ
നാറാണത്തുഭ്രാന്തൻ,നാറാണത്തുഭ്രാന്തൻ
നാറാണത്തുഭ്രാന്തന്,നാറാണത്തുഭ്രാന്തൻ
നാറി,നാറുക
നാറുന്ന,നാറുക
നാറ്റം,നാറ്റം
നാറ്റങ്ങൾ,നാറ്റം
നാറ്റം,നാറ്റം
നാറ്റങ്ങൾ,നാറ്റം
നാറ്റിച്ചു,നാറ്റിക്കുക
നാല,നാല
നാല,നാല
നാലകത്ത്,നാലകം
നാലമ്പലം,നാലമ്പലം
നാലമ്പലങ്ങൾ,നാലമ്പലം
നാലമ്പലവും,നാലമ്പലം
നാലാം,നാലാം
നാലാമൻ,നാലാമൻ
നാലാമനെ,നാലാമൻ
നാലാമന്,നാലാമൻ
നാലാമന്റെ,നാലാമൻ
നാലാമനിൽ,നാലാമൻ
നാലാമനും,നാലാമൻ
നാലാമിടം,നാലാമിടം
നാലായിരം,നാലായിരം
നാലായിരവും,നാലായിരം
നാലാൾ,നാലാൾ
നാലാളോട്,നാലാൾ
നാലാളുടെ,നാലാൾ
നാലുകെട്ട്,നാലുകെട്ട്
നാലുകെട്ടിനെ,നാലുകെട്ട്
നാലുകെട്ടിന്റെ,നാലുകെട്ട്
നാലുകെട്ടിൽ,നാലുകെട്ട്
നാലുകെട്ടും,നാലുകെട്ട്
നാലുദിക്കും,നാലുദിക്ക്
നാലുപാടും,നാലുപാടും
നാലുമണിപ്പൂവും,നാലുമണിപ്പൂവ്
നാലുമുക്ക്,നാലുമുക്ക്
നാലുമുക്കിൽ,നാലുമുക്ക്
നാല്,നാല്
നാലിനെ,നാല്
നാലിനെ,നാല്
നാലോട്ട്,നാല്
നാലിന്,നാല്
നാലിന്,നാല്
നാലിന്റെ,നാല്
നാലിന്റെ,നാല്
നാലിൽ,നാല്
നാലിൽ,നാല്
നാലുകൾ,നാല്
നാലുകൾ,നാല്
നാലും,നാല്
നാലും,നാല്
നാലാം,നാല്
നാൽ,നാൽ
നാല്,നാൽ
നാൽ,നാൽ
നാല്,നാൽ
നാൽക്കവല,നാൽക്കവല
നാൽക്കാലി,നാൽക്കാലി
നാൽപ്പത്,നാൽപ്പത്
നാൽപ്പതുകൾ,നാൽപ്പത്
നാൽപ്പതാം,നാൽപ്പത്
നാൽവർ,നാൽവർ
നാള,നാള
നാളം,നാളം
നാളവും,നാളം
നാളായണി,നാളായണി
നാളി,നാളി
നാളി,നാളി
നാളീകേരം,നാളീകേരം
നാളീവ്രണം,നാളീവ്രണം
നാളീവ്രണങ്ങൾ,നാളീവ്രണം
നാളെ,നാളെ
നാൾ,നാൾ
നാളെ,നാൾ
നാളിന്റെ,നാൾ
നാളിൽ,നാൾ
നാളുകൾ,നാൾ
നാളും,നാൾ
നാളേക്ക്,നാൾ
നാളേ,നാൾ
നാൾ,നാൾ
നാളെ,നാൾ
നാളിന്റെ,നാൾ
നാളിൽ,നാൾ
നാളുകൾ,നാൾ
നാളും,നാൾ
നാളേക്ക്,നാൾ
നാളേ,നാൾ
നാൾക്കുനാൾ,നാൾക്കുനാൾ
നാൾവഴി,നാൾവഴി
നാഴി,നാഴി
നാഴി,നാഴി
നാഴിക,നാഴിക
നാഴികക്കല്ല്,നാഴികക്കല്ല്
നാഴികക്കല്ലുകൾ,നാഴികക്കല്ല്
നാഴികക്കല്ലുകൾ,നാഴികക്കല്ല്
നാഴികക്കല്ലും,നാഴികക്കല്ല്
നാഴികക്കല്ലും,നാഴികക്കല്ല്
നാഴികക്കല്ലായ,നാഴികക്കല്ല്
നാഴികമണി,നാഴികമണി
നാവത്ത്,നാവം
നാവനം,നാവനം
നാവാ,നാവൻ
നാവിക,നാവിക
നാവികൻ,നാവികൻ
നാവികനെ,നാവികൻ
നാവികന്,നാവികൻ
നാവികന്റെ,നാവികൻ
നാവികനും,നാവികൻ
നാവികസൈന്യം,നാവികസൈന്യം
നാവികസൈന്യവും,നാവികസൈന്യം
നാവ്,നാവ്
നാവിനെ,നാവ്
നാവിനോട്,നാവ്
നാവിന്,നാവ്
നാവിന്റെ,നാവ്
നാവിൽ,നാവ്
നാവുകൾ,നാവ്
നാവും,നാവ്
നാവ്,നാവ്
നാവിനെ,നാവ്
നാവിനോട്,നാവ്
നാവിന്,നാവ്
നാവിന്റെ,നാവ്
നാവിൽ,നാവ്
നാവുകൾ,നാവ്
നാവും,നാവ്
നാശ,നാശ
നാശം,നാശം
നാശങ്ങൾ,നാശം
നാശവും,നാശം
നാശന,നാശന
നാശന,നാശന
നാശനം,നാശനം
നാശി,നാശി
നാസ,നാസ
നാസ,നാസ
നാസാ,നാസാ
നാസി,നാസി
നാസ്തി,നാസ്തി
നാസ്തിക,നാസ്തിക
നി,നി
നീ,നി
നിക,നിക
നികന്നു,നികക്കുക
നികത്തുക,നികത്തുക
നികത്തി,നികത്തുക
നികത്തുന്നു,നികത്തുക
നികത്തുന്ന,നികത്തുക
നികത്തുക,നികത്തുക
നികത്തി,നികത്തുക
നികത്തുന്നു,നികത്തുക
നികത്തുന്ന,നികത്തുക
നികായം,നികായം
നികുഞ്ജം,നികുഞ്ജം
നികൃഷ്ട,നികൃഷ്ട
നികൃഷ്ട,നികൃഷ്ട
നിക്ഷിപ്ത,നിക്ഷിപ്ത
നിക്ഷേപം,നിക്ഷേപം
നിക്ഷേപങ്ങൾ,നിക്ഷേപം
നിക്ഷേപവും,നിക്ഷേപം
നിക്ഷേപകൻ,നിക്ഷേപകൻ
നിക്ഷേപകനെ,നിക്ഷേപകൻ
നിക്ഷേപകന്,നിക്ഷേപകൻ
നിക്ഷേപകന്റെ,നിക്ഷേപകൻ
നിക്ഷേപകനും,നിക്ഷേപകൻ
നിക്ഷേപണവും,നിക്ഷേപണം
നിക്ഷേപിക്കുക,നിക്ഷേപിക്കുക
നിക്ഷേപിച്ചു,നിക്ഷേപിക്കുക
നിക്ഷേപിക്കുന്നു,നിക്ഷേപിക്കുക
നിക്ഷേപിക്കുന്ന,നിക്ഷേപിക്കുക
നിഖില,നിഖില
നിഗദിതം,നിഗദിതം
നിഗമം,നിഗമം
നിഗമനം,നിഗമനം
നിഗമനങ്ങൾ,നിഗമനം
നിഗമനവും,നിഗമനം
നിഗൂഢ,നിഗൂഢ
നിഗൂഢവും,നിഗൂഢം
നിഗൂഹനം,നിഗൂഹനം
നിഗ്രഹ,നിഗ്രഹ
നിഗ്രഹം,നിഗ്രഹം
നിഗ്രഹവും,നിഗ്രഹം
നിഗ്രഹിച്ചു,നിഗ്രഹിക്കുക
നിഗ്രഹിക്കുന്നു,നിഗ്രഹിക്കുക
നിഗ്രഹിക്കുന്ന,നിഗ്രഹിക്കുക
നിഘണ്ടു,നിഘണ്ടു
നിങ്ങൾ,നിങ്ങൾ
നിങ്ങളെ,നിങ്ങൾ
നിങ്ങളോട്,നിങ്ങൾ
നിങ്ങളുടെ,നിങ്ങൾ
നിങ്ങളിൽ,നിങ്ങൾ
നിങ്ങളും,നിങ്ങൾ
നിജ,നിജ
നിജം,നിജം
നിജവും,നിജം
നിണം,നിണം
നിണം,നിണം
നിത,നിത
നിതംബ,നിതംബ
നിതംബം,നിതംബം
നിതരാം,നിതരാം
നിതാ,നിതാ
നിതാന്ത,നിതാന്ത
നിതാന്തം,നിതാന്തം
നിത്യ,നിത്യ
നിത്യ,നിത്യ
നിത്യം,നിത്യം
നിത്യവും,നിത്യം
നിത്യകല്യാണി,നിത്യകല്യാണി
നിത്യകാലം,നിത്യകാലം
നിത്യച്ചെലവിന്,നിത്യച്ചെലവ്
നിത്യദാനം,നിത്യദാനം
നിത്യനിദാനം,നിത്യനിദാനം
നിത്യന്,നിത്യൻ
നിത്യനും,നിത്യൻ
നിത്യാ,നിത്യൻ
നിത്യവും,നിത്യവും
നിത്യവൃത്തി,നിത്യവൃത്തി
നിത്യവ്രതം,നിത്യവ്രതം
നിത്യശ്രീ,നിത്യശ്രീ
നിത്യാനന്ദം,നിത്യാനന്ദം
നിത്യാനിത്യം,നിത്യാനിത്യം
നിത്യാഭ്യാസം,നിത്യാഭ്യാസം
നിത്യാരാധന,നിത്യാരാധന
നിദർശനം,നിദർശനം
നിദാന,നിദാന
നിദാനം,നിദാനം
നിദ്ര,നിദ്ര
നിദ്ര,നിദ്ര
നിദ്രാ,നിദ്രാ
നിദ്രാഭംഗം,നിദ്രാഭംഗം
നിദ്രിത,നിദ്രിത
നിധാനം,നിധാനം
നിധി,നിധി
നിധി,നിധി
നിധീശന്,നിധീശൻ
നിനയ്ക്കുന്നു,നിനയ്ക്കുക
നിനവിൽ,നിനവ്
നിന്ദ,നിന്ദ
നിന്ദന,നിന്ദന
നിന്ദനവും,നിന്ദനം
നിന്ദാ,നിന്ദാ
നിന്ദിക്കുക,നിന്ദിക്കുക
നിന്ദിച്ചു,നിന്ദിക്കുക
നിന്ദിക്കുന്നു,നിന്ദിക്കുക
നിന്ദിക്കുന്ന,നിന്ദിക്കുക
നിന്ന്,നിന്ന്
നിന്നാൽ,നിന്ന്
നിന്നിൽ,നിന്ന്
നിന്നും,നിന്ന്
നിൻ,നിൻ
നിനെ,നിൻ
നിന്,നിൻ
നിനാൽ,നിൻ
നിന്റെ,നിൻ
നിനും,നിൻ
നിപതിച്ചു,നിപതിക്കുക
നിപതിക്കുന്ന,നിപതിക്കുക
നിപുണ,നിപുണ
നിപുണ,നിപുണ
നിപുണം,നിപുണം
നിപുണന്,നിപുണൻ
നിപുണന്റെ,നിപുണൻ
നിപുണനും,നിപുണൻ
നിബന്ധന,നിബന്ധന
നിബന്ധന,നിബന്ധന
നിമജ്ജനം,നിമജ്ജനം
നിമജ്ജനവും,നിമജ്ജനം
നിമയം,നിമയം
നിമി,നിമി
നിമീ,നിമി
നിമിഷ,നിമിഷ
നിമിഷം,നിമിഷം
നിമിഷങ്ങൾ,നിമിഷം
നിമിഷവും,നിമിഷം
നിമിഷം,നിമിഷം
നിമിഷങ്ങൾ,നിമിഷം
നിമിഷവും,നിമിഷം
നിമിഷാ,നിമിഷൻ
നിമ്ന,നിമ്ന
നിയത,നിയത
നിയത,നിയത
നിയതം,നിയതം
നിയതി,നിയതി
നിയന്താവ്,നിയന്താവ്
നിയന്താവും,നിയന്താവ്
നിയന്ത്രണ,നിയന്ത്രണ
നിയന്ത്രണ,നിയന്ത്രണ
നിയന്ത്രണം,നിയന്ത്രണം
നിയന്ത്രണങ്ങൾ,നിയന്ത്രണം
നിയന്ത്രണവും,നിയന്ത്രണം
നിയന്ത്രിക്കുക,നിയന്ത്രിക്കുക
നിയന്ത്രിച്ചു,നിയന്ത്രിക്കുക
നിയന്ത്രിക്കുന്നു,നിയന്ത്രിക്കുക
നിയന്ത്രിക്കുന്ന,നിയന്ത്രിക്കുക
നിയന്ത്രിത,നിയന്ത്രിത
നിയന്ത്രിത,നിയന്ത്രിത
നിയമ,നിയമ
നിയമം,നിയമം
നിയമങ്ങൾ,നിയമം
നിയമവും,നിയമം
നിയമനിർമാണം,നിയമനിർമാണം
നിയമനിർമാണവും,നിയമനിർമാണം
നിയമലംഘനം,നിയമലംഘനം
നിയമലംഘനങ്ങൾ,നിയമലംഘനം
നിയമലംഘനവും,നിയമലംഘനം
നിയമവകുപ്പ്,നിയമവകുപ്പ്
നിയമവകുപ്പിന്,നിയമവകുപ്പ്
നിയമവകുപ്പിന്റെ,നിയമവകുപ്പ്
നിയമവകുപ്പും,നിയമവകുപ്പ്
നിയമവിഭാഗം,നിയമവിഭാഗം
നിയമവെടി,നിയമവെടി
നിയമസഭ,നിയമസഭ
നിയമസഭാംഗം,നിയമസഭാംഗം
നിയമസഭാംഗങ്ങൾ,നിയമസഭാംഗം
നിയമസഭാംഗവും,നിയമസഭാംഗം
നിയമിക്കുക,നിയമിക്കുക
നിയമിച്ചു,നിയമിക്കുക
നിയമിക്കുന്നു,നിയമിക്കുക
നിയമിക്കുന്ന,നിയമിക്കുക
നിയമിത,നിയമിത
നിയമേന,നിയമേന
നിയാമക,നിയാമക
നിയാമകനും,നിയാമകൻ
നിയുക്ത,നിയുക്ത
നിയുക്ത,നിയുക്ത
നിയുക്തി,നിയുക്തി
നിയോഗം,നിയോഗം
നിയോഗിക്കുന്നു,നിയോഗിക്കുക
നിയോഗിക്കുന്ന,നിയോഗിക്കുക
നിര,നിര
നിര,നിര
നിരക്കുന്നു,നിരക്കുക
നിരക്കുന്ന,നിരക്കുക
നിരക്കി,നിരക്കുക
നിരന്നു,നിരക്കുക
നിരക്കുന്നു,നിരക്കുക
നിരക്കുന്ന,നിരക്കുക
നിരക്കി,നിരക്കുക
നിരന്നു,നിരക്കുക
നിരക്ക്,നിരക്ക്
നിരക്കിനെ,നിരക്ക്
നിരക്കിന്,നിരക്ക്
നിരക്കിന്റെ,നിരക്ക്
നിരക്കിൽ,നിരക്ക്
നിരക്കുകൾ,നിരക്ക്
നിരക്കും,നിരക്ക്
നിരക്കായ,നിരക്ക്
നിരക്ഷര,നിരക്ഷര
നിരഞ്ജന,നിരഞ്ജന
നിരഞ്ജനം,നിരഞ്ജനം
നിരത,നിരത
നിരതദ്രവ്യം,നിരതദ്രവ്യം
നിരത്തൽ,നിരത്തൽ
നിരത്തല്,നിരത്തൽ
നിരത്ത്,നിരത്ത്
നിരത്തിന്,നിരത്ത്
നിരത്തിന്റെ,നിരത്ത്
നിരത്തിൽ,നിരത്ത്
നിരത്തുകൾ,നിരത്ത്
നിരത്തും,നിരത്ത്
നിരത്താം,നിരത്ത്
നിരത്തുക,നിരത്ത്
നിരന്തം,നിരന്തം
നിരപ്പലക,നിരപ്പലക
നിരപ്പ്,നിരപ്പ്
നിരപ്പിനോട്,നിരപ്പ്
നിരപ്പിന്,നിരപ്പ്
നിരപ്പിന്റെ,നിരപ്പ്
നിരപ്പിൽ,നിരപ്പ്
നിരപ്പും,നിരപ്പ്
നിരപ്പായ,നിരപ്പ്
നിരമിത്രൻ,നിരമിത്രൻ
നിരവധി,നിരവധി
നിരസനം,നിരസനം
നിരസിക്കുക,നിരസിക്കുക
നിരസിച്ചു,നിരസിക്കുക
നിരസിക്കുന്നു,നിരസിക്കുക
നിരസിക്കുന്ന,നിരസിക്കുക
നിരാകരിക്കുക,നിരാകരിക്കുക
നിരാകരിച്ചു,നിരാകരിക്കുക
നിരാകരിക്കുന്നു,നിരാകരിക്കുക
നിരാകരിക്കുന്ന,നിരാകരിക്കുക
നിരാകാരവും,നിരാകാരം
നിരാധാര,നിരാധാര
നിരാമയ,നിരാമയ
നിരാമയന്,നിരാമയൻ
നിരാമയനും,നിരാമയൻ
നിരാലംബ,നിരാലംബ
നിരാശ,നിരാശ
നിരാസം,നിരാസം
നിരാസവും,നിരാസം
നിരാഹാര,നിരാഹാര
നിരീക്ഷ,നിരീക്ഷ
നിരീക്ഷക,നിരീക്ഷക
നിരീക്ഷിക്കുക,നിരീക്ഷിക്കുക
നിരീക്ഷിച്ചു,നിരീക്ഷിക്കുക
നിരീക്ഷിക്കുന്നു,നിരീക്ഷിക്കുക
നിരീക്ഷിക്കുന്ന,നിരീക്ഷിക്കുക
നിരീശ്വര,നിരീശ്വര
നിരീശ്വരൻ,നിരീശ്വരൻ
നിരീശ്വരനെ,നിരീശ്വരൻ
നിരീശ്വരന്റെ,നിരീശ്വരൻ
നിരീഷങ്ങൾ,നിരീഷം
നിരുക്ത,നിരുക്ത
നിരുക്ത,നിരുക്ത
നിരുക്തം,നിരുക്തം
നിരുപദ്രവ,നിരുപദ്രവ
നിരുപമ,നിരുപമ
നിരുപാധിക,നിരുപാധിക
നിരുപാധികം,നിരുപാധികം
നിരുപാധികവും,നിരുപാധികം
നിരുപാധികന്,നിരുപാധികൻ
നിരൂപകൻ,നിരൂപകൻ
നിരൂപകന്,നിരൂപകൻ
നിരൂപകന്റെ,നിരൂപകൻ
നിരൂപകനും,നിരൂപകൻ
നിരൂപണം,നിരൂപണം
നിരൂപണങ്ങൾ,നിരൂപണം
നിരൂപണവും,നിരൂപണം
നിരൂപിച്ചു,നിരൂപിക്കുക
നിരോധനം,നിരോധനം
നിരോധനവും,നിരോധനം
നിരോധനാജ്ഞ,നിരോധനാജ്ഞ
നിരോധിച്ചു,നിരോധിക്കുക
നിര്യതി,നിര്യതി
നിര്യാണം,നിര്യാണം
നിര്യാണവും,നിര്യാണം
നിര്യാസം,നിര്യാസം
നിർ,നിർ
നിരും,നിർ
നിർ,നിർ
നിരും,നിർ
നിർഗുണനും,നിർഗുണൻ
നിർജീവ,നിർജീവ
നിർണയ,നിർണയ
നിർണയം,നിർണയം
നിർണയവും,നിർണയം
നിർണയിക്കുക,നിർണയിക്കുക
നിർണയിച്ചു,നിർണയിക്കുക
നിർണയിക്കുന്നു,നിർണയിക്കുക
നിർണയിക്കുന്ന,നിർണയിക്കുക
നിർണായക,നിർണായക
നിർദയം,നിർദയം
നിർദാക്ഷിണ്യം,നിർദാക്ഷിണ്യം
നിർദിഷ്ട,നിർദിഷ്ട
നിർദേശ,നിർദേശ
നിർദേശം,നിർദേശം
നിർദേശങ്ങൾ,നിർദേശം
നിർദേശവും,നിർദേശം
നിർദേശിക്കുക,നിർദേശിക്കുക
നിർദേശിച്ചു,നിർദേശിക്കുക
നിർദേശിക്കുന്നു,നിർദേശിക്കുക
നിർദേശിക്കുന്ന,നിർദേശിക്കുക
നിർധന,നിർധന
നിർധനനും,നിർധനൻ
നിർധാരണം,നിർധാരണം
നിർബദ്ധ,നിർബദ്ധ
നിർബന്ധം,നിർബന്ധം
നിർബന്ധവും,നിർബന്ധം
നിർബന്ധിക്കുക,നിർബന്ധിക്കുക
നിർബന്ധിച്ചു,നിർബന്ധിക്കുക
നിർബന്ധിക്കുന്നു,നിർബന്ധിക്കുക
നിർബന്ധിക്കുന്ന,നിർബന്ധിക്കുക
നിർബന്ധിത,നിർബന്ധിത
നിർബാധം,നിർബാധം
നിർഭയ,നിർഭയ
നിർഭയം,നിർഭയം
നിർഭയവും,നിർഭയം
നിർഭരം,നിർഭരം
നിർഭാഗ്യ,നിർഭാഗ്യ
നിർഭാഗ്യവാനും,നിർഭാഗ്യവാൻ
നിർമമത,നിർമമത
നിർമല,നിർമല
നിർമലൻ,നിർമലൻ
നിർമലാ,നിർമലൻ
നിർമാണം,നിർമാണം
നിർമാണങ്ങൾ,നിർമാണം
നിർമാണവും,നിർമാണം
നിർമാതാവ്,നിർമാതാവ്
നിർമാതാവിനെ,നിർമാതാവ്
നിർമാതാവിന്,നിർമാതാവ്
നിർമാതാവിന്റെ,നിർമാതാവ്
നിർമാതാവും,നിർമാതാവ്
നിർമാതാവായ,നിർമാതാവ്
നിർമാർജനം,നിർമാർജനം
നിർമാർജനവും,നിർമാർജനം
നിർമാല്യ,നിർമാല്യ
നിർമാല്യം,നിർമാല്യം
നിർമിക്കുക,നിർമിക്കുക
നിർമിച്ചു,നിർമിക്കുക
നിർമിക്കുന്നു,നിർമിക്കുക
നിർമിക്കുന്ന,നിർമിക്കുക
നിർമിത,നിർമിത
നിർമിതവും,നിർമിതം
നിർമിതി,നിർമിതി
നിർലജ്ജം,നിർലജ്ജം
നിർവചന,നിർവചന
നിർവചനം,നിർവചനം
നിർവചനങ്ങൾ,നിർവചനം
നിർവചനവും,നിർവചനം
നിർവചിക്കുക,നിർവചിക്കുക
നിർവചിച്ചു,നിർവചിക്കുക
നിർവചിക്കുന്നു,നിർവചിക്കുക
നിർവചിക്കുന്ന,നിർവചിക്കുക
നിർവഹണം,നിർവഹണം
നിർവഹണവും,നിർവഹണം
നിർവഹിക്കുക,നിർവഹിക്കുക
നിർവഹിച്ചു,നിർവഹിക്കുക
നിർവഹിക്കുന്നു,നിർവഹിക്കുക
നിർവഹിക്കുന്ന,നിർവഹിക്കുക
നിർവാണ,നിർവാണ
നിർവാണം,നിർവാണം
നിർവാഹ,നിർവാഹ
നിർവാഹക,നിർവാഹക
നിർവീര്യ,നിർവീര്യ
നിർവൃതി,നിർവൃതി
നിർവേദം,നിർവേദം
നിർവ്യാജം,നിർവ്യാജം
നിറ,നിറ
നിറ,നിറ
നിറം,നിറം
നിറങ്ങൾ,നിറം
നിറവും,നിറം
നിറം,നിറം
നിറങ്ങൾ,നിറം
നിറവും,നിറം
നിറകതിർ,നിറകതിർ
നിറകുടം,നിറകുടം
നിറക്കുക,നിറക്കുക
നിറച്ചു,നിറക്കുക
നിറക്കുന്നു,നിറക്കുക
നിറക്കുന്ന,നിറക്കുക
നിറക്കൂട്ട്,നിറക്കൂട്ട്
നിറക്കൂട്ടിൽ,നിറക്കൂട്ട്
നിറക്കൂട്ടുകൾ,നിറക്കൂട്ട്
നിറപറ,നിറപറ
നിറമാല,നിറമാല
നിറയ,നിറയ
നിറയുക,നിറയുക
നിറഞ്ഞു,നിറയുക
നിറയുന്നു,നിറയുക
നിറയുന്ന,നിറയുക
നിറയെ,നിറയെ
നിറയൊഴിക്കുന്ന,നിറയൊഴിക്കുക
നിറയ്ക്കുക,നിറയ്ക്കുക
നിറയ്ക്കുന്നു,നിറയ്ക്കുക
നിറയ്ക്കുന്ന,നിറയ്ക്കുക
നിറയ്ക്കുക,നിറയ്ക്കുക
നിറയ്ക്കുന്നു,നിറയ്ക്കുക
നിറയ്ക്കുന്ന,നിറയ്ക്കുക
നിറവേറുക,നിറവേറുക
നിറവേറി,നിറവേറുക
നിറവേറുന്ന,നിറവേറുക
നിറവ്,നിറവ്
നിറവിനെ,നിറവ്
നിറവിന്റെ,നിറവ്
നിറവിൽ,നിറവ്
നിറവും,നിറവ്
നിറുത്തുക,നിറുത്തുക
നിറുത്തി,നിറുത്തുക
നിറുത്തുന്നു,നിറുത്തുക
നിറുത്തുന്ന,നിറുത്തുക
നിറുത്തുക,നിറുത്തുക
നിറുത്തി,നിറുത്തുക
നിറുത്തുന്നു,നിറുത്തുക
നിറുത്തുന്ന,നിറുത്തുക
നില,നില
നിലം,നിലം
നിലങ്ങൾ,നിലം
നിലവും,നിലം
നിലത്തു്,നിലം
നിലത്ത്,നിലം
നിലത്തെഴുത്ത്,നിലത്തെഴുത്ത്
നിലനിറുത്തുക,നിലനിറുത്തുക
നിലനിറുത്തി,നിലനിറുത്തുക
നിലനിറുത്തുന്നു,നിലനിറുത്തുക
നിലനിറുത്തുന്ന,നിലനിറുത്തുക
നിലനിൽക്കുക,നിലനിൽക്കുക
നിലനിൽക്കുന്നു,നിലനിൽക്കുക
നിലനിൽക്കുന്ന,നിലനിൽക്കുക
നിലപാട്,നിലപാട്
നിലപാടിനെ,നിലപാട്
നിലപാടിനോട്,നിലപാട്
നിലപാടിന്,നിലപാട്
നിലപാടിന്റെ,നിലപാട്
നിലപാടിൽ,നിലപാട്
നിലപാടുകൾ,നിലപാട്
നിലപാടും,നിലപാട്
നിലപാടായ,നിലപാട്
നിലമ,നിലമ
നിലയ,നിലയ
നിലയം,നിലയം
നിലയങ്ങൾ,നിലയം
നിലയവും,നിലയം
നിലയനം,നിലയനം
നിലയ്ക്കുക,നിലയ്ക്കുക
നിലയ്ക്കുന്നു,നിലയ്ക്കുക
നിലയ്ക്കുന്ന,നിലയ്ക്കുക
നിലവറ,നിലവറ
നിലവല്,നിലവൽ
നിലവാരം,നിലവാരം
നിലവാരങ്ങൾ,നിലവാരം
നിലവാരവും,നിലവാരം
നിലവിളക്ക്,നിലവിളക്ക്
നിലവിളക്കിനെ,നിലവിളക്ക്
നിലവിളക്കിനോട്,നിലവിളക്ക്
നിലവിളക്കിന്,നിലവിളക്ക്
നിലവിളക്കിന്റെ,നിലവിളക്ക്
നിലവിളക്കിൽ,നിലവിളക്ക്
നിലവിളക്കുകൾ,നിലവിളക്ക്
നിലവിളക്കും,നിലവിളക്ക്
നിലവിളി,നിലവിളി
നിലവിളി,നിലവിളി
നിലവിളിച്ചു,നിലവിളിക്കുക
നിലവിളിക്കുന്ന,നിലവിളിക്കുക
നിലവ്,നിലവ്
നിലവിൻ,നിലവ്
നിലവിൽ,നിലവ്
നിലവും,നിലവ്
നിലാം,നിലാം
നിലാവും,നിലാം
നിൽ,നിൽ
നില്,നിൽ
നിൽക്കുക,നിൽക്കുക
നിൽക്കുന്നു,നിൽക്കുക
നിൽക്കുന്ന,നിൽക്കുക
നിഴലാട്ടം,നിഴലാട്ടം
നിഴലിച്ചു,നിഴലിക്കുക
നിഴലിക്കുന്നു,നിഴലിക്കുക
നിഴലിക്കുന്ന,നിഴലിക്കുക
നിഴൽ,നിഴൽ
നിഴല്,നിഴൽ
നിഴൽ,നിഴൽ
നിഴല്,നിഴൽ
നിഴൽക്കൂത്തിൽ,നിഴൽക്കൂത്ത്
നിവർന്നു,നിവരുക
നിവര്ന്നു,നിവരുക
നിവരുന്ന,നിവരുക
നിവരും,നിവർ
നിവർക്കുന്ന,നിവർക്കുക
നിവർന്നു,നിവർക്കുക
നിവർത്തിക്കുന്ന,നിവർത്തിക്കുക
നിവർത്തി,നിവർത്തുക
നിവർത്തുന്നു,നിവർത്തുക
നിവർത്തുന്ന,നിവർത്തുക
നിവസിക്കുക,നിവസിക്കുക
നിവസിച്ചു,നിവസിക്കുക
നിവസിക്കുന്നു,നിവസിക്കുക
നിവസിക്കുന്ന,നിവസിക്കുക
നിവാരണ,നിവാരണ
നിവാരണം,നിവാരണം
നിവാരണവും,നിവാരണം
നിവാസ,നിവാസ
നിവാസവും,നിവാസം
നിവാസി,നിവാസി
നിവൃത്തി,നിവൃത്തി
നിവൃത്തി,നിവൃത്തി
നിവേദക,നിവേദക
നിവേദകസംഘം,നിവേദകസംഘം
നിവേദന,നിവേദന
നിവേദനം,നിവേദനം
നിവേദനങ്ങൾ,നിവേദനം
നിവേദനവും,നിവേദനം
നിവേദിച്ചു,നിവേദിക്കുക
നിവേദിക്കുന്നു,നിവേദിക്കുക
നിവേദിക്കുന്ന,നിവേദിക്കുക
നിവേദിത,നിവേദിത
നിവേദ്യ,നിവേദ്യ
നിവേദ്യം,നിവേദ്യം
നിവേദ്യങ്ങൾ,നിവേദ്യം
നിവേദ്യവും,നിവേദ്യം
നിശ,നിശ
നിശ,നിശ
നിശാ,നിശാ
നിശിത,നിശിത
നിശിതം,നിശിതം
നിശിതവും,നിശിതം
നിശീഥിനീ,നിശീഥിനി
നിശുംഭന്,നിശുംഭൻ
നിശുംഭനും,നിശുംഭൻ
നിശ്ചയ,നിശ്ചയ
നിശ്ചയം,നിശ്ചയം
നിശ്ചയങ്ങൾ,നിശ്ചയം
നിശ്ചയവും,നിശ്ചയം
നിശ്ചയാത്മക,നിശ്ചയാത്മക
നിശ്ചയിക്കുക,നിശ്ചയിക്കുക
നിശ്ചയിച്ചു,നിശ്ചയിക്കുക
നിശ്ചയിക്കുന്നു,നിശ്ചയിക്കുക
നിശ്ചയിക്കുന്ന,നിശ്ചയിക്കുക
നിശ്ചല,നിശ്ചല
നിശ്ചിത,നിശ്ചിത
നിശ്ചിത,നിശ്ചിത
നിശ്ചിതവും,നിശ്ചിതം
നിശ്ചേഷ്ട,നിശ്ചേഷ്ട
നിശ്ശബ്ദ,നിശ്ശബ്ദ
നിശ്ശബ്ദം,നിശ്ശബ്ദം
നിശ്ശബ്ദവും,നിശ്ശബ്ദം
നിശ്ശബ്ദത,നിശ്ശബ്ദത
നിശ്ശേഷം,നിശ്ശേഷം
നിഷാദം,നിഷാദം
നിഷാദനെ,നിഷാദൻ
നിഷാദാ,നിഷാദൻ
നിഷാദി,നിഷാദി
നിഷാദിനെ,നിഷാദിൻ
നിഷാദിന്,നിഷാദിൻ
നിഷാദിന്റെ,നിഷാദിൻ
നിഷിദ്ധ,നിഷിദ്ധ
നിഷിദ്ധ,നിഷിദ്ധ
നിഷേധ,നിഷേധ
നിഷേധം,നിഷേധം
നിഷേധങ്ങൾ,നിഷേധം
നിഷേധവും,നിഷേധം
നിഷേധിക്കുക,നിഷേധിക്കുക
നിഷേധിച്ചു,നിഷേധിക്കുക
നിഷേധിക്കുന്നു,നിഷേധിക്കുക
നിഷേധിക്കുന്ന,നിഷേധിക്കുക
നിഷ്കരുണം,നിഷ്കരുണം
നിഷ്കർഷണം,നിഷ്കർഷണം
നിഷ്കർഷിച്ചു,നിഷ്കർഷിക്കുക
നിഷ്കർഷിക്കുന്നു,നിഷ്കർഷിക്കുക
നിഷ്കർഷിക്കുന്ന,നിഷ്കർഷിക്കുക
നിഷ്കളങ്ക,നിഷ്കളങ്ക
നിഷ്കളങ്കന്,നിഷ്കളങ്കൻ
നിഷ്കളങ്കനും,നിഷ്കളങ്കൻ
നിഷ്കളനും,നിഷ്കളൻ
നിഷ്കാമ,നിഷ്കാമ
നിഷ്കാസനം,നിഷ്കാസനം
നിഷ്ക്രമിച്ചു,നിഷ്ക്രമിക്കുക
നിഷ്ക്രിയ,നിഷ്ക്രിയ
നിഷ്ക്രിയനും,നിഷ്ക്രിയൻ
നിഷ്ഠ,നിഷ്ഠ
നിഷ്ഠ,നിഷ്ഠ
നിഷ്ഠനും,നിഷ്ഠൻ
നിഷ്ഠൂര,നിഷ്ഠൂര
നിഷ്ഠൂര,നിഷ്ഠൂര
നിഷ്ഠൂരം,നിഷ്ഠൂരം
നിഷ്ഠൂരവും,നിഷ്ഠൂരം
നിഷ്പക്ഷ,നിഷ്പക്ഷ
നിഷ്പത്തി,നിഷ്പത്തി
നിഷ്പത്തി,നിഷ്പത്തി
നിഷ്പാദിപ്പിക്കുന്നു,നിഷ്പാദിപ്പിക്കുക
നിഷ്പാദിപ്പിക്കുന്ന,നിഷ്പാദിപ്പിക്കുക
നിഷ്പ്രാണ,നിഷ്പ്രാണ
നിഷ്ഫല,നിഷ്ഫല
നിസർഗ,നിസർഗ
നിസ്കരിച്ചു,നിസ്കരിക്കുക
നിസ്തന്ദ്രം,നിസ്തന്ദ്രം
നിസ്തന്ദ്രവും,നിസ്തന്ദ്രം
നിസ്സംഗ,നിസ്സംഗ
നിസ്സംശയം,നിസ്സംശയം
നിസ്സഹകരണം,നിസ്സഹകരണം
നിസ്സഹകരണവും,നിസ്സഹകരണം
നിസ്സഹകരിച്ചു,നിസ്സഹകരിക്കുക
നിസ്സഹകരിക്കുന്നു,നിസ്സഹകരിക്കുക
നിസ്സഹായ,നിസ്സഹായ
നിസ്സഹായത,നിസ്സഹായത
നിസ്സാര,നിസ്സാര
നിസ്സാരം,നിസ്സാരം
നിസ്സാരവും,നിസ്സാരം
നിസ്സീമ,നിസ്സീമ
നീ,നീ
നീ,നീ
നീകം,നീകം
നീക്ക,നീക്ക
നീക്കം,നീക്കം
നീക്കങ്ങൾ,നീക്കം
നീക്കവും,നീക്കം
നീക്കൽ,നീക്കൽ
നീക്കല്,നീക്കൽ
നീക്കിയിരിപ്പ്,നീക്കിയിരിപ്പ്
നീക്കിയിരിപ്പിനെ,നീക്കിയിരിപ്പ്
നീക്കിയിരിപ്പുകൾ,നീക്കിയിരിപ്പ്
നീക്കിയിരിപ്പും,നീക്കിയിരിപ്പ്
നീക്കുക,നീക്കുക
നീക്കുന്നു,നീക്കുക
നീക്കുന്ന,നീക്കുക
നീക്കി,നീക്കുക
നീക്കുക,നീക്കുക
നീക്കുന്നു,നീക്കുക
നീക്കുന്ന,നീക്കുക
നീക്കി,നീക്കുക
നീക്ക്,നീക്ക്
നീക്കും,നീക്ക്
നീക്കാം,നീക്ക്
നീക്കുക,നീക്ക്
നീങ്ങുക,നീങ്ങുക
നീങ്ങുന്നു,നീങ്ങുക
നീങ്ങുന്ന,നീങ്ങുക
നീങ്ങുക,നീങ്ങുക
നീങ്ങുന്നു,നീങ്ങുക
നീങ്ങുന്ന,നീങ്ങുക
നീച,നീച
നീച,നീച
നീചം,നീചം
നീചവും,നീചം
നീചനും,നീചൻ
നീചാ,നീചൻ
നീചരാശി,നീചരാശി
നീട്ടം,നീട്ടം
നീട്ടൽ,നീട്ടൽ
നീട്ട്,നീട്ട്
നീട്ടും,നീട്ട്
നീട്ടാം,നീട്ട്
നീട്ടുക,നീട്ട്
നീണാൾ,നീണാൾ
നീണാൽ,നീൺ
നീത,നീത
നീതാ,നീതൻ
നീതി,നീതി
നീതി,നീതി
നീതികേട്,നീതികേട്
നീതികേടിനോട്,നീതികേട്
നീതികേടിന്റെ,നീതികേട്
നീതികേടും,നീതികേട്
നീതിന്യായം,നീതിന്യായം
നീതിന്യായവും,നീതിന്യായം
നീതിപീഠം,നീതിപീഠം
നീതിപീഠങ്ങൾ,നീതിപീഠം
നീതിപീഠവും,നീതിപീഠം
നീതിമാന്,നീതിമാൻ
നീതിമാന്റെ,നീതിമാൻ
നീതിമാനും,നീതിമാൻ
നീതിശാസ്ത്രം,നീതിശാസ്ത്രം
നീതിശാസ്ത്രവും,നീതിശാസ്ത്രം
നീതിസാരം,നീതിസാരം
നീതിസാരവും,നീതിസാരം
നീതീകരണം,നീതീകരണം
നീതീകരണവും,നീതീകരണം
നീതീകരിക്കുന്നു,നീതീകരിക്കുക
നീന,നീന
നീന്തുക,നീന്തുക
നീന്തുന്നു,നീന്തുക
നീന്തുന്ന,നീന്തുക
നീന്തുക,നീന്തുക
നീന്തുന്നു,നീന്തുക
നീന്തുന്ന,നീന്തുക
നീപ,നീപ
നീര,നീര
നീരം,നീരം
നീരവും,നീരം
നീരജ,നീരജ
നീരസം,നീരസം
നീരസവും,നീരസം
നീരാട്ട്,നീരാട്ട്
നീരാട്ടിന്,നീരാട്ട്
നീരാട്ടിൽ,നീരാട്ട്
നീരാട്ടും,നീരാട്ട്
നീരാണി,നീരാണി
നീരാളം,നീരാളം
നീരാളി,നീരാളി
നീരാഴി,നീരാഴി
നീരാഴിക്കെട്ട്,നീരാഴിക്കെട്ട്
നീരാവി,നീരാവി
നീരുറവ,നീരുറവ
നീരൊഴുക്ക്,നീരൊഴുക്ക്
നീരൊഴുക്കിനെ,നീരൊഴുക്ക്
നീരൊഴുക്കും,നീരൊഴുക്ക്
നീര്,നീര്
നീരിന്,നീര്
നീരിന്റെ,നീര്
നീരിൽ,നീര്
നീരും,നീര്
നീരായ,നീര്
നീര്,നീര്
നീരിന്,നീര്
നീരിന്റെ,നീര്
നീരിൽ,നീര്
നീരും,നീര്
നീരായ,നീര്
നീർ,നീർ
നീരിന്,നീർ
നീരിൽ,നീർ
നീരും,നീർ
നീർ,നീർ
നീരിന്,നീർ
നീരിൽ,നീർ
നീരും,നീർ
നീർക്കെട്ട്,നീർക്കെട്ട്
നീർക്കെട്ടും,നീർക്കെട്ട്
നീർച്ചാൽ,നീർച്ചാൽ
നീർത്തിപ്പലി,നീർത്തിപ്പലി
നീർനായ്,നീർനായ്
നീർവാർച്ച,നീർവാർച്ച
നീർവീഴ്ച,നീർവീഴ്ച
നീറി,നീറുക
നീറുന്നു,നീറുക
നീറുന്ന,നീറുക
നീറി,നീറുക
നീറുന്നു,നീറുക
നീറുന്ന,നീറുക
നീറും,നീറ്
നീറ്റൽ,നീറ്റൽ
നീറ്റല്,നീറ്റൽ
നീറ്റി,നീറ്റുക
നീറ്റുകക്ക,നീറ്റുകക്ക
നീല,നീല
നീല,നീല
നീലം,നീലം
നീലവും,നീലം
നീലത്ത്,നീലം
നീലകണ്ഠം,നീലകണ്ഠം
നീലകണ്ഠൻ,നീലകണ്ഠൻ
നീലകണ്ഠനെ,നീലകണ്ഠൻ
നീലകണ്ഠന്,നീലകണ്ഠൻ
നീലകണ്ഠന്റെ,നീലകണ്ഠൻ
നീലകണ്ഠനും,നീലകണ്ഠൻ
നീലക്കല്ലിന്റെ,നീലക്കല്ല്
നീലക്കല്ലിന്റെ,നീലക്കല്ല്
നീലക്കല്ലുകൾ,നീലക്കല്ല്
നീലക്കല്ലുകൾ,നീലക്കല്ല്
നീലക്കുറിഞ്ഞി,നീലക്കുറിഞ്ഞി
നീലൻ,നീലൻ
നീലന്,നീലൻ
നീലന്റെ,നീലൻ
നീലനും,നീലൻ
നീലാ,നീലൻ
നീലമണി,നീലമണി
നീലവർണനെ,നീലവർണൻ
നീലാംബരം,നീലാംബരം
നീലാംബരന്,നീലാംബരൻ
നീലാംബരി,നീലാംബരി
നീലാഞ്ജന,നീലാഞ്ജന
നീലി,നീലി
നീലികാ,നീലികാ
നീലിമ,നീലിമ
നീള,നീള
നീളം,നീളം
നീളങ്ങൾ,നീളം
നീളവും,നീളം
നീളം,നീളം
നീളങ്ങൾ,നീളം
നീളവും,നീളം
നീളുക,നീളുക
നീളുന്നു,നീളുക
നീളുന്ന,നീളുക
നീളെ,നീളെ
നീൾ,നീൾ
നീളെ,നീൾ
നീളും,നീൾ
നീളേ,നീൾ
നീഹാരം,നീഹാരം
നീഹാരിക,നീഹാരിക
നു,നു
നൂ,നു
നുകം,നുകം
നുകർന്നു,നുകരുക
നുകര്ന്നു,നുകരുക
നുകരുന്നു,നുകരുക
നുകരുന്ന,നുകരുക
നുകരും,നുകർ
നുണ,നുണ
നുണഞ്ഞു,നുണയുക
നുണയുന്നു,നുണയുക
നുണയുന്ന,നുണയുക
നുൺ,നുൺ
നുര,നുര
നുരഞ്ഞു,നുരയുക
നുരയുന്നു,നുരയുക
നുരയുന്ന,നുരയുക
നുരയ്ക്കുന്ന,നുരയ്ക്കുക
നുരുമ്പ്,നുരുമ്പ്
നുറുക്കുന്ന,നുറുക്കുക
നുറുക്കി,നുറുക്കുക
നുറുക്ക്,നുറുക്ക്
നുറുക്കിന്റെ,നുറുക്ക്
നുറുക്കും,നുറുക്ക്
നുറുങ്ങുന്നു,നുറുങ്ങുക
നുറുങ്ങുന്ന,നുറുങ്ങുക
നുറുങ്ങ്,നുറുങ്ങ്
നുറുങ്ങുകൾ,നുറുങ്ങ്
നുറുങ്ങും,നുറുങ്ങ്
നുല,നുല
നുള്ളൽ,നുള്ളൽ
നുള്ളി,നുള്ളി
നുള്ളുന്നു,നുള്ളുക
നുള്ളുന്ന,നുള്ളുക
നുള്ളുന്നു,നുള്ളുക
നുള്ളുന്ന,നുള്ളുക
നുഴഞ്ഞു,നുഴയുക
നുഴഞ്ഞു,നുഴയുക
നൂതന,നൂതന
നൂതനം,നൂതനം
നൂതനവും,നൂതനം
നൂതൻ,നൂതൻ
നൂതന്,നൂതൻ
നൂതന്റെ,നൂതൻ
നൂനം,നൂനം
നൂപുരം,നൂപുരം
നൂറാം,നൂറാം
നൂറായിരം,നൂറായിരം
നൂറ്,നൂറ്
നൂറിനോട്,നൂറ്
നൂറിനോട്,നൂറ്
നൂറിന്,നൂറ്
നൂറിൻ,നൂറ്
നൂറിന്,നൂറ്
നൂറിന്റെ,നൂറ്
നൂറിന്റെ,നൂറ്
നൂറിൽ,നൂറ്
നൂറിൽ,നൂറ്
നൂറുകൾ,നൂറ്
നൂറുകൾ,നൂറ്
നൂറുകൾ,നൂറ്
നൂറും,നൂറ്
നൂറാം,നൂറ്
നൂറ്,നൂറ്
നൂറിനോട്,നൂറ്
നൂറിനോട്,നൂറ്
നൂറിന്,നൂറ്
നൂറിൻ,നൂറ്
നൂറിന്,നൂറ്
നൂറിന്റെ,നൂറ്
നൂറിന്റെ,നൂറ്
നൂറിൽ,നൂറ്
നൂറിൽ,നൂറ്
നൂറുകൾ,നൂറ്
നൂറുകൾ,നൂറ്
നൂറുകൾ,നൂറ്
നൂറും,നൂറ്
നൂറാം,നൂറ്
നൂറ്റാണ്ട്,നൂറ്റാണ്ട്
നൂറ്റാണ്ടിനെ,നൂറ്റാണ്ട്
നൂറ്റാണ്ടിനോട്,നൂറ്റാണ്ട്
നൂറ്റാണ്ടിന്,നൂറ്റാണ്ട്
നൂറ്റാണ്ടിൻ,നൂറ്റാണ്ട്
നൂറ്റാണ്ടിന്റെ,നൂറ്റാണ്ട്
നൂറ്റാണ്ടിൽ,നൂറ്റാണ്ട്
നൂറ്റാണ്ടുകൾ,നൂറ്റാണ്ട്
നൂറ്റാണ്ടും,നൂറ്റാണ്ട്
നൂലിഴ,നൂലിഴ
നൂൽ,നൂൽ
നൂല്,നൂൽ
നൂൽ,നൂൽ
നൂല്,നൂൽ
നൂൽക്കുക,നൂൽക്കുക
നൂൽക്കുന്ന,നൂൽക്കുക
നൂൽക്കുക,നൂൽക്കുക
നൂൽക്കുന്ന,നൂൽക്കുക
നൂൽപ്പരുത്തി,നൂൽപ്പരുത്തി
നൂഴ്ന്നു,നൂഴുക
നൂവ്,നൂവ്
നൂവിന്റെ,നൂവ്
നൃത്ത,നൃത്ത
നൃത്തം,നൃത്തം
നൃത്തങ്ങൾ,നൃത്തം
നൃത്തവും,നൃത്തം
നൃത്തഹസ്തം,നൃത്തഹസ്തം
നൃത്യ,നൃത്യ
നൃത്യം,നൃത്യം
നൃത്യങ്ങൾ,നൃത്യം
നൃത്യവും,നൃത്യം
നൃപൻ,നൃപൻ
നൃപന്,നൃപൻ
നൃപനും,നൃപൻ
നെഞ്ചകം,നെഞ്ചകം
നെഞ്ചകത്ത്,നെഞ്ചകം
നെഞ്ചുറപ്പ്,നെഞ്ചുറപ്പ്
നെഞ്ച്,നെഞ്ച്
നെഞ്ചിനോട്,നെഞ്ച്
നെഞ്ചിന്,നെഞ്ച്
നെഞ്ചിന്റെ,നെഞ്ച്
നെഞ്ചിൽ,നെഞ്ച്
നെഞ്ചും,നെഞ്ച്
നെടിയിരിപ്പ്,നെടിയിരിപ്പ്
നെടും,നെടും
നെടുകെ,നെടുകെ
നെടുങ്കൻ,നെടുങ്കൻ
നെടുങ്കന്,നെടുങ്കൻ
നെടുങ്കയം,നെടുങ്കയം
നെടുങ്കയത്ത്,നെടുങ്കയം
നെടുങ്ങാടി,നെടുങ്ങാടി
നെടുനാൾ,നെടുനാൾ
നെടുമ്പുര,നെടുമ്പുര
നെടുവീർപ്പ്,നെടുവീർപ്പ്
നെടുവീർപ്പുകൾ,നെടുവീർപ്പ്
നെടുവീർപ്പും,നെടുവീർപ്പ്
നെട്ടം,നെട്ടം
നെന്മേനിവാക,നെന്മേനിവാക
നെയ്,നെയ്
നെയിൻ,നെയ്
നെയിൽ,നെയ്
നെയും,നെയ്
നെയ്തൽ,നെയ്തൽ
നെയ്ത്തുകാരൻ,നെയ്ത്തുകാരൻ
നെയ്ത്തുകാരന്,നെയ്ത്തുകാരൻ
നെയ്ത്തുകാരന്റെ,നെയ്ത്തുകാരൻ
നെയ്ത്തുകാരനിൽ,നെയ്ത്തുകാരൻ
നെയ്ത്തുകാരനും,നെയ്ത്തുകാരൻ
നെയ്ത്ത്,നെയ്ത്ത്
നെയ്ത്തിന്റെ,നെയ്ത്ത്
നെയ്ത്തിൽ,നെയ്ത്ത്
നെയ്ത്തും,നെയ്ത്ത്
നെയ്യപ്പം,നെയ്യപ്പം
നെയ്യഭിഷേകം,നെയ്യഭിഷേകം
നെയ്യഭിഷേകവും,നെയ്യഭിഷേകം
നെയ്യുക,നെയ്യുക
നെയ്യുന്നു,നെയ്യുക
നെയ്യുന്ന,നെയ്യുക
നെയ്യ്,നെയ്യ്
നെയ്യിൽ,നെയ്യ്
നെയ്യും,നെയ്യ്
നെയ്യാം,നെയ്യ്
നെയ്യുക,നെയ്യ്
നെയ്യ്,നെയ്യ്
നെയ്യിൽ,നെയ്യ്
നെയ്യും,നെയ്യ്
നെയ്യാം,നെയ്യ്
നെയ്യുക,നെയ്യ്
നെയ്വിളക്ക്,നെയ്വിളക്ക്
നെയ്വിളക്കുകൾ,നെയ്വിളക്ക്
നെയ്വിളക്കും,നെയ്വിളക്ക്
നെരിപ്പ്,നെരിപ്പ്
നെരിപ്പിന്,നെരിപ്പ്
നെരുപ്പ്,നെരുപ്പ്
നെറി,നെറി
നെറി,നെറി
നെറിവും,നെറിവ്
നെറി,നെറുക
നെറ്റി,നെറ്റി
നെറ്റീ,നെറ്റി
നെറ്റിത്തടം,നെറ്റിത്തടം
നെറ്റിത്തടവും,നെറ്റിത്തടം
നെറ്റിപ്പട്ടം,നെറ്റിപ്പട്ടം
നെറ്റിപ്പട്ടവും,നെറ്റിപ്പട്ടം
നെല്ലരി,നെല്ലരി
നെല്ലറ,നെല്ലറ
നെല്ലി,നെല്ലി
നെല്ലീ,നെല്ലി
നെല്ലി,നെല്ലി
നെല്ലീ,നെല്ലി
നെല്ലിട,നെല്ലിട
നെല്ലിപ്പടി,നെല്ലിപ്പടി
നെല്ലിപ്പലക,നെല്ലിപ്പലക
നെൽക്കൃഷി,നെൽക്കൃഷി
നെൽപ്പാടം,നെൽപ്പാടം
നെൽപ്പാടങ്ങൾ,നെൽപ്പാടം
നെൽപ്പാടത്ത്,നെൽപ്പാടം
നൊമ്പരവും,നൊമ്പരം
നൊയമ്പ്,നൊയമ്പ്
നൊയമ്പും,നൊയമ്പ്
നേടുക,നേടുക
നേടുന്നു,നേടുക
നേടുന്ന,നേടുക
നേട്ടം,നേട്ടം
നേട്ടങ്ങൾ,നേട്ടം
നേട്ടവും,നേട്ടം
നേതാവ്,നേതാവ്
നേതാവിനെ,നേതാവ്
നേതാവിനോട്,നേതാവ്
നേതാവിന്,നേതാവ്
നേതാവിനാൽ,നേതാവ്
നേതാവിന്റെ,നേതാവ്
നേതാവിൽ,നേതാവ്
നേതാവും,നേതാവ്
നേതാവായ,നേതാവ്
നേതി,നേതി
നേതൃ,നേതൃ
നേതൃത്വം,നേതൃത്വം
നേതൃത്വങ്ങൾ,നേതൃത്വം
നേതൃത്വവും,നേതൃത്വം
നേത്യാരിൽ,നേത്യാർ
നേത്ര,നേത്ര
നേത്രം,നേത്രം
നേത്രങ്ങൾ,നേത്രം
നേത്രി,നേത്രി
നേദിക്കുക,നേദിക്കുക
നേദിച്ചു,നേദിക്കുക
നേദിക്കുന്നു,നേദിക്കുക
നേദിക്കുന്ന,നേദിക്കുക
നേപ്പാളി,നേപ്പാളി
നേമം,നേമം
നേമവും,നേമം
നേമത്ത്,നേമം
നേമി,നേമി
നേമീ,നേമി
നേമി,നേമി
നേമീ,നേമി
നേമീ,നേമീ
നേരം,നേരം
നേരവും,നേരം
നേരത്ത്,നേരം
നേരം,നേരം
നേരവും,നേരം
നേരത്ത്,നേരം
നേരത്തേ,നേരത്തേ
നേരത്ത്,നേരത്ത്
നേരത്തിന്,നേരത്ത്
നേരത്തിന്റെ,നേരത്ത്
നേരത്തിൽ,നേരത്ത്
നേരത്തും,നേരത്ത്
നേരത്തേക്ക്,നേരത്ത്
നേരാംവണ്ണം,നേരാംവണ്ണം
നേരിടുക,നേരിടുക
നേരിടുന്നു,നേരിടുക
നേരിടുന്ന,നേരിടുക
നേരിട്ട്,നേരിട്ട്
നേരിട്ടാൽ,നേരിട്ട്
നേരിട്ടും,നേരിട്ട്
നേരിയ,നേരിയ
നേരിയത്,നേരിയത്
നേരിയതും,നേരിയത്
നേരുക,നേരുക
നേർന്നു,നേരുക
നേര്ന്നു,നേരുക
നേരുന്നു,നേരുക
നേരുന്ന,നേരുക
നേരുകേടും,നേരുകേട്
നേരെ,നേരെ
നേര്,നേര്
നേരിന്,നേര്
നേരിന്റെ,നേര്
നേരിൽ,നേര്
നേരും,നേര്
നേരാം,നേര്
നേരുക,നേര്
നേരായ,നേര്
നേര്യത്,നേര്യത്
നേര്യതും,നേര്യത്
നേർ,നേർ
നേരെ,നേർ
നേരിന്,നേർ
നേരിൽ,നേർ
നേരും,നേർ
നേരേ,നേർ
നേർന്നു,നേർക്കുക
നേർക്ക്,നേർക്ക്
നേർക്കും,നേർക്ക്
നേർച്ച,നേർച്ച
നേർത്ത,നേർത്ത
നേർപകുതി,നേർപകുതി
നേർപ്പിച്ചു,നേർപ്പിക്കുക
നേർവഴി,നേർവഴി
നേശം,നേശം
നേശൻ,നേശൻ
നേശന്,നേശൻ
നോക്കുക,നോക്കുക
നോക്കുന്ന,നോക്കുക
നോക്കി,നോക്കുക
നോക്കുക,നോക്കുക
നോക്കുന്ന,നോക്കുക
നോക്കി,നോക്കുക
നോക്ക്,നോക്ക്
നോക്കാം,നോക്ക്
നോക്കുക,നോക്ക്
നോക്ക്,നോക്ക്
നോക്കാം,നോക്ക്
നോക്കുക,നോക്ക്
നോട്ടം,നോട്ടം
നോട്ടവും,നോട്ടം
നൈ,നൈ
നൈ,നൈ
നൈപുണി,നൈപുണി
നൈപുണീ,നൈപുണി
നൈപുണ്യം,നൈപുണ്യം
നൈപുണ്യങ്ങൾ,നൈപുണ്യം
നൈപുണ്യവും,നൈപുണ്യം
നൈമിത്തിക,നൈമിത്തിക
നൈമിശാരണ്യം,നൈമിശാരണ്യം
നൈമിശാരണ്യവും,നൈമിശാരണ്യം
നൈമിഷിക,നൈമിഷിക
നൈരന്തര്യം,നൈരന്തര്യം
നൈരാശ്യം,നൈരാശ്യം
നൈർമല്യം,നൈർമല്യം
നൈർമല്യവും,നൈർമല്യം
നൈവേദ്യം,നൈവേദ്യം
നൈവേദ്യങ്ങൾ,നൈവേദ്യം
നൈവേദ്യവും,നൈവേദ്യം
നൈഷധം,നൈഷധം
നൈഷ്ഠിക,നൈഷ്ഠിക
നൈസർഗിക,നൈസർഗിക
ന്ദീ,ന്ദീ
ന്ധി,ന്ധി
ന്യയം,ന്യയം
ന്യസിക്കുന്ന,ന്യസിക്കുക
ന്യസ്,ന്യസ്
ന്യായ,ന്യായ
ന്യായം,ന്യായം
ന്യായങ്ങൾ,ന്യായം
ന്യായവും,ന്യായം
ന്യായം,ന്യായം
ന്യായങ്ങൾ,ന്യായം
ന്യായവും,ന്യായം
ന്യായദർശനം,ന്യായദർശനം
ന്യായവാദം,ന്യായവാദം
ന്യായവാദങ്ങൾ,ന്യായവാദം
ന്യായവിധി,ന്യായവിധി
ന്യായശാസ്ത്രം,ന്യായശാസ്ത്രം
ന്യായാധിപൻ,ന്യായാധിപൻ
ന്യായാധിപനെ,ന്യായാധിപൻ
ന്യായാധിപന്,ന്യായാധിപൻ
ന്യായാധിപന്റെ,ന്യായാധിപൻ
ന്യായാധിപന്മാർ,ന്യായാധിപൻ
ന്യായാധിപനും,ന്യായാധിപൻ
ന്യായാധിപാ,ന്യായാധിപൻ
ന്യായീകരണം,ന്യായീകരണം
ന്യായീകരണങ്ങൾ,ന്യായീകരണം
ന്യായീകരണവും,ന്യായീകരണം
ന്യായീകരിക്കുക,ന്യായീകരിക്കുക
ന്യായീകരിച്ചു,ന്യായീകരിക്കുക
ന്യായീകരിക്കുന്നു,ന്യായീകരിക്കുക
ന്യായീകരിക്കുന്ന,ന്യായീകരിക്കുക
ന്യാസിന്,ന്യാസിൻ
ന്യൂന,ന്യൂന
ന്യൂന,ന്യൂന
ന്യൂനചിഹ്നം,ന്യൂനചിഹ്നം
ന്യൂനചിഹ്നവും,ന്യൂനചിഹ്നം
ൻ,ൻ
നെ,ൻ
നോട്,ൻ
ന്,ൻ
നാൽ,ൻ
ന്റെ,ൻ
നിൽ,ൻ
നുകൾ,ൻ
നും,ൻ
നേക്ക്,ൻ
നേ,ൻ
ാ,ൻ
നൗക,നൗക
നൗമി,നൗമി
നൗർ,നൗർ
പ,പ
പ,പ
പം,പം
പത്തു്,പം
പത്ത്,പം
പക,പക
പക,പക
പകരം,പകരം
പകരുക,പകരുക
പകർന്നു,പകരുക
പകര്ന്നു,പകരുക
പകരുന്നു,പകരുക
പകരുന്ന,പകരുക
പകരും,പകർ
പകർച്ച,പകർച്ച
പകർച്ച,പകർച്ച
പകർച്ചവ്യാധി,പകർച്ചവ്യാധി
പകർത്തുക,പകർത്തുക
പകർത്തി,പകർത്തുക
പകർത്തുന്നു,പകർത്തുക
പകർത്തുന്ന,പകർത്തുക
പകർപ്പവകാശം,പകർപ്പവകാശം
പകർപ്പവകാശവും,പകർപ്പവകാശം
പകർപ്പ്,പകർപ്പ്
പകർപ്പിന്,പകർപ്പ്
പകർപ്പിൽ,പകർപ്പ്
പകർപ്പുകൾ,പകർപ്പ്
പകർപ്പും,പകർപ്പ്
പകർപ്പായ,പകർപ്പ്
പകൽവിളക്ക്,പകൽവിളക്ക്
പകൽവിളക്കും,പകൽവിളക്ക്
പകവീട്ടൽ,പകവീട്ടൽ
പകിട,പകിട
പകിട്ട്,പകിട്ട്
പകിട്ടിൽ,പകിട്ട്
പകിട്ടും,പകിട്ട്
പകുതി,പകുതി
പക്ക,പക്ക
പക്കം,പക്കം
പക്കവും,പക്കം
പക്കത്ത്,പക്കം
പക്കം,പക്കം
പക്കവും,പക്കം
പക്കത്ത്,പക്കം
പക്കപ്പിറന്നാൾ,പക്കപ്പിറന്നാൾ
പക്കമേളം,പക്കമേളം
പക്കമേളവും,പക്കമേളം
പക്കൽ,പക്കൽ
പക്കല്,പക്കൽ
പക്കവട,പക്കവട
പക്കവാദ്യം,പക്കവാദ്യം
പക്കാ,പക്കാ
പക്കി,പക്കി
പക്വവും,പക്വം
പക്വത,പക്വത
പക്ഷ,പക്ഷ
പക്ഷം,പക്ഷം
പക്ഷങ്ങൾ,പക്ഷം
പക്ഷവും,പക്ഷം
പക്ഷത്ത്,പക്ഷം
പക്ഷഘാതം,പക്ഷഘാതം
പക്ഷപാതം,പക്ഷപാതം
പക്ഷപാതവും,പക്ഷപാതം
പക്ഷപാതി,പക്ഷപാതി
പക്ഷഭേദം,പക്ഷഭേദം
പക്ഷവാദി,പക്ഷവാദി
പക്ഷാഘാതം,പക്ഷാഘാതം
പക്ഷാഘാതവും,പക്ഷാഘാതം
പക്ഷി,പക്ഷി
പക്ഷി,പക്ഷി
പക്ഷിരാജനെ,പക്ഷിരാജൻ
പക്ഷിരാജന്,പക്ഷിരാജൻ
പക്ഷിരാജാ,പക്ഷിരാജൻ
പക്ഷീയ,പക്ഷീയ
പക്ഷീയ,പക്ഷീയ
പക്ഷ്യ,പക്ഷ്യ
പഗഡി,പഗഡി
പങ്,പങ്
പങ്ക,പങ്ക
പങ്കത്ത്,പങ്കം
പങ്കജ,പങ്കജ
പങ്കജം,പങ്കജം
പങ്കജനാഭന്,പങ്കജനാഭൻ
പങ്കജാക്ഷൻ,പങ്കജാക്ഷൻ
പങ്കജാക്ഷന്,പങ്കജാക്ഷൻ
പങ്കജാക്ഷി,പങ്കജാക്ഷി
പങ്കപ്പാട്,പങ്കപ്പാട്
പങ്കപ്പാട്ട്,പങ്കപ്പാട്
പങ്കായം,പങ്കായം
പങ്കി,പങ്കി
പങ്കിടൽ,പങ്കിടൽ
പങ്കിടല്,പങ്കിടൽ
പങ്കിടുക,പങ്കിടുക
പങ്കിടുന്നു,പങ്കിടുക
പങ്കിടുന്ന,പങ്കിടുക
പങ്കില,പങ്കില
പങ്കില,പങ്കില
പങ്കിലവും,പങ്കിലം
പങ്കുനി,പങ്കുനി
പങ്കുപറ്റുക,പങ്കുപറ്റുക
പങ്കുപറ്റി,പങ്കുപറ്റുക
പങ്കുപറ്റുന്ന,പങ്കുപറ്റുക
പങ്കുവയ്ക്കുക,പങ്കുവയ്ക്കുക
പങ്കുവയ്ച്ചു,പങ്കുവയ്ക്കുക
പങ്കുവയ്ക്കുന്നു,പങ്കുവയ്ക്കുക
പങ്കുവയ്ക്കുന്ന,പങ്കുവയ്ക്കുക
പങ്കെടുക്കുക,പങ്കെടുക്കുക
പങ്കെടുക്കുന്നു,പങ്കെടുക്കുക
പങ്കെടുക്കുന്ന,പങ്കെടുക്കുക
പങ്കെടുന്നു,പങ്കെടുക്കുക
പങ്ക്,പങ്ക്
പങ്കിനെ,പങ്ക്
പങ്കിന്,പങ്ക്
പങ്കാൽ,പങ്ക്
പങ്കിന്റെ,പങ്ക്
പങ്കിൽ,പങ്ക്
പങ്കും,പങ്ക്
പങ്കായ,പങ്ക്
പച,പച
പച,പച
പച്ച,പച്ച
പച്ച,പച്ച
പച്ചക്കട്ട,പച്ചക്കട്ട
പച്ചക്കർപ്പൂരം,പച്ചക്കർപ്പൂരം
പച്ചക്കറി,പച്ചക്കറി
പച്ചക്കുതിര,പച്ചക്കുതിര
പച്ചടി,പച്ചടി
പച്ചത്തെറി,പച്ചത്തെറി
പച്ചനുണ,പച്ചനുണ
പച്ചപിടിച്ചു,പച്ചപിടിക്കുക
പച്ചപിടിക്കുന്നു,പച്ചപിടിക്കുക
പച്ചപ്രാവ്,പച്ചപ്രാവ്
പച്ചപ്രാവിനെ,പച്ചപ്രാവ്
പച്ചമണ്ണ്,പച്ചമണ്ണ്
പച്ചമണ്ണും,പച്ചമണ്ണ്
പച്ചമത്സ്യവും,പച്ചമത്സ്യം
പച്ചയ്ക്ക്,പച്ചയ്ക്ക്
പച്ചയ്ക്കും,പച്ചയ്ക്ക്
പച്ചരി,പച്ചരി
പച്ചവെള്ളം,പച്ചവെള്ളം
പച്ചവെള്ളവും,പച്ചവെള്ളം
പച്ചിരുമ്പ്,പച്ചിരുമ്പ്
പച്ചിരുമ്പും,പച്ചിരുമ്പ്
പച്ചില,പച്ചില
പഞ്ച,പഞ്ച
പഞ്ച,പഞ്ച
പഞ്ചകം,പഞ്ചകം
പഞ്ചകലശം,പഞ്ചകലശം
പഞ്ചഗവ്യം,പഞ്ചഗവ്യം
പഞ്ചഗവ്യവും,പഞ്ചഗവ്യം
പഞ്ചഗവ്യത്ത്,പഞ്ചഗവ്യം
പഞ്ചഗ്രന്ഥി,പഞ്ചഗ്രന്ഥി
പഞ്ചചാമരം,പഞ്ചചാമരം
പഞ്ചജനന്,പഞ്ചജനൻ
പഞ്ചതന്ത്രം,പഞ്ചതന്ത്രം
പഞ്ചതന്ത്രവും,പഞ്ചതന്ത്രം
പഞ്ചതന്മാത്രകളുടെ,പഞ്ചതന്മാത്രകൾ
പഞ്ചപാണ്ഡവന്മാരെ,പഞ്ചപാണ്ഡവന്മാർ
പഞ്ചപ്രകാരം,പഞ്ചപ്രകാരം
പഞ്ചപ്രാണങ്ങളെ,പഞ്ചപ്രാണങ്ങൾ
പഞ്ചഭുജം,പഞ്ചഭുജം
പഞ്ചഭൂതങ്ങൾ,പഞ്ചഭൂതങ്ങൾ
പഞ്ചഭൂതങ്ങളെ,പഞ്ചഭൂതങ്ങൾ
പഞ്ചഭൂതങ്ങളുടെ,പഞ്ചഭൂതങ്ങൾ
പഞ്ചഭൂതങ്ങളും,പഞ്ചഭൂതങ്ങൾ
പഞ്ചഭൂതാത്മകം,പഞ്ചഭൂതാത്മകം
പഞ്ചമ,പഞ്ചമ
പഞ്ചമ,പഞ്ചമ
പഞ്ചമം,പഞ്ചമം
പഞ്ചമകാരങ്ങളിൽ,പഞ്ചമകാരങ്ങൾ
പഞ്ചമഹാകാവ്യങ്ങൾ,പഞ്ചമഹാകാവ്യങ്ങൾ
പഞ്ചമഹാകാവ്യങ്ങളിൽ,പഞ്ചമഹാകാവ്യങ്ങൾ
പഞ്ചമഹായജ്ഞങ്ങളുടെ,പഞ്ചമഹായജ്ഞങ്ങൾ
പഞ്ചമി,പഞ്ചമി
പഞ്ചമീ,പഞ്ചമി
പഞ്ചമീ,പഞ്ചമീ
പഞ്ചമുഖ,പഞ്ചമുഖ
പഞ്ചമൂർത്തികൾ,പഞ്ചമൂർത്തികൾ
പഞ്ചരാത്രം,പഞ്ചരാത്രം
പഞ്ചവക്ത്രാ,പഞ്ചവക്ത്രൻ
പഞ്ചവടി,പഞ്ചവടി
പഞ്ചവർണക്കിളി,പഞ്ചവർണക്കിളി
പഞ്ചവാദ്യം,പഞ്ചവാദ്യം
പഞ്ചവാദ്യങ്ങൾ,പഞ്ചവാദ്യം
പഞ്ചവാദ്യവും,പഞ്ചവാദ്യം
പഞ്ചവായുക്കളും,പഞ്ചവായുക്കൾ
പഞ്ചവിംശതി,പഞ്ചവിംശതി
പഞ്ചശീലങ്ങൾ,പഞ്ചശീലങ്ങൾ
പഞ്ചശുദ്ധി,പഞ്ചശുദ്ധി
പഞ്ചസന്ധികൾ,പഞ്ചസന്ധികൾ
പഞ്ചസാര,പഞ്ചസാര
പഞ്ചാംഗ,പഞ്ചാംഗ
പഞ്ചാംഗം,പഞ്ചാംഗം
പഞ്ചാംഗവും,പഞ്ചാംഗം
പഞ്ചാക്ഷരി,പഞ്ചാക്ഷരി
പഞ്ചാക്ഷരീ,പഞ്ചാക്ഷരി
പഞ്ചാക്ഷരീ,പഞ്ചാക്ഷരീ
പഞ്ചാഗ്നി,പഞ്ചാഗ്നി
പഞ്ചാബി,പഞ്ചാബി
പഞ്ചാബ്,പഞ്ചാബ്
പഞ്ചാബിനെ,പഞ്ചാബ്
പഞ്ചാബിനോട്,പഞ്ചാബ്
പഞ്ചാബിന്,പഞ്ചാബ്
പഞ്ചാബിന്റെ,പഞ്ചാബ്
പഞ്ചാബിൽ,പഞ്ചാബ്
പഞ്ചാബും,പഞ്ചാബ്
പഞ്ചാമൃതം,പഞ്ചാമൃതം
പഞ്ചാമൃതവും,പഞ്ചാമൃതം
പഞ്ചായത്,പഞ്ചായത്
പഞ്ചാര,പഞ്ചാര
പഞ്ചാരി,പഞ്ചാരി
പഞ്ചേന്ദ്രിയങ്ങൾ,പഞ്ചേന്ദ്രിയങ്ങൾ
പഞ്ചേന്ദ്രിയങ്ങളെ,പഞ്ചേന്ദ്രിയങ്ങൾ
പഞ്ചേന്ദ്രിയങ്ങളുടെ,പഞ്ചേന്ദ്രിയങ്ങൾ
പഞ്ചേന്ദ്രിയങ്ങളിൽ,പഞ്ചേന്ദ്രിയങ്ങൾ
പഞ്ചേന്ദ്രിയങ്ങളും,പഞ്ചേന്ദ്രിയങ്ങൾ
പഞ്ഞം,പഞ്ഞം
പഞ്ഞവും,പഞ്ഞം
പഞ്ഞപ്പാട്ട്,പഞ്ഞപ്പാട്ട്
പഞ്ഞപ്പുല്ല്,പഞ്ഞപ്പുല്ല്
പഞ്ഞപ്പുല്ലും,പഞ്ഞപ്പുല്ല്
പഞ്ഞപ്പുല്ലും,പഞ്ഞപ്പുല്ല്
പഞ്ഞി,പഞ്ഞി
പഞ്ഞിമരം,പഞ്ഞിമരം
പട,പട
പട,പട
പടം,പടം
പടങ്ങൾ,പടം
പടവും,പടം
പടത്ത്,പടം
പടം,പടം
പടങ്ങൾ,പടം
പടവും,പടം
പടത്ത്,പടം
പടക്കം,പടക്കം
പടക്കങ്ങൾ,പടക്കം
പടക്കവും,പടക്കം
പടക്കപ്പൽ,പടക്കപ്പൽ
പടക്കപ്പല്,പടക്കപ്പൽ
പടക്കളം,പടക്കളം
പടക്കളത്ത്,പടക്കളം
പടക്കുതിര,പടക്കുതിര
പടങ്ങ്,പടങ്ങ്
പടച്ചട്ട,പടച്ചട്ട
പടത്തലവൻ,പടത്തലവൻ
പടത്തലവന്,പടത്തലവൻ
പടത്തലവനും,പടത്തലവൻ
പടനായകൻ,പടനായകൻ
പടനായകന്,പടനായകൻ
പടനായകന്റെ,പടനായകൻ
പടനായകന്മാർ,പടനായകൻ
പടനായകനും,പടനായകൻ
പടനായർ,പടനായർ
പടനായരും,പടനായർ
പടനായർ,പടനായർ
പടനായരും,പടനായർ
പടനിലം,പടനിലം
പടനിലത്ത്,പടനിലം
പടന്ന,പടന്ന
പടപ്പാട്ട്,പടപ്പാട്ട്
പടപ്പാട്ടിൽ,പടപ്പാട്ട്
പടപ്പാട്ടുകൾ,പടപ്പാട്ട്
പടമുഖം,പടമുഖം
പടയണി,പടയണി
പടയാളി,പടയാളി
പടയ്ക്കുന്നു,പടയ്ക്കുക
പടയ്ക്കുന്ന,പടയ്ക്കുക
പടയ്ക്കുന്നു,പടയ്ക്കുക
പടയ്ക്കുന്ന,പടയ്ക്കുക
പടർന്നു,പടരുക
പടര്ന്നു,പടരുക
പടരുന്നു,പടരുക
പടരുന്ന,പടരുക
പടർന്നു,പടരുക
പടര്ന്നു,പടരുക
പടരുന്നു,പടരുക
പടരുന്ന,പടരുക
പടരും,പടർ
പടർച്ച,പടർച്ച
പടല,പടല
പടല,പടല
പടലം,പടലം
പടലങ്ങൾ,പടലം
പടവൻ,പടവൻ
പടവന്,പടവൻ
പടവനും,പടവൻ
പടവീരൻ,പടവീരൻ
പടവീരന്,പടവീരൻ
പടവ്,പടവ്
പടവിന്റെ,പടവ്
പടവിൽ,പടവ്
പടവുകൾ,പടവ്
പടവും,പടവ്
പടവായ,പടവ്
പടി,പടി
പടി,പടി
പടിക്കൽ,പടിക്കൽ
പടിക്കല്,പടിക്കൽ
പടിക്കാരം,പടിക്കാരം
പടിക്കെട്ടുകൾ,പടിക്കെട്ട്
പടിക്കെട്ടും,പടിക്കെട്ട്
പടിഞ്ഞാട്ട്,പടിഞ്ഞാട്ട്
പടിഞ്ഞാട്ടും,പടിഞ്ഞാട്ട്
പടിഞ്ഞാറൻ,പടിഞ്ഞാറൻ
പടിഞ്ഞാറന്,പടിഞ്ഞാറൻ
പടിഞ്ഞാറെ,പടിഞ്ഞാറെ
പടിഞ്ഞാറോട്ട്,പടിഞ്ഞാറോട്ട്
പടിഞ്ഞാറ്,പടിഞ്ഞാറ്
പടിഞ്ഞാറിനെ,പടിഞ്ഞാറ്
പടിഞ്ഞാറിനെ,പടിഞ്ഞാറ്
പടിഞ്ഞാറോട്ട്,പടിഞ്ഞാറ്
പടിഞ്ഞാറിന്,പടിഞ്ഞാറ്
പടിഞ്ഞാറിന്,പടിഞ്ഞാറ്
പടിഞ്ഞാറിന്റെ,പടിഞ്ഞാറ്
പടിഞ്ഞാറിന്റെ,പടിഞ്ഞാറ്
പടിഞ്ഞാറിൽ,പടിഞ്ഞാറ്
പടിഞ്ഞാറിൽ,പടിഞ്ഞാറ്
പടിഞ്ഞാറും,പടിഞ്ഞാറ്
പടിഞ്ഞാറാം,പടിഞ്ഞാറ്
പടിഞ്ഞാറേക്ക്,പടിഞ്ഞാറ്
പടിഞ്ഞാറേ,പടിഞ്ഞാറ്
പടിഞ്ഞാറ്റ,പടിഞ്ഞാറ്റ
പടിത്തരം,പടിത്തരം
പടിപ്പുര,പടിപ്പുര
പടിവാതിൽ,പടിവാതിൽ
പടിവാതില്,പടിവാതിൽ
പടു,പടു
പടു,പടു
പടുകളം,പടുകളം
പടുകുഴി,പടുകുഴി
പടുക്ക,പടുക്ക
പടുതമന്,പടുതമൻ
പടുതിരി,പടുതിരി
പടുമരം,പടുമരം
പടുവങ്ങൾ,പടുവം
പടേണി,പടേണി
പട്ട,പട്ട
പട്ട,പട്ട
പട്ടം,പട്ടം
പട്ടങ്ങൾ,പട്ടം
പട്ടവും,പട്ടം
പട്ടത്ത്,പട്ടം
പട്ടം,പട്ടം
പട്ടങ്ങൾ,പട്ടം
പട്ടവും,പട്ടം
പട്ടത്ത്,പട്ടം
പട്ടക്കാരൻ,പട്ടക്കാരൻ
പട്ടണം,പട്ടണം
പട്ടണങ്ങൾ,പട്ടണം
പട്ടണവും,പട്ടണം
പട്ടണത്ത്,പട്ടണം
പട്ടണപ്രവേശം,പട്ടണപ്രവേശം
പട്ടത്താന,പട്ടത്താന
പട്ടത്താനം,പട്ടത്താനം
പട്ടൻ,പട്ടൻ
പട്ടാ,പട്ടൻ
പട്ടപ്പേര്,പട്ടപ്പേര്
പട്ടമഹിഷി,പട്ടമഹിഷി
പട്ടയം,പട്ടയം
പട്ടയങ്ങൾ,പട്ടയം
പട്ടയവും,പട്ടയം
പട്ടർ,പട്ടർ
പട്ടരുടെ,പട്ടർ
പട്ടാ,പട്ടാ
പട്ടാപ്പകൽ,പട്ടാപ്പകൽ
പട്ടാപ്പകല്,പട്ടാപ്പകൽ
പട്ടാഭിഷേകം,പട്ടാഭിഷേകം
പട്ടാഭിഷേകവും,പട്ടാഭിഷേകം
പട്ടാരത്ത്,പട്ടാരം
പട്ടാളം,പട്ടാളം
പട്ടാളങ്ങൾ,പട്ടാളം
പട്ടാളവും,പട്ടാളം
പട്ടാളത്ത്,പട്ടാളം
പട്ടാളക്കാരൻ,പട്ടാളക്കാരൻ
പട്ടാളക്കാരനെ,പട്ടാളക്കാരൻ
പട്ടാളക്കാരനോട്,പട്ടാളക്കാരൻ
പട്ടാളക്കാരന്,പട്ടാളക്കാരൻ
പട്ടാളക്കാരന്റെ,പട്ടാളക്കാരൻ
പട്ടാളക്കാരനും,പട്ടാളക്കാരൻ
പട്ടി,പട്ടി
പട്ടി,പട്ടി
പട്ടിക,പട്ടിക
പട്ടിക,പട്ടിക
പട്ടികജാതിക്കാർ,പട്ടികജാതിക്കാർ
പട്ടികജാതിക്കാരെ,പട്ടികജാതിക്കാർ
പട്ടികജാതിക്കാരോട്,പട്ടികജാതിക്കാർ
പട്ടികജാതിക്കാരുടെ,പട്ടികജാതിക്കാർ
പട്ടികജാതിക്കാരും,പട്ടികജാതിക്കാർ
പട്ടികാ,പട്ടികാ
പട്ടിക്കാട്,പട്ടിക്കാട്
പട്ടിണി,പട്ടിണി
പട്ടിണി,പട്ടിണി
പട്ടിണിക്കാരൻ,പട്ടിണിക്കാരൻ
പട്ടിണിക്കാരനെ,പട്ടിണിക്കാരൻ
പട്ടിണിക്കാരന്റെ,പട്ടിണിക്കാരൻ
പട്ടിയൽ,പട്ടിയൽ
പട്ടിൽ,പട്ടിൽ
പട്ടില്,പട്ടിൽ
പട്ടുനൂൽ,പട്ടുനൂൽ
പട്ടുനൂല്,പട്ടുനൂൽ
പട്ടുനൂൽപ്പുഴു,പട്ടുനൂൽപ്പുഴു
പട്ടേരി,പട്ടേരി
പട്ട്,പട്ട്
പട്ടിനെ,പട്ട്
പട്ടിന്,പട്ട്
പട്ടിന്റെ,പട്ട്
പട്ടിൽ,പട്ട്
പട്ടും,പട്ട്
പട്ടായ,പട്ട്
പട്ട്,പട്ട്
പട്ടിനെ,പട്ട്
പട്ടിന്,പട്ട്
പട്ടിന്റെ,പട്ട്
പട്ടിൽ,പട്ട്
പട്ടും,പട്ട്
പട്ടായ,പട്ട്
പഠനം,പഠനം
പഠനങ്ങൾ,പഠനം
പഠനവും,പഠനം
പഠാണി,പഠാണി
പഠിക്കുക,പഠിക്കുക
പഠിച്ചു,പഠിക്കുക
പഠിക്കുന്നു,പഠിക്കുക
പഠിക്കുന്ന,പഠിക്കുക
പഠിക്കുക,പഠിക്കുക
പഠിച്ചു,പഠിക്കുക
പഠിക്കുന്നു,പഠിക്കുക
പഠിക്കുന്ന,പഠിക്കുക
പഠിത്തം,പഠിത്തം
പഠിത്തവും,പഠിത്തം
പണ,പണ
പണ,പണ
പണം,പണം
പണവും,പണം
പണം,പണം
പണവും,പണം
പണക്കാരൻ,പണക്കാരൻ
പണക്കാരനെ,പണക്കാരൻ
പണക്കാരന്,പണക്കാരൻ
പണക്കാരന്റെ,പണക്കാരൻ
പണക്കാരനും,പണക്കാരൻ
പണക്കിഴി,പണക്കിഴി
പണത്തൂക്കം,പണത്തൂക്കം
പണപ്പലക,പണപ്പലക
പണയ,പണയ
പണയം,പണയം
പണയങ്ങൾ,പണയം
പണയവും,പണയം
പണയം,പണയം
പണയങ്ങൾ,പണയം
പണയവും,പണയം
പണയപ്പെടുത്തി,പണയപ്പെടുത്തുക
പണയപ്പെടുത്തുന്നു,പണയപ്പെടുത്തുക
പണയപ്പെടുത്തുന്ന,പണയപ്പെടുത്തുക
പണയാധാരങ്ങൾ,പണയാധാരം
പണി,പണി
പണീ,പണി
പണി,പണി
പണീ,പണി
പണിക്കൻ,പണിക്കൻ
പണിക്കന്,പണിക്കൻ
പണിക്കന്മാർ,പണിക്കൻ
പണിക്കൻ,പണിക്കൻ
പണിക്കന്,പണിക്കൻ
പണിക്കന്മാർ,പണിക്കൻ
പണിക്കർ,പണിക്കർ
പണിക്കരെ,പണിക്കർ
പണിക്കരോട്,പണിക്കർ
പണിക്കരുടെ,പണിക്കർ
പണിക്കരിൽ,പണിക്കർ
പണിക്കരും,പണിക്കർ
പണിക്കാരനെ,പണിക്കാരൻ
പണിക്കാരന്,പണിക്കാരൻ
പണിക്കാരന്റെ,പണിക്കാരൻ
പണിക്കുറ,പണിക്കുറ
പണിക്കുറ്റം,പണിക്കുറ്റം
പണിക്കൂലി,പണിക്കൂലി
പണിത,പണിത
പണിപ്പുര,പണിപ്പുര
പണിപ്പെടുന്ന,പണിപ്പെടുക
പണിപ്പെടുന്ന,പണിപ്പെടുക
പണിമുടക്ക്,പണിമുടക്ക്
പണിമുടക്കിനെ,പണിമുടക്ക്
പണിമുടക്കിനോട്,പണിമുടക്ക്
പണിമുടക്കിന്,പണിമുടക്ക്
പണിമുടക്കിന്റെ,പണിമുടക്ക്
പണിമുടക്കിൽ,പണിമുടക്ക്
പണിമുടക്കും,പണിമുടക്ക്
പണിയന്,പണിയൻ
പണിയാ,പണിയൻ
പണിയിടങ്ങൾ,പണിയിടം
പണിയുക,പണിയുക
പണിഞ്ഞു,പണിയുക
പണിയുന്നു,പണിയുക
പണിയുന്ന,പണിയുക
പണിയുക,പണിയുക
പണിഞ്ഞു,പണിയുക
പണിയുന്നു,പണിയുക
പണിയുന്ന,പണിയുക
പണ്ട,പണ്ട
പണ്ടം,പണ്ടം
പണ്ടങ്ങൾ,പണ്ടം
പണ്ടവും,പണ്ടം
പണ്ടകശാല,പണ്ടകശാല
പണ്ടത്തെ,പണ്ടത്തെ
പണ്ടാരം,പണ്ടാരം
പണ്ടാരം,പണ്ടാരം
പണ്ടാരത്തിൽ,പണ്ടാരത്തിൽ
പണ്ടാരത്തില്,പണ്ടാരത്തിൽ
പണ്ടാരൻ,പണ്ടാരൻ
പണ്ടാരവക,പണ്ടാരവക
പണ്ടാരി,പണ്ടാരി
പണ്ടീ,പണ്ടി
പണ്ടേ,പണ്ടേ
പണ്ട്,പണ്ട്
പണ്ടും,പണ്ട്
പണ്ഡിത,പണ്ഡിത
പണ്ഡിതമ്,പണ്ഡിതം
പണ്ഡിതൻ,പണ്ഡിതൻ
പണ്ഡിതനെ,പണ്ഡിതൻ
പണ്ഡിതന്,പണ്ഡിതൻ
പണ്ഡിതന്റെ,പണ്ഡിതൻ
പണ്ഡിതന്മാർ,പണ്ഡിതൻ
പണ്ഡിതനും,പണ്ഡിതൻ
പത,പത
പത,പത
പതം,പതം
പതക,പതക
പതകം,പതകം
പതക്ക്,പതക്ക്
പതക്കും,പതക്ക്
പതജ്ഞലി,പതജ്ഞലി
പതനം,പതനം
പതനവും,പതനം
പതഞ്ഞു,പതയുക
പതയുന്നു,പതയുക
പതഞ്ഞു,പതയുക
പതയുന്നു,പതയുക
പതറി,പതറുക
പതറുന്നു,പതറുക
പതറുന്ന,പതറുക
പതാക,പതാക
പതാക,പതാക
പതാരം,പതാരം
പതാരത്ത്,പതാരം
പതി,പതി
പതീ,പതി
പതി,പതി
പതീ,പതി
പതികം,പതികം
പതികങ്ങൾ,പതികം
പതിത്തം,പതിത്തം
പതിത്വം,പതിത്വം
പതിനഞ്ച്,പതിനഞ്ച്
പതിനഞ്ചിനെ,പതിനഞ്ച്
പതിനഞ്ചിന്,പതിനഞ്ച്
പതിനഞ്ചിന്റെ,പതിനഞ്ച്
പതിനഞ്ചിൽ,പതിനഞ്ച്
പതിനഞ്ചും,പതിനഞ്ച്
പതിനഞ്ചാം,പതിനഞ്ച്
പതിനായിരം,പതിനായിരം
പതിനായിരങ്ങൾ,പതിനായിരം
പതിനായിരവും,പതിനായിരം
പതിനാറ്,പതിനാറ്
പതിനാറിന്,പതിനാറ്
പതിനാറിന്,പതിനാറ്
പതിനാറിന്റെ,പതിനാറ്
പതിനാറിന്റെ,പതിനാറ്
പതിനാറിൽ,പതിനാറ്
പതിനാറിൽ,പതിനാറ്
പതിനാറും,പതിനാറ്
പതിനാറാം,പതിനാറ്
പതിനെട്ടാംപടി,പതിനെട്ടാംപടി
പതിനെട്ട്,പതിനെട്ട്
പതിനെട്ടിന്,പതിനെട്ട്
പതിനെട്ടിന്റെ,പതിനെട്ട്
പതിനെട്ടും,പതിനെട്ട്
പതിനെട്ടാം,പതിനെട്ട്
പതിനെണ്ണായിരം,പതിനെണ്ണായിരം
പതിനൊന്ന്,പതിനൊന്ന്
പതിനൊന്നാം,പതിനൊന്ന്
പതിനേഴ്,പതിനേഴ്
പതിനേഴിന്,പതിനേഴ്
പതിനേഴിന്റെ,പതിനേഴ്
പതിനേഴിൽ,പതിനേഴ്
പതിനേഴും,പതിനേഴ്
പതിനേഴാം,പതിനേഴ്
പതിന്നാല്,പതിന്നാല്
പതിന്നാലിന്,പതിന്നാല്
പതിന്നാലിന്,പതിന്നാല്
പതിന്നാലും,പതിന്നാല്
പതിന്നാലും,പതിന്നാല്
പതിന്നാലാം,പതിന്നാല്
പതിപ്പതവാരം,പതിപ്പതവാരം
പതിപ്പിക്കുക,പതിപ്പിക്കുക
പതിപ്പിച്ചു,പതിപ്പിക്കുക
പതിപ്പിക്കുന്നു,പതിപ്പിക്കുക
പതിപ്പിക്കുന്ന,പതിപ്പിക്കുക
പതിപ്പ്,പതിപ്പ്
പതിപ്പിനെ,പതിപ്പ്
പതിപ്പിനോട്,പതിപ്പ്
പതിപ്പിന്,പതിപ്പ്
പതിപ്പിന്റെ,പതിപ്പ്
പതിപ്പിൽ,പതിപ്പ്
പതിപ്പുകൾ,പതിപ്പ്
പതിപ്പും,പതിപ്പ്
പതിപ്പായ,പതിപ്പ്
പതിമൂക്കൻ,പതിമൂക്കൻ
പതിമ്മൂന്ന്,പതിമ്മൂന്ന്
പതിമ്മൂന്നാം,പതിമ്മൂന്ന്
പതിയം,പതിയം
പതിയന്,പതിയൻ
പതിയാൻ,പതിയാൻ
പതിയാന്,പതിയാൻ
പതിയിരിക്കുന്നു,പതിയിരിക്കുക
പതിയിരിക്കുന്ന,പതിയിരിക്കുക
പതിയുക,പതിയുക
പതിഞ്ഞു,പതിയുക
പതിയുന്നു,പതിയുക
പതിയുന്ന,പതിയുക
പതിയുക,പതിയുക
പതിഞ്ഞു,പതിയുക
പതിയുന്നു,പതിയുക
പതിയുന്ന,പതിയുക
പതിരിനെ,പതിർ
പതിരും,പതിർ
പതിറ്റുപ്പത്ത്,പതിറ്റുപ്പത്ത്
പതിവ്,പതിവ്
പതിവിന്,പതിവ്
പതിവിൽ,പതിവ്
പതിവുകൾ,പതിവ്
പതിവും,പതിവ്
പതിവായ,പതിവ്
പതു,പതു
പതുക്കെ,പതുക്കെ
പതുങ്ങി,പതുങ്ങി
പതുങ്ങുന്ന,പതുങ്ങുക
പതുങ്ങുന്ന,പതുങ്ങുക
പതുപ്പ്,പതുപ്പ്
പത്,പത്
പതും,പത്
പതാം,പത്
പതായ,പത്
പത്തന,പത്തന
പത്തനം,പത്തനം
പത്തമ്പത്,പത്തമ്പത്
പത്തരമാറ്റ്,പത്തരമാറ്റ്
പത്തരമാറ്റിന്റെ,പത്തരമാറ്റ്
പത്തരമാറ്റിന്റെ,പത്തരമാറ്റ്
പത്തരമാറ്റിൽ,പത്തരമാറ്റ്
പത്തരമാറ്റിൽ,പത്തരമാറ്റ്
പത്തല്,പത്തൽ
പത്താം,പത്താം
പത്താവും,പത്താം
പത്താംതരം,പത്താംതരം
പത്താംതരവും,പത്താംതരം
പത്താമുദയം,പത്താമുദയം
പത്തായം,പത്തായം
പത്തായവും,പത്തായം
പത്തായപ്പുര,പത്തായപ്പുര
പത്തായിരം,പത്തായിരം
പത്തി,പത്തി
പത്തി,പത്തി
പത്തിരി,പത്തിരി
പത്തിരുപത്,പത്തിരുപത്
പത്തുദിക്കുകളും,പത്തുദിക്കുകൾ
പത്ത്,പത്ത്
പത്തിനെ,പത്ത്
പത്തിന്,പത്ത്
പത്തിന്റെ,പത്ത്
പത്തിൽ,പത്ത്
പത്തും,പത്ത്
പത്താം,പത്ത്
പത്തായ,പത്ത്
പത്ത്,പത്ത്
പത്തിനെ,പത്ത്
പത്തിന്,പത്ത്
പത്തിന്റെ,പത്ത്
പത്തിൽ,പത്ത്
പത്തും,പത്ത്
പത്താം,പത്ത്
പത്തായ,പത്ത്
പത്നി,പത്നി
പത്നീ,പത്നി
പത്നി,പത്നി
പത്നീ,പത്നി
പത്നീ,പത്നീ
പത്മം,പത്മം
പത്മങ്ങൾ,പത്മം
പത്മജൻ,പത്മജൻ
പത്മജാ,പത്മജൻ
പത്മനാഭൻ,പത്മനാഭൻ
പത്മനാഭനെ,പത്മനാഭൻ
പത്മനാഭന്,പത്മനാഭൻ
പത്മനാഭന്റെ,പത്മനാഭൻ
പത്മനാഭനും,പത്മനാഭൻ
പത്മനാഭാ,പത്മനാഭൻ
പത്മൻ,പത്മൻ
പത്മന്,പത്മൻ
പത്മാ,പത്മൻ
പത്മപാദരുടെ,പത്മപാദർ
പത്മപുരാണം,പത്മപുരാണം
പത്മരാഗം,പത്മരാഗം
പത്മവ്യൂഹം,പത്മവ്യൂഹം
പത്മശ്രീ,പത്മശ്രീ
പത്മാക്ഷൻ,പത്മാക്ഷൻ
പത്മാക്ഷന്,പത്മാക്ഷൻ
പത്മാക്ഷി,പത്മാക്ഷി
പത്മാവതി,പത്മാവതി
പത്മി,പത്മി
പത്മിനി,പത്മിനി
പത്ര,പത്ര
പത്രം,പത്രം
പത്രങ്ങൾ,പത്രം
പത്രവും,പത്രം
പത്രക,പത്രക
പത്രകങ്ങൾ,പത്രകം
പത്രപ്രവർത്തകൻ,പത്രപ്രവർത്തകൻ
പത്രപ്രവർത്തകന്,പത്രപ്രവർത്തകൻ
പത്രപ്രവർത്തകന്റെ,പത്രപ്രവർത്തകൻ
പത്രപ്രവർത്തകനിൽ,പത്രപ്രവർത്തകൻ
പത്രപ്രവർത്തകനും,പത്രപ്രവർത്തകൻ
പത്രപ്രവർത്തനം,പത്രപ്രവർത്തനം
പത്രപ്രവർത്തനവും,പത്രപ്രവർത്തനം
പത്രലേഖകൻ,പത്രലേഖകൻ
പത്രലേഖകനോട്,പത്രലേഖകൻ
പത്രലേഖകന്റെ,പത്രലേഖകൻ
പത്രാധിപ,പത്രാധിപ
പത്രാധിപത്യം,പത്രാധിപത്യം
പത്രാധിപത്യവും,പത്രാധിപത്യം
പത്രാധിപർ,പത്രാധിപർ
പത്രാധിപരെ,പത്രാധിപർ
പത്രാധിപരോട്,പത്രാധിപർ
പത്രാധിപരുടെ,പത്രാധിപർ
പത്രാധിപരും,പത്രാധിപർ
പത്രാധിപരേ,പത്രാധിപർ
പത്രി,പത്രി
പത്രി,പത്രി
പത്രിക,പത്രിക
പത്രികാ,പത്രികാ
പഥ,പഥ
പഥം,പഥം
പഥങ്ങൾ,പഥം
പഥവും,പഥം
പഥത്തിന്,പഥത്ത്
പഥത്തിന്റെ,പഥത്ത്
പഥത്തിൽ,പഥത്ത്
പഥികന്,പഥികൻ
പഥ്യം,പഥ്യം
പഥ്യവും,പഥ്യം
പദ,പദ
പദം,പദം
പദങ്ങൾ,പദം
പദവും,പദം
പദമ്,പദം
പദം,പദം
പദങ്ങൾ,പദം
പദവും,പദം
പദമ്,പദം
പദങ്ങൾ,പദങ്ങൾ
പദങ്ങളെ,പദങ്ങൾ
പദങ്ങളാൽ,പദങ്ങൾ
പദങ്ങളുടെ,പദങ്ങൾ
പദങ്ങളിൽ,പദങ്ങൾ
പദങ്ങളും,പദങ്ങൾ
പദങ്ങളേ,പദങ്ങൾ
പദവി,പദവി
പദവിന്യാസം,പദവിന്യാസം
പദവിന്യാസവും,പദവിന്യാസം
പദാദി,പദാദി
പദാനുപദം,പദാനുപദം
പദാന്തം,പദാന്തം
പദാന്തസന്ധി,പദാന്തസന്ധി
പദാർഥ,പദാർഥ
പദാർഥം,പദാർഥം
പദാർഥങ്ങൾ,പദാർഥം
പദാവലി,പദാവലി
പദാം,പദ്
പദ്ധതി,പദ്ധതി
പദ്ധതി,പദ്ധതി
പദ്മ,പദ്മ
പദ്മം,പദ്മം
പദ്മവും,പദ്മം
പദ്മാസന,പദ്മാസന
പദ്യ,പദ്യ
പദ്യ,പദ്യ
പദ്യം,പദ്യം
പദ്യങ്ങൾ,പദ്യം
പദ്യവും,പദ്യം
പദ്യവാക്യങ്ങൾ,പദ്യവാക്യം
പന,പന
പന,പന
പനങ്കൂമ്പ്,പനങ്കൂമ്പ്
പനഞ്ചക്കര,പനഞ്ചക്കര
പനനൂറ്,പനനൂർ
പനമ്പഴം,പനമ്പഴം
പനമ്പഴവും,പനമ്പഴം
പനമ്പ്,പനമ്പ്
പനമ്പിന്,പനമ്പ്
പനമ്പിന്റെ,പനമ്പ്
പനമ്പിൽ,പനമ്പ്
പനസ,പനസ
പനസ,പനസ
പനസം,പനസം
പനസി,പനസി
പനസീ,പനസി
പനി,പനി
പനീ,പനി
പനി,പനി
പനീ,പനി
പനിച്ചു,പനിക്കുക
പനിച്ചൂടിന്റെ,പനിച്ചൂട്
പനിനീര്,പനിനീര്
പനിനീരും,പനിനീര്
പനിനീർ,പനിനീർ
പനിനീരും,പനിനീർ
പനിമതി,പനിമതി
പനിയൻ,പനിയൻ
പന്തം,പന്തം
പന്തങ്ങൾ,പന്തം
പന്തവും,പന്തം
പന്തക്കാൽ,പന്തക്കാൽ
പന്തയം,പന്തയം
പന്തയവും,പന്തയം
പന്തയം,പന്തയം
പന്തയവും,പന്തയം
പന്തലിച്ചു,പന്തലിക്കുക
പന്തലിക്കുന്നു,പന്തലിക്കുക
പന്തലിക്കുന്ന,പന്തലിക്കുക
പന്തൽ,പന്തൽ
പന്തല്,പന്തൽ
പന്താട്ടം,പന്താട്ടം
പന്തി,പന്തി
പന്തി,പന്തി
പന്തികേട്,പന്തികേട്
പന്തിരുകുലം,പന്തിരുകുലം
പന്തിരുകുലവും,പന്തിരുകുലം
പന്തീരടി,പന്തീരടി
പന്തീരാണ്ട്,പന്തീരാണ്ട്
പന്തീരായിരം,പന്തീരായിരം
പന്തീരായിരവും,പന്തീരായിരം
പന്ത്,പന്ത്
പന്തിനെ,പന്ത്
പന്തിനോട്,പന്ത്
പന്തിന്,പന്ത്
പന്തിന്റെ,പന്ത്
പന്തിൽ,പന്ത്
പന്തുകൾ,പന്ത്
പന്തും,പന്ത്
പന്ത്രണ്ട്,പന്ത്രണ്ട്
പന്ത്രണ്ടിന്,പന്ത്രണ്ട്
പന്ത്രണ്ടിൽ,പന്ത്രണ്ട്
പന്ത്രണ്ടും,പന്ത്രണ്ട്
പന്ത്രണ്ടാം,പന്ത്രണ്ട്
പന്ഥാ,പന്ഥാ
പന്ന,പന്ന
പന്ന,പന്ന
പന്നങ്ങൾ,പന്നം
പന്നഗം,പന്നഗം
പന്നൽ,പന്നൽ
പന്നാസ്,പന്നാസ്
പന്നി,പന്നി
പന്നി,പന്നി
പന്നിക്കുഴി,പന്നിക്കുഴി
പന്നിയെലി,പന്നിയെലി
പപു,പപു
പപ്പായ,പപ്പ്
പമ്പ,പമ്പ
പമ്പരം,പമ്പരം
പമ്പരവും,പമ്പരം
പമ്പരം,പമ്പരം
പമ്പരവും,പമ്പരം
പമ്പ്,പമ്പ്
പമ്പിനെ,പമ്പ്
പമ്പിനോട്,പമ്പ്
പമ്പിന്,പമ്പ്
പമ്പിൻ,പമ്പ്
പമ്പിന്റെ,പമ്പ്
പമ്പിൽ,പമ്പ്
പമ്പുകൾ,പമ്പ്
പമ്പും,പമ്പ്
പയറ്,പയറ്
പയറിനെ,പയറ്
പയറിനെ,പയറ്
പയറിന്,പയറ്
പയറിന്,പയറ്
പയറിന്റെ,പയറ്
പയറിന്റെ,പയറ്
പയറിൽ,പയറ്
പയറിൽ,പയറ്
പയറുകൾ,പയറ്
പയറുകൾ,പയറ്
പയറുകൾ,പയറ്
പയറും,പയറ്
പയറ്,പയറ്
പയറിനെ,പയറ്
പയറിനെ,പയറ്
പയറിന്,പയറ്
പയറിന്,പയറ്
പയറിന്റെ,പയറ്
പയറിന്റെ,പയറ്
പയറിൽ,പയറ്
പയറിൽ,പയറ്
പയറുകൾ,പയറ്
പയറുകൾ,പയറ്
പയറുകൾ,പയറ്
പയറും,പയറ്
പയറ്റു,പയറ്റു
പയറ്റുക,പയറ്റുക
പയറ്റി,പയറ്റുക
പയറ്റുന്നു,പയറ്റുക
പയറ്റുന്ന,പയറ്റുക
പയറ്റ്,പയറ്റ്
പയറ്റിന്,പയറ്റ്
പയറ്റിന്,പയറ്റ്
പയറ്റിൽ,പയറ്റ്
പയറ്റിൽ,പയറ്റ്
പയറ്റും,പയറ്റ്
പയറ്റുക,പയറ്റ്
പയല്,പയൽ
പയസ്,പയസ്
പയസിന്റെ,പയസ്
പയസ്വിനി,പയസ്വിനി
പയസ്സ്,പയസ്സ്
പയസ്സിന്റെ,പയസ്സ്
പയ്യ,പയ്യ
പയ്യൻ,പയ്യൻ
പയ്യനെ,പയ്യൻ
പയ്യനോട്,പയ്യൻ
പയ്യന്,പയ്യൻ
പയ്യന്റെ,പയ്യൻ
പയ്യനും,പയ്യൻ
പയ്യാ,പയ്യൻ
പയ്യെ,പയ്യെ
പര,പര
പര,പര
പരം,പരം
പരവും,പരം
പരം,പരം
പരവും,പരം
പരക്കം,പരക്കം
പരക്കൽ,പരക്കൽ
പരക്കവെ,പരക്കവെ
പരക്കുക,പരക്കുക
പരക്കുന്നു,പരക്കുക
പരക്കുന്ന,പരക്കുക
പരന്നു,പരക്കുക
പരക്കുക,പരക്കുക
പരക്കുന്നു,പരക്കുക
പരക്കുന്ന,പരക്കുക
പരന്നു,പരക്കുക
പരക്കെ,പരക്കെ
പരഗതി,പരഗതി
പരണത്ത്,പരണം
പരതുന്നു,പരതുക
പരത്തി,പരത്തി
പരത്തി,പരത്തി
പരത്തുക,പരത്തുക
പരത്തി,പരത്തുക
പരത്തുന്നു,പരത്തുക
പരത്തുന്ന,പരത്തുക
പരത്തുക,പരത്തുക
പരത്തി,പരത്തുക
പരത്തുന്നു,പരത്തുക
പരത്തുന്ന,പരത്തുക
പരത്തും,പരത്ത്
പരത്തുക,പരത്ത്
പരദൂഷണം,പരദൂഷണം
പരദൂഷണവും,പരദൂഷണം
പരദേവത,പരദേവത
പരദേശത്ത്,പരദേശം
പരദേശി,പരദേശി
പരന്നത്,പരന്നത്
പരന്നതിനെ,പരന്നത്
പരന്നതിനാൽ,പരന്നത്
പരന്നതിന്റെ,പരന്നത്
പരന്നതും,പരന്നത്
പരൻ,പരൻ
പരന്,പരൻ
പരനും,പരൻ
പരാ,പരൻ
പരപരാ,പരപരാ
പരപീഡ,പരപീഡ
പരപീഡനം,പരപീഡനം
പരപുരുഷനെ,പരപുരുഷൻ
പരപുരുഷന്,പരപുരുഷൻ
പരപ്പനാട്,പരപ്പനാട്
പരപ്പനാട്ട്,പരപ്പനാട്
പരപ്പൻ,പരപ്പൻ
പരപ്പന്,പരപ്പൻ
പരപ്പ്,പരപ്പ്
പരപ്പിന്,പരപ്പ്
പരപ്പിൽ,പരപ്പ്
പരപ്പും,പരപ്പ്
പരബ്രഹ്മം,പരബ്രഹ്മം
പരബ്രഹ്മവും,പരബ്രഹ്മം
പരഭൃതിക,പരഭൃതിക
പരമ,പരമ
പരമം,പരമം
പരമകാഷ്ഠ,പരമകാഷ്ഠ
പരമഗുരു,പരമഗുരു
പരമൻ,പരമൻ
പരമന്,പരമൻ
പരമാ,പരമൻ
പരമപദം,പരമപദം
പരമപുരുഷനെ,പരമപുരുഷൻ
പരമപുരുഷന്,പരമപുരുഷൻ
പരമരഹസ്യം,പരമരഹസ്യം
പരമശാന്തി,പരമശാന്തി
പരമശിവൻ,പരമശിവൻ
പരമശിവനെ,പരമശിവൻ
പരമശിവനോട്,പരമശിവൻ
പരമശിവന്,പരമശിവൻ
പരമശിവന്റെ,പരമശിവൻ
പരമശിവനും,പരമശിവൻ
പരമഹംസൻ,പരമഹംസൻ
പരമഹംസന്,പരമഹംസൻ
പരമഹംസനും,പരമഹംസൻ
പരമാണു,പരമാണു
പരമാത്മാവ്,പരമാത്മാവ്
പരമാത്മാവിനെ,പരമാത്മാവ്
പരമാത്മാവിനോട്,പരമാത്മാവ്
പരമാത്മാവിന്,പരമാത്മാവ്
പരമാത്മാവിന്റെ,പരമാത്മാവ്
പരമാത്മാവും,പരമാത്മാവ്
പരമാത്മാവായ,പരമാത്മാവ്
പരമാനന്ദം,പരമാനന്ദം
പരമാനന്ദവും,പരമാനന്ദം
പരമാർഥവും,പരമാർഥം
പരമാവധി,പരമാവധി
പരമേശ്വരൻ,പരമേശ്വരൻ
പരമേശ്വരനെ,പരമേശ്വരൻ
പരമേശ്വരനോട്,പരമേശ്വരൻ
പരമേശ്വരന്,പരമേശ്വരൻ
പരമേശ്വരന്റെ,പരമേശ്വരൻ
പരമേശ്വരനും,പരമേശ്വരൻ
പരമേശ്വരാ,പരമേശ്വരൻ
പരമേശ്വരി,പരമേശ്വരി
പരമേശ്വരീ,പരമേശ്വരി
പരമേഷ്ഠീ,പരമേഷ്ഠി
പരമ്പര,പരമ്പര
പരമ്പരാ,പരമ്പരൻ
പരമ്പ്,പരമ്പ്
പരൽ,പരൽ
പരല്,പരൽ
പരവ,പരവ
പരവതാനി,പരവതാനി
പരവൻ,പരവൻ
പരവന്,പരവൻ
പരവേശവും,പരവേശം
പരവും,പരവ്
പരശു,പരശു
പരശു,പരശു
പരശുധരന്റെ,പരശുധരൻ
പരശുരാമക്ഷേത്രം,പരശുരാമക്ഷേത്രം
പരശുരാമൻ,പരശുരാമൻ
പരശുരാമനെ,പരശുരാമൻ
പരശുരാമനോട്,പരശുരാമൻ
പരശുരാമന്,പരശുരാമൻ
പരശുരാമനാൽ,പരശുരാമൻ
പരശുരാമന്റെ,പരശുരാമൻ
പരശുരാമനിൽ,പരശുരാമൻ
പരശുരാമനും,പരശുരാമൻ
പരശ്ശതം,പരശ്ശതം
പരസഹസ്രം,പരസഹസ്രം
പരസ്പര,പരസ്പര
പരസ്പരം,പരസ്പരം
പരസ്പരവും,പരസ്പരം
പരസ്യം,പരസ്യം
പരസ്യങ്ങൾ,പരസ്യം
പരസ്യവും,പരസ്യം
പരാ,പരാ
പരാക്രമം,പരാക്രമം
പരാക്രമവും,പരാക്രമം
പരാക്രമി,പരാക്രമി
പരാഗ,പരാഗ
പരാഗങ്ങൾ,പരാഗം
പരാജയം,പരാജയം
പരാജയങ്ങൾ,പരാജയം
പരാജയവും,പരാജയം
പരാജിത,പരാജിത
പരാജിഷ്ണു,പരാജിഷ്ണു
പരാദം,പരാദം
പരാദങ്ങൾ,പരാദം
പരാധീന,പരാധീന
പരാന്തകൻ,പരാന്തകൻ
പരാന്തകന്റെ,പരാന്തകൻ
പരാന്തകനും,പരാന്തകൻ
പരാന്നഭുക്കായ,പരാന്നഭുക്ക്
പരാപര,പരാപര
പരാമർശനം,പരാമർശനം
പരാമർശി,പരാമർശി
പരാമർശിച്ചു,പരാമർശിക്കുക
പരാമർശിക്കുന്നു,പരാമർശിക്കുക
പരാമർശിക്കുന്ന,പരാമർശിക്കുക
പരാമൃഷ്ട,പരാമൃഷ്ട
പരായണ,പരായണ
പരായണ,പരായണ
പരായണം,പരായണം
പരാരി,പരാരി
പരാരി,പരാരി
പരാവർത്തനം,പരാവർത്തനം
പരാവിദ്യ,പരാവിദ്യ
പരാശക്തി,പരാശക്തി
പരാശക്തീ,പരാശക്തി
പരാശരം,പരാശരം
പരാശരൻ,പരാശരൻ
പരാശരന്,പരാശരൻ
പരാശരന്റെ,പരാശരൻ
പരാശരനും,പരാശരൻ
പരാശ്രയ,പരാശ്രയ
പരി,പരി
പരീ,പരി
പരി,പരി
പരീ,പരി
പരികല്പിത,പരികല്പിത
പരിക്ക,പരിക്ക
പരിക്കുക,പരിക്കുക
പരിച്ചു,പരിക്കുക
പരിക്കുന്നു,പരിക്കുക
പരിക്ക്,പരിക്ക്
പരിക്കിനെ,പരിക്ക്
പരിക്കിനോട്,പരിക്ക്
പരിക്കിന്,പരിക്ക്
പരിക്കിന്റെ,പരിക്ക്
പരിക്കിൽ,പരിക്ക്
പരിക്കുകൾ,പരിക്ക്
പരിക്കും,പരിക്ക്
പരിക്കുക,പരിക്ക്
പരിക്ഷ,പരിക്ഷ
പരിഗണന,പരിഗണന
പരിഗണിക്കുക,പരിഗണിക്കുക
പരിഗണിച്ചു,പരിഗണിക്കുക
പരിഗണിക്കുന്നു,പരിഗണിക്കുക
പരിഗണിക്കുന്ന,പരിഗണിക്കുക
പരിഗ്രഹം,പരിഗ്രഹം
പരിഗ്രഹിച്ചു,പരിഗ്രഹിക്കുക
പരിച,പരിച
പരിചയ,പരിചയ
പരിചയം,പരിചയം
പരിചയവും,പരിചയം
പരിചയക്കാരൻ,പരിചയക്കാരൻ
പരിചയക്കാരനോട്,പരിചയക്കാരൻ
പരിചയക്കാരന്റെ,പരിചയക്കാരൻ
പരിചയിച്ചു,പരിചയിക്കുക
പരിചരണ,പരിചരണ
പരിചരണം,പരിചരണം
പരിചരണങ്ങൾ,പരിചരണം
പരിചരണവും,പരിചരണം
പരിചരിക്കുക,പരിചരിക്കുക
പരിചരിച്ചു,പരിചരിക്കുക
പരിചരിക്കുന്നു,പരിചരിക്കുക
പരിചരിക്കുന്ന,പരിചരിക്കുക
പരിചര്യ,പരിചര്യ
പരിചാരിക,പരിചാരിക
പരിചിത,പരിചിത
പരിചിത,പരിചിത
പരിചിൽ,പരിചിൽ
പരിചിൽ,പരിച്
പരിചിൽ,പരിച്
പരിച്ഛേദം,പരിച്ഛേദം
പരിച്ഛേദങ്ങൾ,പരിച്ഛേദം
പരിജ്ഞാനം,പരിജ്ഞാനം
പരിജ്ഞാനവും,പരിജ്ഞാനം
പരിണത,പരിണത
പരിണത,പരിണത
പരിണതി,പരിണതി
പരിണമിച്ചു,പരിണമിക്കുക
പരിണമിക്കുന്നു,പരിണമിക്കുക
പരിണമിക്കുന്ന,പരിണമിക്കുക
പരിണയിച്ചു,പരിണയിക്കുക
പരിണാമ,പരിണാമ
പരിണാമം,പരിണാമം
പരിണാമങ്ങൾ,പരിണാമം
പരിണാമവും,പരിണാമം
പരിണാമഗുപ്തി,പരിണാമഗുപ്തി
പരിണാമവാദവും,പരിണാമവാദം
പരിണീത,പരിണീത
പരിണീത,പരിണീത
പരിതഃസ്ഥിതി,പരിതഃസ്ഥിതി
പരിതപിക്കുക,പരിതപിക്കുക
പരിതപിച്ചു,പരിതപിക്കുക
പരിതപിക്കുന്നു,പരിതപിക്കുക
പരിതപിക്കുന്ന,പരിതപിക്കുക
പരിതാപം,പരിതാപം
പരിത്യജിക്കുക,പരിത്യജിക്കുക
പരിത്യജിച്ചു,പരിത്യജിക്കുക
പരിത്യജ്യ,പരിത്യജ്യ
പരിത്യാഗം,പരിത്യാഗം
പരിത്യാഗി,പരിത്യാഗി
പരിധി,പരിധി
പരിപാകം,പരിപാകം
പരിപാടി,പരിപാടി
പരിപാലക,പരിപാലക
പരിപാലനം,പരിപാലനം
പരിപാലനവും,പരിപാലനം
പരിപാലിക്കുക,പരിപാലിക്കുക
പരിപാലിച്ചു,പരിപാലിക്കുക
പരിപാലിക്കുന്നു,പരിപാലിക്കുക
പരിപാലിക്കുന്ന,പരിപാലിക്കുക
പരിപാവന,പരിപാവന
പരിപൂർണ,പരിപൂർണ
പരിപ്പ്,പരിപ്പ്
പരിപ്പിന്,പരിപ്പ്
പരിപ്പിന്റെ,പരിപ്പ്
പരിപ്പിൽ,പരിപ്പ്
പരിപ്പുകൾ,പരിപ്പ്
പരിപ്പും,പരിപ്പ്
പരിഭവം,പരിഭവം
പരിഭവങ്ങൾ,പരിഭവം
പരിഭവവും,പരിഭവം
പരിഭവിച്ചു,പരിഭവിക്കുക
പരിഭവിക്കുന്നു,പരിഭവിക്കുക
പരിഭവിക്കുന്ന,പരിഭവിക്കുക
പരിഭാഷ,പരിഭാഷ
പരിഭാഷകൻ,പരിഭാഷകൻ
പരിഭാഷകന്,പരിഭാഷകൻ
പരിഭാഷകനും,പരിഭാഷകൻ
പരിഭ്രമം,പരിഭ്രമം
പരിഭ്രമവും,പരിഭ്രമം
പരിഭ്രമിച്ചു,പരിഭ്രമിക്കുക
പരിഭ്രമിക്കുന്ന,പരിഭ്രമിക്കുക
പരിഭ്രാന്തി,പരിഭ്രാന്തി
പരിമ,പരിമ
പരിമണം,പരിമണം
പരിമളം,പരിമളം
പരിമളത്ത്,പരിമളം
പരിമാണ,പരിമാണ
പരിമിത,പരിമിത
പരിമിതി,പരിമിതി
പരിയത്ത്,പരിയം
പരിരക്ഷ,പരിരക്ഷ
പരിരക്ഷണം,പരിരക്ഷണം
പരിരക്ഷണവും,പരിരക്ഷണം
പരിരക്ഷിക്കുക,പരിരക്ഷിക്കുക
പരിരക്ഷിച്ചു,പരിരക്ഷിക്കുക
പരിരക്ഷിക്കുന്നു,പരിരക്ഷിക്കുക
പരിരക്ഷിത,പരിരക്ഷിത
പരിലസിച്ചു,പരിലസിക്കുക
പരിലസിക്കുന്നു,പരിലസിക്കുക
പരിലസിക്കുന്ന,പരിലസിക്കുക
പരിലാളനം,പരിലാളനം
പരിലാളിക്കുന്ന,പരിലാളിക്കുക
പരിവട്ടവും,പരിവട്ടം
പരിവർത്തനം,പരിവർത്തനം
പരിവർത്തനങ്ങൾ,പരിവർത്തനം
പരിവർത്തനവും,പരിവർത്തനം
പരിവാരം,പരിവാരം
പരിവാരങ്ങൾ,പരിവാരം
പരിവൃഢ,പരിവൃഢ
പരിവൃത്തി,പരിവൃത്തി
പരിവേഷം,പരിവേഷം
പരിവേഷങ്ങൾ,പരിവേഷം
പരിവേഷവും,പരിവേഷം
പരിവേഷണം,പരിവേഷണം
പരിവിന്,പരിവ്
പരിശ,പരിശ
പരിശിഷ്ടവും,പരിശിഷ്ടം
പരിശീലനം,പരിശീലനം
പരിശീലനങ്ങൾ,പരിശീലനം
പരിശീലനവും,പരിശീലനം
പരിശീലനമ്,പരിശീലനം
പരിശുദ്ധ,പരിശുദ്ധ
പരിശുദ്ധാത്മാവ്,പരിശുദ്ധാത്മാവ്
പരിശുദ്ധാത്മാവിന്,പരിശുദ്ധാത്മാവ്
പരിശുദ്ധാത്മാവിന്റെ,പരിശുദ്ധാത്മാവ്
പരിശുദ്ധാത്മാവും,പരിശുദ്ധാത്മാവ്
പരിശുദ്ധി,പരിശുദ്ധി
പരിശോധനാ,പരിശോധനാ
പരിശോധിച്ചു,പരിശോധിക്കുക
പരിശോധിക്കുന്നു,പരിശോധിക്കുക
പരിശോധിക്കുന്ന,പരിശോധിക്കുക
പരിശ്രമ,പരിശ്രമ
പരിശ്രമം,പരിശ്രമം
പരിശ്രമങ്ങൾ,പരിശ്രമം
പരിശ്രമവും,പരിശ്രമം
പരിശ്രമിക്കുക,പരിശ്രമിക്കുക
പരിശ്രമിച്ചു,പരിശ്രമിക്കുക
പരിശ്രമിക്കുന്നു,പരിശ്രമിക്കുക
പരിശ്രമിക്കുന്ന,പരിശ്രമിക്കുക
പരിഷ,പരിഷ
പരിഷത്ത്,പരിഷത്ത്
പരിഷത്തിനെ,പരിഷത്ത്
പരിഷത്തിനോട്,പരിഷത്ത്
പരിഷത്തിന്,പരിഷത്ത്
പരിഷത്തിന്റെ,പരിഷത്ത്
പരിഷത്തിൽ,പരിഷത്ത്
പരിഷത്തും,പരിഷത്ത്
പരിഷദ്,പരിഷദ്
പരിഷദിനെ,പരിഷദ്
പരിഷദിന്റെ,പരിഷദ്
പരിഷ്കരണം,പരിഷ്കരണം
പരിഷ്കരണങ്ങൾ,പരിഷ്കരണം
പരിഷ്കരണവും,പരിഷ്കരണം
പരിഷ്കരിക്കുക,പരിഷ്കരിക്കുക
പരിഷ്കരിച്ചു,പരിഷ്കരിക്കുക
പരിഷ്കരിക്കുന്നു,പരിഷ്കരിക്കുക
പരിഷ്കരിക്കുന്ന,പരിഷ്കരിക്കുക
പരിഷ്കാരം,പരിഷ്കാരം
പരിഷ്കാരങ്ങൾ,പരിഷ്കാരം
പരിഷ്കാരവും,പരിഷ്കാരം
പരിഷ്കൃത,പരിഷ്കൃത
പരിസമാപനം,പരിസമാപനം
പരിസരം,പരിസരം
പരിസരങ്ങൾ,പരിസരം
പരിസരവും,പരിസരം
പരിസരത്ത്,പരിസരം
പരിസ്ഥിതി,പരിസ്ഥിതി
പരിസ്ഥിതീ,പരിസ്ഥിതി
പരിഹരിക്കുക,പരിഹരിക്കുക
പരിഹരിച്ചു,പരിഹരിക്കുക
പരിഹരിക്കുന്നു,പരിഹരിക്കുക
പരിഹരിക്കുന്ന,പരിഹരിക്കുക
പരിഹസിക്കുക,പരിഹസിക്കുക
പരിഹസിച്ചു,പരിഹസിക്കുക
പരിഹസിക്കുന്നു,പരിഹസിക്കുക
പരിഹസിക്കുന്ന,പരിഹസിക്കുക
പരിഹാരം,പരിഹാരം
പരിഹാരങ്ങൾ,പരിഹാരം
പരിഹാരവും,പരിഹാരം
പരിഹാസം,പരിഹാസം
പരിഹാസവും,പരിഹാസം
പരിഹാസ്യ,പരിഹാസ്യ
പരീക്ഷ,പരീക്ഷ
പരീക്ഷണം,പരീക്ഷണം
പരീക്ഷണങ്ങൾ,പരീക്ഷണം
പരീക്ഷണവും,പരീക്ഷണം
പരീക്ഷാ,പരീക്ഷാ
പരീക്ഷാർഥി,പരീക്ഷാർഥി
പരീക്ഷിക്കുക,പരീക്ഷിക്കുക
പരീക്ഷിച്ചു,പരീക്ഷിക്കുക
പരീക്ഷിക്കുന്നു,പരീക്ഷിക്കുക
പരീക്ഷിക്കുന്ന,പരീക്ഷിക്കുക
പരീക്ഷിത്ത്,പരീക്ഷിത്ത്
പരീക്ഷിത്തിനെ,പരീക്ഷിത്ത്
പരീക്ഷിത്തിന്റെ,പരീക്ഷിത്ത്
പരു,പരു
പരുക്കൻ,പരുക്കൻ
പരുക്കന്,പരുക്കൻ
പരുക്കനും,പരുക്കൻ
പരുക്ക്,പരുക്ക്
പരുക്കിനെ,പരുക്ക്
പരുക്കിന്,പരുക്ക്
പരുക്കിന്റെ,പരുക്ക്
പരുക്കുകൾ,പരുക്ക്
പരുക്കും,പരുക്ക്
പരുത്ത,പരുത്ത
പരുത്തി,പരുത്തി
പരുത്തി,പരുത്തി
പരുന്ത്,പരുന്ത്
പരുന്തിനെ,പരുന്ത്
പരുന്തിന്,പരുന്ത്
പരുന്തിൻ,പരുന്ത്
പരുന്തിന്റെ,പരുന്ത്
പരുന്തിൽ,പരുന്ത്
പരുന്തുകൾ,പരുന്ത്
പരുന്തും,പരുന്ത്
പരുമ,പരുമ
പരുവം,പരുവം
പരുഷവും,പരുഷം
പരുഷന്മാർ,പരുഷൻ
പരേത,പരേത
പര്യത്ത്,പര്യം
പര്യടനം,പര്യടനം
പര്യടനങ്ങൾ,പര്യടനം
പര്യടനവും,പര്യടനം
പര്യന്തം,പര്യന്തം
പര്യന്തം,പര്യന്തം
പര്യവസാനം,പര്യവസാനം
പര്യവസാനിക്കുക,പര്യവസാനിക്കുക
പര്യവസാനിച്ചു,പര്യവസാനിക്കുക
പര്യവസാനിക്കുന്നു,പര്യവസാനിക്കുക
പര്യവേക്ഷണം,പര്യവേക്ഷണം
പര്യവേക്ഷണങ്ങൾ,പര്യവേക്ഷണം
പര്യവേക്ഷണവും,പര്യവേക്ഷണം
പര്യാപ്ത,പര്യാപ്ത
പര്യാപ്തവും,പര്യാപ്തം
പര്യാപ്തി,പര്യാപ്തി
പര്യായ,പര്യായ
പര്യായം,പര്യായം
പര്യായങ്ങൾ,പര്യായം
പര്യായവും,പര്യായം
പർണ,പർണ
പർണശാല,പർണശാല
പർദാ,പർദാ
പർവങ്ങൾ,പർവം
പർവത,പർവത
പർവതം,പർവതം
പർവതങ്ങൾ,പർവതം
പർവതവും,പർവതം
പർവതീകരിച്ചു,പർവതീകരിക്കുക
പറ,പറ
പറ,പറ
പറവും,പറം
പറത്ത്,പറം
പറക,പറക
പറക്കൽ,പറക്കൽ
പറക്കല്,പറക്കൽ
പറക്കുക,പറക്കുക
പറക്കുന്നു,പറക്കുക
പറക്കുന്ന,പറക്കുക
പറന്നു,പറക്കുക
പറക്കുടി,പറക്കുടി
പറങ്കി,പറങ്കി
പറങ്കിമാവ്,പറങ്കിമാവ്
പറങ്കിമാവിന്,പറങ്കിമാവ്
പറങ്കിമാവിൻ,പറങ്കിമാവ്
പറങ്കിയണ്ടി,പറങ്കിയണ്ടി
പറച്ചിൽ,പറച്ചിൽ
പറച്ചില്,പറച്ചിൽ
പറഞ്ഞ,പറഞ്ഞ
പറത്തുക,പറത്തുക
പറത്തി,പറത്തുക
പറത്തുന്നു,പറത്തുക
പറത്തുന്ന,പറത്തുക
പറപ്പിച്ചു,പറപ്പിക്കുക
പറപ്പിക്കുന്നു,പറപ്പിക്കുക
പറപ്പിക്കുന്ന,പറപ്പിക്കുക
പറമ്പ,പറമ്പ
പറമ്പി,പറമ്പി
പറമ്പ്,പറമ്പ്
പറമ്പോട്ട്,പറമ്പ്
പറമ്പിന്,പറമ്പ്
പറമ്പിന്റെ,പറമ്പ്
പറമ്പിൽ,പറമ്പ്
പറമ്പുകൾ,പറമ്പ്
പറമ്പും,പറമ്പ്
പറയൻ,പറയൻ
പറയനെ,പറയൻ
പറയന്,പറയൻ
പറയന്റെ,പറയൻ
പറയി,പറയി
പറയുക,പറയുക
പറഞ്ഞു,പറയുക
പറയുന്നു,പറയുക
പറയുന്ന,പറയുക
പറയുക,പറയുക
പറഞ്ഞു,പറയുക
പറയുന്നു,പറയുക
പറയുന്ന,പറയുക
പറവ,പറവ
പറി,പറി
പറിക്കുക,പറിക്കുക
പറിച്ചു,പറിക്കുക
പറിക്കുന്ന,പറിക്കുക
പറുദീസ,പറുദീസ
പറ്റം,പറ്റം
പറ്റിക്കുക,പറ്റിക്കുക
പറ്റിച്ചു,പറ്റിക്കുക
പറ്റിക്കുന്നു,പറ്റിക്കുക
പറ്റിക്കുന്ന,പറ്റിക്കുക
പറ്റുക,പറ്റുക
പറ്റി,പറ്റുക
പറ്റുന്നു,പറ്റുക
പറ്റുന്ന,പറ്റുക
പറ്റുക,പറ്റുക
പറ്റി,പറ്റുക
പറ്റുന്നു,പറ്റുക
പറ്റുന്ന,പറ്റുക
പറ്റുവിന,പറ്റുവിന
പറ്റെ,പറ്റെ
പറ്റ്,പറ്റ്
പറ്റും,പറ്റ്
പറ്റാം,പറ്റ്
പറ്റുക,പറ്റ്
പറ്റേ,പറ്റ്
പറ്റ്,പറ്റ്
പറ്റും,പറ്റ്
പറ്റാം,പറ്റ്
പറ്റുക,പറ്റ്
പറ്റേ,പറ്റ്
പല,പല
പല,പല
പലക,പലക
പലക,പലക
പലചരക്ക്,പലചരക്ക്
പലചരക്കുകൾ,പലചരക്ക്
പലചരക്കും,പലചരക്ക്
പലത്,പലത്
പലതിനെ,പലത്
പലതിൽ,പലത്
പലതും,പലത്
പലപല,പലപല
പലർ,പലർ
പലരെ,പലർ
പലരോട്,പലർ
പലരാൽ,പലർ
പലരുടെ,പലർ
പലരിൽ,പലർ
പലരും,പലർ
പലവക,പലവക
പലഹാരം,പലഹാരം
പലഹാരങ്ങൾ,പലഹാരം
പലഹാരവും,പലഹാരം
പലാണ്ഡു,പലാണ്ഡു
പലായനം,പലായനം
പലായനങ്ങൾ,പലായനം
പലായനവും,പലായനം
പലിശ,പലിശ
പലിശ,പലിശ
പല്ലം,പല്ലം
പല്ലക്ക്,പല്ലക്ക്
പല്ലക്കിൽ,പല്ലക്ക്
പല്ലക്കുകൾ,പല്ലക്ക്
പല്ലക്കും,പല്ലക്ക്
പല്ലവ,പല്ലവ
പല്ലവം,പല്ലവം
പല്ലവി,പല്ലവി
പല്ലവിനി,പല്ലവിനി
പല്ലി,പല്ലി
പല്ലി,പല്ലി
പല്ലിട,പല്ലിട
പല്ലുകുത്തി,പല്ലുകുത്തി
പല്ല്,പല്ല്
പല്ലിനെ,പല്ല്
പല്ലിനെ,പല്ല്
പല്ലിനോട്,പല്ല്
പല്ലിനോട്,പല്ല്
പല്ലിന്,പല്ല്
പല്ലിന്,പല്ല്
പല്ലിന്റെ,പല്ല്
പല്ലിന്റെ,പല്ല്
പല്ലിൽ,പല്ല്
പല്ലിൽ,പല്ല്
പല്ലുകൾ,പല്ല്
പല്ലുകൾ,പല്ല്
പല്ലും,പല്ല്
പല്ലും,പല്ല്
പല്ലേ,പല്ല്
പല്ല്,പല്ല്
പല്ലിനെ,പല്ല്
പല്ലിനെ,പല്ല്
പല്ലിനോട്,പല്ല്
പല്ലിനോട്,പല്ല്
പല്ലിന്,പല്ല്
പല്ലിന്,പല്ല്
പല്ലിന്റെ,പല്ല്
പല്ലിന്റെ,പല്ല്
പല്ലിൽ,പല്ല്
പല്ലിൽ,പല്ല്
പല്ലുകൾ,പല്ല്
പല്ലുകൾ,പല്ല്
പല്ലും,പല്ല്
പല്ലും,പല്ല്
പല്ലേ,പല്ല്
പളുങ്ക്,പളുങ്ക്
പളുങ്കും,പളുങ്ക്
പള്ള,പള്ള
പള്ളം,പള്ളം
പള്ളങ്ങൾ,പള്ളം
പള്ളവും,പള്ളം
പള്ളത്ത്,പള്ളം
പള്ളൻ,പള്ളൻ
പള്ളന്,പള്ളൻ
പള്ളാട്ട്,പള്ളാട്
പള്ളി,പള്ളി
പള്ളീ,പള്ളി
പള്ളി,പള്ളി
പള്ളീ,പള്ളി
പള്ളിക്കുന്ന്,പള്ളിക്കുന്ന്
പള്ളിക്കുന്നിൽ,പള്ളിക്കുന്ന്
പള്ളിക്കുറുപ്പ്,പള്ളിക്കുറുപ്പ്
പള്ളിക്കുറുപ്പും,പള്ളിക്കുറുപ്പ്
പള്ളിക്കൂടം,പള്ളിക്കൂടം
പള്ളിക്കൂടങ്ങൾ,പള്ളിക്കൂടം
പള്ളിക്കൂടവും,പള്ളിക്കൂടം
പള്ളിക്കെട്ട്,പള്ളിക്കെട്ട്
പള്ളിക്കെട്ടിൽ,പള്ളിക്കെട്ട്
പള്ളിച്ചാൻ,പള്ളിച്ചാൻ
പള്ളിമാറാടി,പള്ളിമാറാടി
പള്ളിയടക്കം,പള്ളിയടക്കം
പള്ളിയടക്കവും,പള്ളിയടക്കം
പള്ളിയമ്പ്,പള്ളിയമ്പ്
പള്ളിയറ,പള്ളിയറ
പള്ളിയാർ,പള്ളിയാർ
പള്ളിയാരെ,പള്ളിയാർ
പള്ളിവാൾ,പള്ളിവാൾ
പള്ളിവാളും,പള്ളിവാൾ
പള്ളിവേട്ട,പള്ളിവേട്ട
പള്ള്,പള്ള്
പള്ളിന്റെ,പള്ള്
പള്ളിൽ,പള്ള്
പഴ,പഴ
പഴം,പഴം
പഴങ്ങൾ,പഴം
പഴവും,പഴം
പഴം,പഴം
പഴങ്ങൾ,പഴം
പഴവും,പഴം
പഴക്കം,പഴക്കം
പഴക്കവും,പഴക്കം
പഴക്കി,പഴക്കുക
പഴങ്കഞ്ഞി,പഴങ്കഞ്ഞി
പഴങ്കഥ,പഴങ്കഥ
പഴഞ്ചൻ,പഴഞ്ചൻ
പഴഞ്ചന്,പഴഞ്ചൻ
പഴപ്രഥമൻ,പഴപ്രഥമൻ
പഴമ,പഴമ
പഴമൂട്,പഴമൂട്
പഴയ,പഴയ
പഴയത്,പഴയത്
പഴയതിനെ,പഴയത്
പഴയതിനോട്,പഴയത്
പഴയതിന്,പഴയത്
പഴയതിന്റെ,പഴയത്
പഴയതിൽ,പഴയത്
പഴയതും,പഴയത്
പഴയരിക്കണ്ടം,പഴയരിക്കണ്ടം
പഴയരിക്കണ്ടത്ത്,പഴയരിക്കണ്ടം
പഴശി,പഴശി
പഴശ്ശി,പഴശ്ശി
പഴി,പഴി
പഴി,പഴി
പഴിച്ചു,പഴിക്കുക
പഴിക്കുന്നു,പഴിക്കുക
പഴിക്കുന്ന,പഴിക്കുക
പഴുക്കുന്നു,പഴുക്കുക
പഴുക്കുന്ന,പഴുക്കുക
പഴുക്കുന്നു,പഴുക്കുക
പഴുക്കുന്ന,പഴുക്കുക
പഴുതാര,പഴുതാര
പഴുതേ,പഴുതേ
പഴുത്,പഴുത്
പഴുതിന്,പഴുത്
പഴുതുകൾ,പഴുത്
പഴുതും,പഴുത്
പഴുത്,പഴുത്
പഴുതിന്,പഴുത്
പഴുതുകൾ,പഴുത്
പഴുതും,പഴുത്
പഴുപ്പിച്ചു,പഴുപ്പിക്കുക
പഴുപ്പിക്കുന്ന,പഴുപ്പിക്കുക
പഴുപ്പ്,പഴുപ്പ്
പഴുപ്പിനെ,പഴുപ്പ്
പഴുപ്പും,പഴുപ്പ്
പഴേ,പഴേ
പവങ്ങൾ,പവം
പവനൻ,പവനൻ
പവനനെ,പവനൻ
പവനന്,പവനൻ
പവനന്റെ,പവനൻ
പവനനും,പവനൻ
പവൻ,പവൻ
പവനെ,പവൻ
പവനോട്,പവൻ
പവന്,പവൻ
പവന്റെ,പവൻ
പവനിൽ,പവൻ
പവനും,പവൻ
പവി,പവി
പവി,പവി
പവിത്ര,പവിത്ര
പവിത്ര,പവിത്ര
പവിത്രം,പവിത്രം
പവിത്രവും,പവിത്രം
പവിത്രക്കെട്ട്,പവിത്രക്കെട്ട്
പവിത്രക്കെട്ടിന്,പവിത്രക്കെട്ട്
പവിഴം,പവിഴം
പവിഴങ്ങൾ,പവിഴം
പവിഴവും,പവിഴം
പവിഴപ്പുറ്റ്,പവിഴപ്പുറ്റ്
പവിഴപ്പുറ്റിന്റെ,പവിഴപ്പുറ്റ്
പവിഴപ്പുറ്റിന്റെ,പവിഴപ്പുറ്റ്
പവിഴപ്പുറ്റിൽ,പവിഴപ്പുറ്റ്
പവിഴപ്പുറ്റിൽ,പവിഴപ്പുറ്റ്
പവിഴപ്പുറ്റുകൾ,പവിഴപ്പുറ്റ്
പവിഴപ്പുറ്റുകൾ,പവിഴപ്പുറ്റ്
പവിഴപ്പുറ്റുകൾ,പവിഴപ്പുറ്റ്
പശ,പശ
പശ,പശ
പശമണ്ണ്,പശമണ്ണ്
പശമണ്ണും,പശമണ്ണ്
പശു,പശു
പശു,പശു
പശുപതി,പശുപതി
പശ്ചാത്,പശ്ചാത്
പശ്ചാത്തപിച്ചു,പശ്ചാത്തപിക്കുക
പശ്ചാത്തപിക്കുന്നു,പശ്ചാത്തപിക്കുക
പശ്ചാത്തപിക്കുന്ന,പശ്ചാത്തപിക്കുക
പശ്ചാത്തലം,പശ്ചാത്തലം
പശ്ചാത്തലങ്ങൾ,പശ്ചാത്തലം
പശ്ചാത്തലവും,പശ്ചാത്തലം
പശ്ചാത്താപം,പശ്ചാത്താപം
പശ്ചാത്താപവും,പശ്ചാത്താപം
പശ്ചിമ,പശ്ചിമ
പശ്ചിമ,പശ്ചിമ
പശ്യ,പശ്യ
പശ്യ,പശ്യ
പശ്യന്തി,പശ്യന്തി
പശ്യന്തീ,പശ്യന്തി
പഹയൻ,പഹയൻ
പഹയന്,പഹയൻ
പഹയന്റെ,പഹയൻ
പഹിയാ,പഹിയാ
പാ,പാ
പാക,പാക
പാക,പാക
പാകം,പാകം
പാകത,പാകത
പാകപ്പിഴ,പാകപ്പിഴ
പാകി,പാകി
പാകി,പാകി
പാകിസ്ഥാൻ,പാകിസ്ഥാൻ
പാകിസ്ഥാനെ,പാകിസ്ഥാൻ
പാകിസ്ഥാനോട്,പാകിസ്ഥാൻ
പാകിസ്ഥാന്,പാകിസ്ഥാൻ
പാകിസ്ഥാന്റെ,പാകിസ്ഥാൻ
പാകിസ്ഥാനിൽ,പാകിസ്ഥാൻ
പാകിസ്ഥാനും,പാകിസ്ഥാൻ
പാകുന്നു,പാകുക
പാകുന്ന,പാകുക
പാകുന്നു,പാകുക
പാകുന്ന,പാകുക
പാകുടം,പാകുടം
പാക്കനാർ,പാക്കനാർ
പാക്കനാരുടെ,പാക്കനാർ
പാക്കനാരും,പാക്കനാർ
പാച്ചു,പാക്കുക
പാക്കി,പാക്കുക
പാക്ക്,പാക്ക്
പാക്കിനെ,പാക്ക്
പാക്കോട്ട്,പാക്ക്
പാക്കിന്,പാക്ക്
പാക്കിന്റെ,പാക്ക്
പാക്കിൽ,പാക്ക്
പാക്കും,പാക്ക്
പാക്ക്,പാക്ക്
പാക്കിനെ,പാക്ക്
പാക്കോട്ട്,പാക്ക്
പാക്കിന്,പാക്ക്
പാക്കിന്റെ,പാക്ക്
പാക്കിൽ,പാക്ക്
പാക്കും,പാക്ക്
പാക്യം,പാക്യം
പാക്ഷിക,പാക്ഷിക
പാങ്,പാങ്
പാങ്ക്,പാങ്ക്
പാങ്ങാ,പാങ്ങൻ
പാങ്ങ്,പാങ്ങ്
പാങ്ങോട്ട്,പാങ്ങ്
പാങ്ങിൽ,പാങ്ങ്
പാങ്ങ്,പാങ്ങ്
പാങ്ങോട്ട്,പാങ്ങ്
പാങ്ങിൽ,പാങ്ങ്
പാചക,പാചക
പാചകം,പാചകം
പാചകവും,പാചകം
പാച്ചത്ത്,പാച്ചം
പാച്ചൽ,പാച്ചൽ
പാച്ചി,പാച്ചി
പാച്ചു,പാച്ചു
പാഞ്ചജന്യ,പാഞ്ചജന്യ
പാഞ്ചജന്യം,പാഞ്ചജന്യം
പാഞ്ചജന്യവും,പാഞ്ചജന്യം
പാഞ്ചാലം,പാഞ്ചാലം
പാഞ്ചാലി,പാഞ്ചാലി
പാഞ്ചാലീ,പാഞ്ചാലി
പാഞ്ഞ്,പാഞ്ഞ്
പാഞ്ഞും,പാഞ്ഞ്
പാട,പാട
പാട,പാട
പാടം,പാടം
പാടങ്ങൾ,പാടം
പാടവും,പാടം
പാടത്ത്,പാടം
പാടം,പാടം
പാടങ്ങൾ,പാടം
പാടവും,പാടം
പാടത്ത്,പാടം
പാടന,പാടന
പാടവം,പാടവം
പാടവവും,പാടവം
പാടി,പാടി
പാടീ,പാടി
പാടി,പാടി
പാടീ,പാടി
പാടിക്കുക,പാടിക്കുക
പാടിച്ചു,പാടിക്കുക
പാടും,പാടും
പാടുക,പാടുക
പാടുന്നു,പാടുക
പാടുന്ന,പാടുക
പാടുക,പാടുക
പാടുന്നു,പാടുക
പാടുന്ന,പാടുക
പാടേ,പാടേ
പാടേ,പാടേ
പാട്,പാട്
പാടിന്റെ,പാട്
പാടുകൾ,പാട്
പാടും,പാട്
പാടാം,പാട്
പാടുക,പാട്
പാട്ട്,പാട്
പാട്,പാട്
പാടിന്റെ,പാട്
പാടുകൾ,പാട്
പാടും,പാട്
പാടാം,പാട്
പാടുക,പാട്
പാട്ട്,പാട്
പാട്ട,പാട്ട
പാട്ട,പാട്ട
പാട്ടം,പാട്ടം
പാട്ടങ്ങൾ,പാട്ടം
പാട്ടവും,പാട്ടം
പാട്ടം,പാട്ടം
പാട്ടങ്ങൾ,പാട്ടം
പാട്ടവും,പാട്ടം
പാട്ടക്കാരനെ,പാട്ടക്കാരൻ
പാട്ടക്കാരന്,പാട്ടക്കാരൻ
പാട്ടക്കുടിശിക,പാട്ടക്കുടിശിക
പാട്ടച്ചീട്ടുകൾ,പാട്ടച്ചീട്ട്
പാട്ടാ,പാട്ടൻ
പാട്ടാളി,പാട്ടാളി
പാട്ടി,പാട്ടി
പാട്ടുകാരൻ,പാട്ടുകാരൻ
പാട്ടുകാരനെ,പാട്ടുകാരൻ
പാട്ടുകാരന്,പാട്ടുകാരൻ
പാട്ടുകാരന്റെ,പാട്ടുകാരൻ
പാട്ടുകാരനും,പാട്ടുകാരൻ
പാട്ട്,പാട്ട്
പാട്ടിനെ,പാട്ട്
പാട്ടിന്,പാട്ട്
പാട്ടിന്റെ,പാട്ട്
പാട്ടിൽ,പാട്ട്
പാട്ടുകൾ,പാട്ട്
പാട്ടും,പാട്ട്
പാട്ടായ,പാട്ട്
പാട്ട്,പാട്ട്
പാട്ടിനെ,പാട്ട്
പാട്ടിന്,പാട്ട്
പാട്ടിന്റെ,പാട്ട്
പാട്ടിൽ,പാട്ട്
പാട്ടുകൾ,പാട്ട്
പാട്ടും,പാട്ട്
പാട്ടായ,പാട്ട്
പാഠ,പാഠ
പാഠ,പാഠ
പാഠം,പാഠം
പാഠങ്ങൾ,പാഠം
പാഠവും,പാഠം
പാഠകം,പാഠകം
പാഠപുസ്തകം,പാഠപുസ്തകം
പാഠപുസ്തകങ്ങൾ,പാഠപുസ്തകം
പാഠപുസ്തകവും,പാഠപുസ്തകം
പാഠഭേദം,പാഠഭേദം
പാഠഭേദങ്ങൾ,പാഠഭേദം
പാഠശാല,പാഠശാല
പാഠി,പാഠി
പാഠ്യ,പാഠ്യ
പാണത്ത്,പാണം
പാണനാരുടെ,പാണനാർ
പാണൻ,പാണൻ
പാണന്,പാണൻ
പാണന്റെ,പാണൻ
പാണന്മാർ,പാണൻ
പാണാ,പാണൻ
പാണൽ,പാണൽ
പാണി,പാണി
പാണി,പാണി
പാണിഗ്രഹണം,പാണിഗ്രഹണം
പാണിനി,പാണിനി
പാണിനീ,പാണിനി
പാണിനീയ,പാണിനീയ
പാണിനീയം,പാണിനീയം
പാണിവാദന്റെ,പാണിവാദൻ
പാണ്ടൻ,പാണ്ടൻ
പാണ്ടനെ,പാണ്ടൻ
പാണ്ടന്,പാണ്ടൻ
പാണ്ടന്റെ,പാണ്ടൻ
പാണ്ടി,പാണ്ടി
പാണ്ടികശാല,പാണ്ടികശാല
പാണ്ട്,പാണ്ട്
പാണ്ടായ,പാണ്ട്
പാണ്ഡ,പാണ്ഡ
പാണ്ഡവൻ,പാണ്ഡവൻ
പാണ്ഡവന്റെ,പാണ്ഡവൻ
പാണ്ഡവന്മാർ,പാണ്ഡവൻ
പാണ്ഡിത്യം,പാണ്ഡിത്യം
പാണ്ഡിത്യവും,പാണ്ഡിത്യം
പാണ്ഡു,പാണ്ഡു
പാണ്ഡു,പാണ്ഡു
പാണ്ഡ്യൻ,പാണ്ഡ്യൻ
പാണ്ഡ്യനെ,പാണ്ഡ്യൻ
പാണ്ഡ്യനോട്,പാണ്ഡ്യൻ
പാണ്ഡ്യന്,പാണ്ഡ്യൻ
പാണ്ഡ്യന്റെ,പാണ്ഡ്യൻ
പാണ്ഡ്യന്മാർ,പാണ്ഡ്യൻ
പാണ്ഡ്യനും,പാണ്ഡ്യൻ
പാണിൽ,പാൺ
പാത,പാത
പാത,പാത
പാതം,പാതം
പാതങ്ങൾ,പാതം
പാതകം,പാതകം
പാതകങ്ങൾ,പാതകം
പാതകനെ,പാതകൻ
പാതാളം,പാതാളം
പാതാളവും,പാതാളം
പാതാളത്ത്,പാതാളം
പാതാളക്കരണ്ടി,പാതാളക്കരണ്ടി
പാതി,പാതി
പാതി,പാതി
പാതിരാത്രി,പാതിരാത്രി
പാതിരി,പാതിരി
പാതിവ്രത്യം,പാതിവ്രത്യം
പാതാൽ,പാത്
പാതിൽ,പാത്
പാതാൽ,പാത്
പാതിൽ,പാത്
പാത്തി,പാത്തി
പാത്തി,പാത്തി
പാത്തി,പാത്തുക
പാത്ത്,പാത്ത്
പാത്തുകൾ,പാത്ത്
പാത്തും,പാത്ത്
പാത്ര,പാത്ര
പാത്രം,പാത്രം
പാത്രങ്ങൾ,പാത്രം
പാത്രവും,പാത്രം
പാത്രപാകം,പാത്രപാകം
പാത്രി,പാത്രി
പാത്രിയാർക്കീസ്,പാത്രിയാർക്കീസ്
പാത്രിയാർക്കീസിന്റെ,പാത്രിയാർക്കീസ്
പാത്രിയാർക്കീസും,പാത്രിയാർക്കീസ്
പാഥേയം,പാഥേയം
പാദ,പാദ
പാദം,പാദം
പാദങ്ങൾ,പാദം
പാദവും,പാദം
പാദപദ്മം,പാദപദ്മം
പാദമുദ്ര,പാദമുദ്ര
പാദരക്ഷ,പാദരക്ഷ
പാദസരം,പാദസരം
പാദസരങ്ങൾ,പാദസരം
പാദസരവും,പാദസരം
പാദസേവ,പാദസേവ
പാദാംബുജം,പാദാംബുജം
പാദാദികേശം,പാദാദികേശം
പാദുക,പാദുക
പാദുക,പാദുക
പാദുകം,പാദുകം
പാദുകവും,പാദുകം
പാദുക,പാദ്
പാന,പാന
പാന,പാന
പാനം,പാനം
പാനക,പാനക
പാനകം,പാനകം
പാനകവും,പാനകം
പാനാ,പാനൻ
പാനപാത്രം,പാനപാത്രം
പാനപാത്രങ്ങൾ,പാനപാത്രം
പാനപാത്രവും,പാനപാത്രം
പാനൽ,പാനൽ
പാനല്,പാനൽ
പാനി,പാനി
പാനി,പാനി
പാനീയം,പാനീയം
പാനീയങ്ങൾ,പാനീയം
പാനീയവും,പാനീയം
പാന്ഥന്,പാന്ഥൻ
പാപ,പാപ
പാപ,പാപ
പാപം,പാപം
പാപങ്ങൾ,പാപം
പാപവും,പാപം
പാപഗ്രഹം,പാപഗ്രഹം
പാപാ,പാപൻ
പാപപരിഹാരം,പാപപരിഹാരം
പാപി,പാപി
പാപീ,പാപി
പാപ്പം,പാപ്പം
പാപ്പത്ത്,പാപ്പം
പാപ്പാൻ,പാപ്പാൻ
പാപ്പാനെ,പാപ്പാൻ
പാപ്പാന്,പാപ്പാൻ
പാപ്പാന്റെ,പാപ്പാൻ
പാപ്പാന്മാർ,പാപ്പാൻ
പാപ്പാനും,പാപ്പാൻ
പാമര,പാമര
പാമരം,പാമരം
പാമരന്,പാമരൻ
പാമ്പാട്ടി,പാമ്പാട്ടി
പാമ്പ്,പാമ്പ്
പാമ്പിനെ,പാമ്പ്
പാമ്പിന്,പാമ്പ്
പാമ്പിൻ,പാമ്പ്
പാമ്പിന്റെ,പാമ്പ്
പാമ്പിൽ,പാമ്പ്
പാമ്പുകൾ,പാമ്പ്
പാമ്പും,പാമ്പ്
പാമ്പുക,പാമ്പ്
പാമ്പായ,പാമ്പ്
പാമ്പ്,പാമ്പ്
പാമ്പിനെ,പാമ്പ്
പാമ്പിന്,പാമ്പ്
പാമ്പിൻ,പാമ്പ്
പാമ്പിന്റെ,പാമ്പ്
പാമ്പിൽ,പാമ്പ്
പാമ്പുകൾ,പാമ്പ്
പാമ്പും,പാമ്പ്
പാമ്പുക,പാമ്പ്
പാമ്പായ,പാമ്പ്
പായ,പായ
പായം,പായം
പായവും,പായം
പായൽ,പായൽ
പായല്,പായൽ
പായൽ,പായൽ
പായല്,പായൽ
പായസ,പായസ
പായിച്ചു,പായിക്കുക
പായിക്കുന്നു,പായിക്കുക
പായിക്കുന്ന,പായിക്കുക
പായിച്ചു,പായിക്കുക
പായിക്കുന്നു,പായിക്കുക
പായിക്കുന്ന,പായിക്കുക
പായു,പായു
പായുക,പായുക
പാഞ്ഞു,പായുക
പായുന്നു,പായുക
പായുന്ന,പായുക
പായ്,പായ്
പായും,പായ്
പായുക,പായ്
പാര,പാര
പാര,പാര
പാരം,പാരം
പാരണ,പാരണ
പാരത്രിക,പാരത്രിക
പാരമ്പര്യം,പാരമ്പര്യം
പാരമ്പര്യങ്ങൾ,പാരമ്പര്യം
പാരമ്പര്യവും,പാരമ്പര്യം
പാരമ്യം,പാരമ്യം
പാരസ്പര്യം,പാരസ്പര്യം
പാരസ്പര്യവും,പാരസ്പര്യം
പാരായണം,പാരായണം
പാരായണങ്ങൾ,പാരായണം
പാരായണവും,പാരായണം
പാരാവാരം,പാരാവാരം
പാരി,പാരി
പാരിജാതം,പാരിജാതം
പാരിതോഷികം,പാരിതോഷികം
പാരിമാണികവും,പാരിമാണികം
പാരിഷദന്മാർ,പാരിഷദൻ
പാരു,പാരു
പാരുഷ്യം,പാരുഷ്യം
പാരുഷ്യവും,പാരുഷ്യം
പാര്,പാര്
പാരിൽ,പാര്
പാരുകൾ,പാര്
പാർ,പാർ
പാരിൽ,പാർ
പാരുകൾ,പാർ
പാരേ,പാർ
പാർക്കുന്നു,പാർക്കുക
പാർക്കുന്ന,പാർക്കുക
പാർക്കുന്നു,പാർക്കുക
പാർക്കുന്ന,പാർക്കുക
പാർഥൻ,പാർഥൻ
പാർഥനെ,പാർഥൻ
പാർഥാ,പാർഥൻ
പാർപ്പിക്കുക,പാർപ്പിക്കുക
പാർപ്പിച്ചു,പാർപ്പിക്കുക
പാർപ്പിക്കുന്നു,പാർപ്പിക്കുക
പാർപ്പിക്കുന്ന,പാർപ്പിക്കുക
പാർപ്പിടം,പാർപ്പിടം
പാർപ്പിടങ്ങൾ,പാർപ്പിടം
പാർപ്പിടവും,പാർപ്പിടം
പാർവണ,പാർവണ
പാർവതി,പാർവതി
പാർവതീ,പാർവതി
പാർശ്വ,പാർശ്വ
പാർശ്വ,പാർശ്വ
പാർശ്വങ്ങൾ,പാർശ്വം
പാറ,പാറ
പാറ,പാറ
പാറനമ്പി,പാറനമ്പി
പാറൽ,പാറൽ
പാറല്,പാറൽ
പാറിക്കുക,പാറിക്കുക
പാറിച്ചു,പാറിക്കുക
പാറിക്കുന്നു,പാറിക്കുക
പാറി,പാറുക
പാറുന്നു,പാറുക
പാറുന്ന,പാറുക
പാറാൽ,പാറ്
പാറും,പാറ്
പാറാൽ,പാറ്
പാറും,പാറ്
പാറ്റ,പാറ്റ
പാറ്റ,പാറ്റ
പാറ്റി,പാറ്റുക
പാറ്റി,പാറ്റുക
പാല,പാല
പാല,പാല
പാലം,പാലം
പാലങ്ങൾ,പാലം
പാലവും,പാലം
പാലത്ത്,പാലം
പാലം,പാലം
പാലങ്ങൾ,പാലം
പാലവും,പാലം
പാലത്ത്,പാലം
പാലകൻ,പാലകൻ
പാലകനെ,പാലകൻ
പാലന,പാലന
പാലനം,പാലനം
പാലനവും,പാലനം
പാലൻ,പാലൻ
പാലന്,പാലൻ
പാലാ,പാലൻ
പാലാഴി,പാലാഴി
പാലി,പാലി
പാലി,പാലി
പാലിക,പാലിക
പാലിക്കുക,പാലിക്കുക
പാലിച്ചു,പാലിക്കുക
പാലിക്കുന്നു,പാലിക്കുക
പാലിക്കുന്ന,പാലിക്കുക
പാലോട്,പാലോട്
പാൽ,പാൽ
പാല്,പാൽ
പാൽ,പാൽ
പാല്,പാൽ
പാൽക്കാരൻ,പാൽക്കാരൻ
പാൽപ്പായസം,പാൽപ്പായസം
പാൽപ്പായസവും,പാൽപ്പായസം
പാള,പാള
പാള,പാള
പാളം,പാളം
പാളങ്ങൾ,പാളം
പാളവും,പാളം
പാളത്ത്,പാളം
പാളത്താറും,പാളത്താറ്
പാളയം,പാളയം
പാളയവും,പാളയം
പാളയത്ത്,പാളയം
പാളി,പാളി
പാളിച്ച,പാളിച്ച
പാളുന്നു,പാളുക
പാളുന്ന,പാളുക
പാളുന്നു,പാളുക
പാളുന്ന,പാളുക
പാളും,പാള്
പാഴ്ചെലവ്,പാഴ്ചെലവ്
പാഴ്ചെലവിന്റെ,പാഴ്ചെലവ്
പാഴ്പണി,പാഴ്പണി
പാഴ്മരങ്ങൾ,പാഴ്മരം
പാഴ്വാക്ക്,പാഴ്വാക്ക്
പാവ,പാവ
പാവം,പാവം
പാവങ്ങൾ,പാവം
പാവവും,പാവം
പാവകൻ,പാവകൻ
പാവകളി,പാവകളി
പാവക്കൂത്ത്,പാവക്കൂത്ത്
പാവക്കൂത്തിന്,പാവക്കൂത്ത്
പാവക്കൂത്തിന്റെ,പാവക്കൂത്ത്
പാവക്കൂത്തുകൾ,പാവക്കൂത്ത്
പാവക്കൂത്തും,പാവക്കൂത്ത്
പാവന,പാവന
പാവനം,പാവനം
പാവനവും,പാവനം
പാവനന്,പാവനൻ
പാവൽ,പാവൽ
പാവല്,പാവൽ
പാവൽ,പാവൽ
പാവല്,പാവൽ
പാവാട,പാവാട
പാവ്,പാവ്
പാവിന്റെ,പാവ്
പാവിൽ,പാവ്
പാവും,പാവ്
പാവ്,പാവ്
പാവിന്റെ,പാവ്
പാവിൽ,പാവ്
പാവും,പാവ്
പാശ,പാശ
പാശം,പാശം
പാശവും,പാശം
പാശുപതം,പാശുപതം
പാശുപതൻ,പാശുപതൻ
പാശ്ചാത്യ,പാശ്ചാത്യ
പാഷാണം,പാഷാണം
പാഹി,പാഹി
പി,പി
പീ,പി
പിംഗം,പിംഗം
പിംഗല,പിംഗല
പിംഗല,പിംഗല
പിംഗലാ,പിംഗലൻ
പിംഗലാ,പിംഗലാ
പിംഗള,പിംഗള
പിക,പിക
പിക്ക,പിക്ക
പിക്കു,പിക്കു
പിച്ചു,പിക്കുക
പിക്കുന്ന,പിക്കുക
പിക്കി,പിക്കുക
പിങ്ക,പിങ്ക
പിച്ച,പിച്ച
പിച്ച,പിച്ച
പിച്ചക്കാരന്,പിച്ചക്കാരൻ
പിച്ചക്കാരനും,പിച്ചക്കാരൻ
പിച്ചക്കാശ്,പിച്ചക്കാശ്
പിച്ചച്ചട്ടി,പിച്ചച്ചട്ടി
പിച്ചള,പിച്ചള
പിച്ചി,പിച്ചി
പിച്ചിൽ,പിച്ചിൽ
പിച്ചില്,പിച്ചിൽ
പിച്ച്,പിച്ച്
പിച്ചിനെ,പിച്ച്
പിച്ചിന്,പിച്ച്
പിച്ചിന്റെ,പിച്ച്
പിച്ചിൽ,പിച്ച്
പിച്ചും,പിച്ച്
പിച്ച്,പിച്ച്
പിച്ചിനെ,പിച്ച്
പിച്ചിന്,പിച്ച്
പിച്ചിന്റെ,പിച്ച്
പിച്ചിൽ,പിച്ച്
പിച്ചും,പിച്ച്
പിച്ഛക,പിച്ഛക
പിഞ്ച്,പിഞ്ച്
പിട,പിട
പിടകം,പിടകം
പിടകങ്ങൾ,പിടകം
പിടഞ്ഞു,പിടയുക
പിടയുന്നു,പിടയുക
പിടയുന്ന,പിടയുക
പിടഞ്ഞു,പിടയുക
പിടയുന്നു,പിടയുക
പിടയുന്ന,പിടയുക
പിടയ്ക്കുന്നു,പിടയ്ക്കുക
പിടയ്ക്കുന്ന,പിടയ്ക്കുക
പിടലി,പിടലി
പിടാരം,പിടാരം
പിടാരന്മാർ,പിടാരൻ
പിടി,പിടി
പിടീ,പിടി
പിടി,പിടി
പിടീ,പിടി
പിടിക്കുക,പിടിക്കുക
പിടിച്ചു,പിടിക്കുക
പിടിക്കുന്നു,പിടിക്കുക
പിടിക്കുന്ന,പിടിക്കുക
പിടിക്കുക,പിടിക്കുക
പിടിച്ചു,പിടിക്കുക
പിടിക്കുന്നു,പിടിക്കുക
പിടിക്കുന്ന,പിടിക്കുക
പിടിച്ചടക്കുക,പിടിച്ചടക്കുക
പിടിച്ചടക്കുന്നു,പിടിച്ചടക്കുക
പിടിച്ചടക്കുന്ന,പിടിച്ചടക്കുക
പിടിച്ചടക്കി,പിടിച്ചടക്കുക
പിടിച്ചുപറി,പിടിച്ചുപറി
പിടിത്തം,പിടിത്തം
പിടിത്തവും,പിടിത്തം
പിടിപാട്,പിടിപാട്
പിടിപാടിന്റെ,പിടിപാട്
പിടിപാടും,പിടിപാട്
പിടിപ്പത്,പിടിപ്പത്
പിടിപ്പിക്കുക,പിടിപ്പിക്കുക
പിടിപ്പിച്ചു,പിടിപ്പിക്കുക
പിടിപ്പിക്കുന്നു,പിടിപ്പിക്കുക
പിടിപ്പിക്കുന്ന,പിടിപ്പിക്കുക
പിടിപ്പ്,പിടിപ്പ്
പിടിപ്പും,പിടിപ്പ്
പിടിയൻ,പിടിയൻ
പിടിയന്,പിടിയൻ
പിടിയരി,പിടിയരി
പിടിയാന,പിടിയാന
പിടിവാദം,പിടിവാദം
പിടുങ്ങുന്ന,പിടുങ്ങുക
പിട്ട്,പിട്ട്
പിണം,പിണം
പിണക്കം,പിണക്കം
പിണക്കങ്ങൾ,പിണക്കം
പിണക്കവും,പിണക്കം
പിണക്കാട്,പിണക്കാട്
പിണക്കാട്ട്,പിണക്കാട്
പിണക്കുക,പിണക്കുക
പിണച്ചു,പിണക്കുക
പിണക്കുന്ന,പിണക്കുക
പിണക്കി,പിണക്കുക
പിണക്കുക,പിണക്ക്
പിണങ്ങുന്നു,പിണങ്ങുക
പിണഞ്ഞു,പിണയുക
പിണയുന്ന,പിണയുക
പിണഞ്ഞു,പിണയുക
പിണയുന്ന,പിണയുക
പിണർ,പിണർ
പിണിയാൾ,പിണിയാൾ
പിണ്ടങ്ങൾ,പിണ്ടം
പിണ്ടവും,പിണ്ടം
പിണ്ടി,പിണ്ടി
പിണ്ഡ,പിണ്ഡ
പിണ്ഡ,പിണ്ഡ
പിണ്ഡം,പിണ്ഡം
പിണ്ഡങ്ങൾ,പിണ്ഡം
പിണ്ഡവും,പിണ്ഡം
പിണ്ഡീകരണം,പിണ്ഡീകരണം
പിണ്ണാക്ക്,പിണ്ണാക്ക്
പിണ്ണാക്കും,പിണ്ണാക്ക്
പിണ്ണാക്ക്,പിണ്ണാക്ക്
പിണ്ണാക്കും,പിണ്ണാക്ക്
പിതാക്കന്മാർ,പിതാക്കന്മാർ
പിതാക്കന്മാരെ,പിതാക്കന്മാർ
പിതാക്കന്മാരുടെ,പിതാക്കന്മാർ
പിതാക്കന്മാരിൽ,പിതാക്കന്മാർ
പിതാക്കന്മാരും,പിതാക്കന്മാർ
പിതാക്കൾ,പിതാക്കൾ
പിതാക്കളുടെ,പിതാക്കൾ
പിതാക്കളിൽ,പിതാക്കൾ
പിതാക്കളും,പിതാക്കൾ
പിതാമഹൻ,പിതാമഹൻ
പിതാമഹനെ,പിതാമഹൻ
പിതാമഹന്,പിതാമഹൻ
പിതാമഹന്റെ,പിതാമഹൻ
പിതാമഹന്മാർ,പിതാമഹൻ
പിതാമഹനും,പിതാമഹൻ
പിതാമഹാ,പിതാമഹൻ
പിതാമഹി,പിതാമഹി
പിതാവ്,പിതാവ്
പിതാവിനെ,പിതാവ്
പിതാവിനോട്,പിതാവ്
പിതാവിന്,പിതാവ്
പിതാവിനാൽ,പിതാവ്
പിതാവിന്റെ,പിതാവ്
പിതാവിൽ,പിതാവ്
പിതാവും,പിതാവ്
പിതാവായ,പിതാവ്
പിതിരും,പിതിർ
പിതൃക്കൾ,പിതൃക്കൾ
പിതൃക്കളെ,പിതൃക്കൾ
പിതൃക്കളുടെ,പിതൃക്കൾ
പിതൃക്കളും,പിതൃക്കൾ
പിതൃതർപ്പണം,പിതൃതർപ്പണം
പിതൃതർപ്പണവും,പിതൃതർപ്പണം
പിതൃതീർഥം,പിതൃതീർഥം
പിതൃത്വം,പിതൃത്വം
പിതൃത്വവും,പിതൃത്വം
പിതൃഭക്തി,പിതൃഭക്തി
പിതൃവ്യനും,പിതൃവ്യൻ
പിത്ത,പിത്ത
പിത്തം,പിത്തം
പിത്തവും,പിത്തം
പിത്തലാട്ടവും,പിത്തലാട്ടം
പിത്തള,പിത്തള
പിന,പിന
പിനാകം,പിനാകം
പിനാകി,പിനാകി
പിന്താങ്ങുന്ന,പിന്താങ്ങുക
പിന്തിരിഞ്ഞു,പിന്തിരിയുക
പിന്തിരിയുന്നു,പിന്തിരിയുക
പിന്തിരിയുന്ന,പിന്തിരിയുക
പിന്തുടരുക,പിന്തുടരുക
പിന്തുടർന്നു,പിന്തുടരുക
പിന്തുടര്ന്നു,പിന്തുടരുക
പിന്തുടരുന്നു,പിന്തുടരുക
പിന്തുടരുന്ന,പിന്തുടരുക
പിന്തുടർച്ച,പിന്തുടർച്ച
പിന്നണി,പിന്നണി
പിന്നത്തെ,പിന്നത്തെ
പിന്നൽ,പിന്നൽ
പിന്നല്,പിന്നൽ
പിന്നാക്കം,പിന്നാക്കം
പിന്നിടുന്നു,പിന്നിടുക
പിന്നിടുന്ന,പിന്നിടുക
പിന്നെ,പിന്നെ
പിന്നെയും,പിന്നെയും
പിന്നോക്കം,പിന്നോക്കം
പിൻ,പിൻ
പിന്,പിൻ
പിനാൽ,പിൻ
പിൻഗാമി,പിൻഗാമി
പിൻമാറുക,പിൻമാറുക
പിൻമാറി,പിൻമാറുക
പിൻമാറുന്നു,പിൻമാറുക
പിൻവിനയെച്ചം,പിൻവിനയെച്ചം
പിരളി,പിരളി
പിരി,പിരി
പിരിക്കുക,പിരിക്കുക
പിരിച്ചു,പിരിക്കുക
പിരിക്കുന്നു,പിരിക്കുക
പിരിക്കുന്ന,പിരിക്കുക
പിരിക്കുക,പിരിക്കുക
പിരിച്ചു,പിരിക്കുക
പിരിക്കുന്നു,പിരിക്കുക
പിരിക്കുന്ന,പിരിക്കുക
പിരിമുറുക്കം,പിരിമുറുക്കം
പിരിമുറുക്കങ്ങൾ,പിരിമുറുക്കം
പിരിമുറുക്കവും,പിരിമുറുക്കം
പിരിയൻ,പിരിയൻ
പിരിയന്,പിരിയൻ
പിരിയൻ,പിരിയൻ
പിരിയന്,പിരിയൻ
പിരിയാണി,പിരിയാണി
പിരിയുക,പിരിയുക
പിരിഞ്ഞു,പിരിയുക
പിരിയുന്നു,പിരിയുക
പിരിയുന്ന,പിരിയുക
പിരിവ്,പിരിവ്
പിരിവിനെ,പിരിവ്
പിരിവിനോട്,പിരിവ്
പിരിവിന്,പിരിവ്
പിരിവിന്റെ,പിരിവ്
പിരിവിൽ,പിരിവ്
പിരിവുകൾ,പിരിവ്
പിരിവും,പിരിവ്
പിരിവ്,പിരിവ്
പിരിവിനെ,പിരിവ്
പിരിവിനോട്,പിരിവ്
പിരിവിന്,പിരിവ്
പിരിവിന്റെ,പിരിവ്
പിരിവിൽ,പിരിവ്
പിരിവുകൾ,പിരിവ്
പിരിവും,പിരിവ്
പിറ,പിറ
പിറ,പിറ
പിറക്,പിറക്
പിറകോട്ട്,പിറക്
പിറകിൽ,പിറക്
പിറക്കുക,പിറക്കുക
പിറക്കുന്നു,പിറക്കുക
പിറക്കുന്ന,പിറക്കുക
പിറന്നു,പിറക്കുക
പിറന്നവൻ,പിറന്നവൻ
പിറന്നവന്,പിറന്നവൻ
പിറന്നാൾ,പിറന്നാൾ
പിറന്നാളിന്റെ,പിറന്നാൾ
പിറന്നാളിൽ,പിറന്നാൾ
പിറന്നാളും,പിറന്നാൾ
പിറന്നാൾ,പിറന്നാൾ
പിറന്നാളിന്റെ,പിറന്നാൾ
പിറന്നാളിൽ,പിറന്നാൾ
പിറന്നാളും,പിറന്നാൾ
പിറവി,പിറവി
പിറ്റെ,പിറ്റെ
പില,പില
പിലാപ്പള്ളി,പിലാപ്പള്ളി
പിലാവ്,പിലാവ്
പിലാവും,പിലാവ്
പിലാവ്,പിലാവ്
പിലാവും,പിലാവ്
പിൽ,പിൽ
പില്,പിൽ
പിൽക്കാലം,പിൽക്കാലം
പിൽക്കാലത്തു്,പിൽക്കാലം
പിൽക്കാലത്ത്,പിൽക്കാലം
പിളരുക,പിളരുക
പിളർന്നു,പിളരുക
പിളര്ന്നു,പിളരുക
പിളരുന്നു,പിളരുക
പിളരുന്ന,പിളരുക
പിളരും,പിളർ
പിളർക്കുക,പിളർക്കുക
പിളർക്കുന്ന,പിളർക്കുക
പിളർന്നു,പിളർക്കുക
പിളർത്തി,പിളർത്തുക
പിളർപ്പ്,പിളർപ്പ്
പിളർപ്പിനെ,പിളർപ്പ്
പിളർപ്പിന്,പിളർപ്പ്
പിളർപ്പിന്റെ,പിളർപ്പ്
പിളർപ്പിൽ,പിളർപ്പ്
പിളർപ്പുകൾ,പിളർപ്പ്
പിള്ള,പിള്ള
പിള്ള,പിള്ള
പിള്ളയാർ,പിള്ളയാർ
പിള്ളേർ,പിള്ളേർ
പിള്ളേരെ,പിള്ളേർ
പിള്ളേരോട്,പിള്ളേർ
പിള്ളേരുടെ,പിള്ളേർ
പിള്ളേരും,പിള്ളേർ
പിഴ,പിഴ
പിഴവും,പിഴം
പിഴപ്പ്,പിഴപ്പ്
പിഴയ്ക്കുക,പിഴയ്ക്കുക
പിഴയ്ക്കുന്നു,പിഴയ്ക്കുക
പിഴയ്ക്കുന്ന,പിഴയ്ക്കുക
പിഴിച്ചിൽ,പിഴിച്ചിൽ
പിഴിച്ചില്,പിഴിച്ചിൽ
പിഴിയുക,പിഴിയുക
പിഴിഞ്ഞു,പിഴിയുക
പിഴിയുന്നു,പിഴിയുക
പിഴിയുന്ന,പിഴിയുക
പിശക്,പിശക്
പിശകിന്റെ,പിശക്
പിശകിൽ,പിശക്
പിശകുകൾ,പിശക്
പിശകും,പിശക്
പിശാച്,പിശാച്
പിശാചിനെ,പിശാച്
പിശാചിന്,പിശാച്
പിശാചിന്റെ,പിശാച്
പിശാചിൽ,പിശാച്
പിശാചും,പിശാച്
പിശാചായ,പിശാച്
പിശുക്ക്,പിശുക്ക്
പിശുക്കിനെ,പിശുക്ക്
പിശുക്കും,പിശുക്ക്
പിഷാരത്ത്,പിഷാരം
പിഷാരടി,പിഷാരടി
പീ,പീ
പീക്ക്,പീക്ക്
പീക്കിന്റെ,പീക്ക്
പീക്കിൽ,പീക്ക്
പീക്കും,പീക്ക്
പീച്ചിൽ,പീച്ചിൽ
പീച്ചില്,പീച്ചിൽ
പീടിക,പീടിക
പീഠ,പീഠ
പീഠം,പീഠം
പീഠങ്ങൾ,പീഠം
പീഠവും,പീഠം
പീഠഭൂമി,പീഠഭൂമി
പീഠിക,പീഠിക
പീഡ,പീഡ
പീഡ,പീഡ
പീഡകൻ,പീഡകൻ
പീഡകനെ,പീഡകൻ
പീഡകന്റെ,പീഡകൻ
പീഡകനും,പീഡകൻ
പീഡന,പീഡന
പീഡനം,പീഡനം
പീഡനങ്ങൾ,പീഡനം
പീഡനവും,പീഡനം
പീഡിത,പീഡിത
പീഡിപ്പിക്കുക,പീഡിപ്പിക്കുക
പീഡിപ്പിച്ചു,പീഡിപ്പിക്കുക
പീഡിപ്പിക്കുന്നു,പീഡിപ്പിക്കുക
പീഡിപ്പിക്കുന്ന,പീഡിപ്പിക്കുക
പീഡാം,പീഡ്
പീത,പീത
പീത,പീത
പീതപുഷ്പങ്ങൾ,പീതപുഷ്പം
പീതവർണം,പീതവർണം
പീതാംബരം,പീതാംബരം
പീതാംബരൻ,പീതാംബരൻ
പീതാംബരനെ,പീതാംബരൻ
പീതാംബരന്,പീതാംബരൻ
പീതാംബരന്റെ,പീതാംബരൻ
പീതാംബരനും,പീതാംബരൻ
പീത്വാ,പീത്വാ
പീന,പീന
പീന,പീന
പീനസം,പീനസം
പീനാറി,പീനാറി
പീനാറി,പീനാറി
പീപ്പി,പീപ്പി
പീയൂ,പീയു
പീര,പീര
പീർ,പീർ
പീറ,പീറ
പീറ്റ,പീറ്റ
പീലി,പീലി
പീലു,പീലു
പീലു,പീലു
പീള,പീള
പും,പും
പുത്ത്,പും
പുംഗവനെ,പുംഗവൻ
പുക,പുക
പുന്നു,പുക
പുന്ന,പുക
പുകക്കുഴൽ,പുകക്കുഴൽ
പുകക്കുഴല്,പുകക്കുഴൽ
പുകയില,പുകയില
പുകഞ്ഞു,പുകയുക
പുകയുന്നു,പുകയുക
പുകയുന്ന,പുകയുക
പുകയ്ക്കുക,പുകയ്ക്കുക
പുകയ്ക്കുന്ന,പുകയ്ക്കുക
പുകഴ്,പുകഴ്
പുകഴ്ത്തുക,പുകഴ്ത്തുക
പുകഴ്ത്തി,പുകഴ്ത്തുക
പുകഴ്ത്തുന്നു,പുകഴ്ത്തുക
പുകഴ്ത്തുന്ന,പുകഴ്ത്തുക
പുകവണ്ടി,പുകവണ്ടി
പുകവലി,പുകവലി
പുകില്,പുകിൽ
പുച്ഛ,പുച്ഛ
പുച്ഛം,പുച്ഛം
പുച്ഛവും,പുച്ഛം
പുച്ഛിക്കുക,പുച്ഛിക്കുക
പുച്ഛിച്ചു,പുച്ഛിക്കുക
പുച്ഛിക്കുന്നു,പുച്ഛിക്കുക
പുച്ഛിക്കുന്ന,പുച്ഛിക്കുക
പുഞ്ചിരി,പുഞ്ചിരി
പുടം,പുടം
പുടവ,പുടവ
പുടവ,പുടവ
പുട്ടാ,പുട്ടൻ
പുട്ടിൽ,പുട്ടിൽ
പുട്ടില്,പുട്ടിൽ
പുട്ട്,പുട്ട്
പുട്ടിനെ,പുട്ട്
പുട്ടിന്,പുട്ട്
പുട്ടിൻ,പുട്ട്
പുട്ടിന്റെ,പുട്ട്
പുട്ടിൽ,പുട്ട്
പുട്ടും,പുട്ട്
പുണര്ന്നു,പുണരുക
പുണരുന്നു,പുണരുക
പുണരുന്ന,പുണരുക
പുണര്ന്നു,പുണരുക
പുണരുന്നു,പുണരുക
പുണരുന്ന,പുണരുക
പുണർതം,പുണർതം
പുണൽ,പുണൽ
പുണ്ണാക്ക്,പുണ്ണാക്ക്
പുണ്ണാക്കും,പുണ്ണാക്ക്
പുണ്ണ്,പുണ്ണ്
പുണ്ണിന്റെ,പുണ്ണ്
പുണ്ണും,പുണ്ണ്
പുണ്ണ്,പുണ്ണ്
പുണ്ണിന്റെ,പുണ്ണ്
പുണ്ണും,പുണ്ണ്
പുണ്യ,പുണ്യ
പുണ്യ,പുണ്യ
പുണ്യം,പുണ്യം
പുണ്യങ്ങൾ,പുണ്യം
പുണ്യവും,പുണ്യം
പുണ്യകാലം,പുണ്യകാലം
പുണ്യകാലത്ത്,പുണ്യകാലം
പുണ്യഗന്ധവും,പുണ്യഗന്ധം
പുണ്യതീർഥം,പുണ്യതീർഥം
പുണ്യനദികളുടെ,പുണ്യനദികൾ
പുണ്യഫലം,പുണ്യഫലം
പുണ്യവാനും,പുണ്യവാൻ
പുണ്യവാളൻ,പുണ്യവാളൻ
പുണ്യവാളനെ,പുണ്യവാളൻ
പുണ്യവാളന്,പുണ്യവാളൻ
പുണ്യവാളന്റെ,പുണ്യവാളൻ
പുണ്യസ്ഥലം,പുണ്യസ്ഥലം
പുണ്യസ്ഥലങ്ങൾ,പുണ്യസ്ഥലം
പുണ്യസ്ഥലവും,പുണ്യസ്ഥലം
പുണ്യസ്ഥലത്ത്,പുണ്യസ്ഥലം
പുണ്യാത്മാവ്,പുണ്യാത്മാവ്
പുണ്യാത്മാവിനെ,പുണ്യാത്മാവ്
പുണ്യാത്മാവിന്,പുണ്യാത്മാവ്
പുണ്യാത്മാവിന്റെ,പുണ്യാത്മാവ്
പുണ്യാത്മാവായ,പുണ്യാത്മാവ്
പുണ്യാളൻ,പുണ്യാളൻ
പുണ്യാളന്,പുണ്യാളൻ
പുണ്യാളന്റെ,പുണ്യാളൻ
പുണ്യാളനും,പുണ്യാളൻ
പുണ്യാഹം,പുണ്യാഹം
പുണ്യാഹവും,പുണ്യാഹം
പുത,പുത
പുതപ്പ്,പുതപ്പ്
പുതപ്പിന്റെ,പുതപ്പ്
പുതപ്പുകൾ,പുതപ്പ്
പുതപ്പും,പുതപ്പ്
പുതഞ്ഞു,പുതയുക
പുതയുന്ന,പുതയുക
പുതിയ,പുതിയ
പുതു,പുതു
പുതുകുന്നു,പുതുകുക
പുതുക്കുക,പുതുക്കുക
പുതുക്കുന്നു,പുതുക്കുക
പുതുക്കുന്ന,പുതുക്കുക
പുതുക്കി,പുതുക്കുക
പുതുമ,പുതുമ
പുതുശ്ശേരി,പുതുശ്ശേരി
പുത്തൻ,പുത്തൻ
പുത്തന്,പുത്തൻ
പുത്തരി,പുത്തരി
പുത്തില്ലം,പുത്തില്ലം
പുത്തില്ലത്ത്,പുത്തില്ലം
പുത്ത്,പുത്ത്
പുത്ര,പുത്ര
പുത്രകാമേഷ്ടി,പുത്രകാമേഷ്ടി
പുത്രൻ,പുത്രൻ
പുത്രനെ,പുത്രൻ
പുത്രനോട്,പുത്രൻ
പുത്രന്,പുത്രൻ
പുത്രനാൽ,പുത്രൻ
പുത്രന്റെ,പുത്രൻ
പുത്രനിൽ,പുത്രൻ
പുത്രന്മാർ,പുത്രൻ
പുത്രനും,പുത്രൻ
പുത്രാ,പുത്രൻ
പുത്രി,പുത്രി
പുത്രീ,പുത്രി
പുത്രികാ,പുത്രികാ
പുത്രീ,പുത്രീ
പുന,പുന
പുനം,പുനം
പുനത്ത്,പുനം
പുനഃ,പുനഃ
പുനരുക്തവദാഭാസം,പുനരുക്തവദാഭാസം
പുനരുത്ഥാനം,പുനരുത്ഥാനം
പുനരുദ്ധരിക്കുക,പുനരുദ്ധരിക്കുക
പുനരുദ്ധരിച്ചു,പുനരുദ്ധരിക്കുക
പുനരുദ്ധരിക്കുന്ന,പുനരുദ്ധരിക്കുക
പുനർജന്മം,പുനർജന്മം
പുനർജന്മവും,പുനർജന്മം
പുനർവിചാരം,പുനർവിചാരം
പുനർവിചാരണ,പുനർവിചാരണ
പുനർവിവാഹം,പുനർവിവാഹം
പുനർവിവാഹങ്ങൾ,പുനർവിവാഹം
പുനർവിവാഹവും,പുനർവിവാഹം
പുനല്,പുനൽ
പുനശ്ച,പുനശ്ച
പുനസ്സംസ്കാരം,പുനസ്സംസ്കാരം
പുന്ന,പുന്ന
പുന്നാട്,പുന്നാട്
പുന്നാടും,പുന്നാട്
പുന്നാട്ട്,പുന്നാട്
പുന്നാരം,പുന്നാരം
പുന്നിലത്ത്,പുന്നിലം
പുന്നെല്ല്,പുന്നെല്ല്
പുന്നെല്ലിന്,പുന്നെല്ല്
പുന്നെല്ലിൻ,പുന്നെല്ല്
പുന്നെല്ലിന്,പുന്നെല്ല്
പുന്നെല്ലിന്റെ,പുന്നെല്ല്
പുന്നെല്ലിന്റെ,പുന്നെല്ല്
പുനെ,പുൻ
പുാ,പുൻ
പുമാന്,പുമാൻ
പുര,പുര
പുര,പുര
പുരം,പുരം
പുരവും,പുരം
പുരത്ത്,പുരം
പുരം,പുരം
പുരവും,പുരം
പുരത്ത്,പുരം
പുരഃ,പുരഃ
പുരട്ടുക,പുരട്ടുക
പുരട്ടുന്നു,പുരട്ടുക
പുരട്ടുന്ന,പുരട്ടുക
പുരന്ദരന്,പുരന്ദരൻ
പുരയിടം,പുരയിടം
പുരയിടങ്ങൾ,പുരയിടം
പുരയിടവും,പുരയിടം
പുരളുന്നു,പുരളുക
പുരളുന്ന,പുരളുക
പുരവ്,പുരവ്
പുരവും,പുരവ്
പുരശ്ചരണം,പുരശ്ചരണം
പുരസ്കരിക്കുന്ന,പുരസ്കരിക്കുക
പുരസ്കാരം,പുരസ്കാരം
പുരസ്കാരങ്ങൾ,പുരസ്കാരം
പുരസ്കാരവും,പുരസ്കാരം
പുരസ്സരം,പുരസ്സരം
പുരാ,പുരാ
പുരാണ,പുരാണ
പുരാണ,പുരാണ
പുരാണം,പുരാണം
പുരാണങ്ങൾ,പുരാണം
പുരാണവും,പുരാണം
പുരാണപുരുഷനും,പുരാണപുരുഷൻ
പുരാതന,പുരാതന
പുരാനോട്,പുരാൻ
പുരാനോട്,പുരാൻ
പുരാവൃത്തം,പുരാവൃത്തം
പുരാവൃത്തങ്ങൾ,പുരാവൃത്തം
പുരാവൃത്തവും,പുരാവൃത്തം
പുരി,പുരി
പുരി,പുരി
പുരികം,പുരികം
പുരികങ്ങൾ,പുരികം
പുരികവും,പുരികം
പുരു,പുരു
പുരുഷ,പുരുഷ
പുരുഷത്വം,പുരുഷത്വം
പുരുഷത്വവും,പുരുഷത്വം
പുരുഷൻ,പുരുഷൻ
പുരുഷനെ,പുരുഷൻ
പുരുഷനോട്,പുരുഷൻ
പുരുഷന്,പുരുഷൻ
പുരുഷന്റെ,പുരുഷൻ
പുരുഷനിൽ,പുരുഷൻ
പുരുഷന്മാർ,പുരുഷൻ
പുരുഷനും,പുരുഷൻ
പുരുഷാ,പുരുഷൻ
പുരുഷാ,പുരുഷാ
പുരുഷാന്തരം,പുരുഷാന്തരം
പുരുഷായുസ്സ്,പുരുഷായുസ്സ്
പുരുഷായുസ്സിന്റെ,പുരുഷായുസ്സ്
പുരുഷാരം,പുരുഷാരം
പുരുഷോത്തമൻ,പുരുഷോത്തമൻ
പുരോഗതി,പുരോഗതി
പുരോഹിതന്,പുരോഹിതൻ
പുറ,പുറ
പുറ,പുറ
പുറം,പുറം
പുറങ്ങൾ,പുറം
പുറവും,പുറം
പുറത്ത്,പുറം
പുറം,പുറം
പുറങ്ങൾ,പുറം
പുറവും,പുറം
പുറത്ത്,പുറം
പുറംപൂച്ച്,പുറംപൂച്ച്
പുറംപൂച്ചുകൾ,പുറംപൂച്ച്
പുറകെ,പുറകെ
പുറക്,പുറക്
പുറകോട്ട്,പുറക്
പുറകിൽ,പുറക്
പുറകും,പുറക്
പുറക്കടം,പുറക്കടം
പുറക്കളം,പുറക്കളം
പുറത്തൂട്ട്,പുറത്തൂട്ട്
പുറത്തേക്ക്,പുറത്തേക്ക്
പുറത്തേക്കും,പുറത്തേക്ക്
പുറനാട്,പുറനാട്
പുറനാനൂറ്,പുറനാനൂറ്
പുറനാനൂറിൽ,പുറനാനൂറ്
പുറനാനൂറിൽ,പുറനാനൂറ്
പുറപ്പാട്,പുറപ്പാട്
പുറപ്പാടിന്,പുറപ്പാട്
പുറപ്പാടിന്റെ,പുറപ്പാട്
പുറപ്പാടും,പുറപ്പാട്
പുറമേ,പുറമേ
പുറമ്പോക്ക്,പുറമ്പോക്ക്
പുറമ്പോക്കിൽ,പുറമ്പോക്ക്
പുറവടി,പുറവടി
പുറാട്ടുകൾ,പുറാട്ട്
പുറ്റ്,പുറ്റ്
പുറ്റുകൾ,പുറ്റ്
പുറ്റുകൾ,പുറ്റ്
പുറ്റുകൾ,പുറ്റ്
പുറ്റും,പുറ്റ്
പുല,പുല
പുല,പുല
പുലത്ത്,പുലം
പുലക,പുലക
പുലക,പുലക
പുലഭ്യം,പുലഭ്യം
പുലമ്പുന്നു,പുലമ്പുക
പുലമ്പുന്ന,പുലമ്പുക
പുലമ്പുന്നു,പുലമ്പുക
പുലമ്പുന്ന,പുലമ്പുക
പുലയൻ,പുലയൻ
പുലയനെ,പുലയൻ
പുലയന്,പുലയൻ
പുലയന്റെ,പുലയൻ
പുലയനും,പുലയൻ
പുലയാട്ടും,പുലയാട്ട്
പുലരി,പുലരി
പുലരുക,പുലരുക
പുലർന്നു,പുലരുക
പുലരുന്ന,പുലരുക
പുലര്,പുലര്
പുലരും,പുലര്
പുലരുക,പുലര്
പുലർച്ച,പുലർച്ച
പുലർത്തുക,പുലർത്തുക
പുലർത്തി,പുലർത്തുക
പുലർത്തുന്നു,പുലർത്തുക
പുലർത്തുന്ന,പുലർത്തുക
പുലസ്ത്യൻ,പുലസ്ത്യൻ
പുലസ്ത്യന്,പുലസ്ത്യൻ
പുലസ്ത്യന്റെ,പുലസ്ത്യൻ
പുലഹൻ,പുലഹൻ
പുലഹന്,പുലഹൻ
പുലാവ്,പുലാവ്
പുലാവും,പുലാവ്
പുലി,പുലി
പുലി,പുലി
പുലിക്കളി,പുലിക്കളി
പുലിച്ചുവടി,പുലിച്ചുവടി
പുലിപ്പാൽ,പുലിപ്പാൽ
പുലിപ്പാല്,പുലിപ്പാൽ
പുലിമുഖം,പുലിമുഖം
പുലിമുഖത്ത്,പുലിമുഖം
പുല്ല,പുല്ല
പുല്ലത്ത്,പുല്ലം
പുല്ലൻ,പുല്ലൻ
പുല്ലന്,പുല്ലൻ
പുല്ലാങ്കുഴൽ,പുല്ലാങ്കുഴൽ
പുല്ലാങ്കുഴല്,പുല്ലാങ്കുഴൽ
പുല്ലാഞ്ഞി,പുല്ലാഞ്ഞി
പുല്ല്,പുല്ല്
പുല്ലോട്ട്,പുല്ല്
പുല്ലിന്,പുല്ല്
പുല്ലിന്,പുല്ല്
പുല്ലിന്റെ,പുല്ല്
പുല്ലിന്റെ,പുല്ല്
പുല്ലിൽ,പുല്ല്
പുല്ലിൽ,പുല്ല്
പുല്ലുകൾ,പുല്ല്
പുല്ലുകൾ,പുല്ല്
പുല്ലും,പുല്ല്
പുല്ലും,പുല്ല്
പുല്ലേ,പുല്ല്
പുല്ല്,പുല്ല്
പുല്ലോട്ട്,പുല്ല്
പുല്ലിന്,പുല്ല്
പുല്ലിന്,പുല്ല്
പുല്ലിന്റെ,പുല്ല്
പുല്ലിന്റെ,പുല്ല്
പുല്ലിൽ,പുല്ല്
പുല്ലിൽ,പുല്ല്
പുല്ലുകൾ,പുല്ല്
പുല്ലുകൾ,പുല്ല്
പുല്ലും,പുല്ല്
പുല്ലും,പുല്ല്
പുല്ലേ,പുല്ല്
പുൽക്കൂട്,പുൽക്കൂട്
പുൽക്കൂടുകൾ,പുൽക്കൂട്
പുൽക്കൂടും,പുൽക്കൂട്
പുൽത്തകിടി,പുൽത്തകിടി
പുൽത്തൈലം,പുൽത്തൈലം
പുളകം,പുളകം
പുളഞ്ഞു,പുളയുക
പുളയുന്നു,പുളയുക
പുളയുന്ന,പുളയുക
പുളി,പുളി
പുളികുടി,പുളികുടി
പുളിച്ചു,പുളിക്കുക
പുളിക്കുന്ന,പുളിക്കുക
പുളിച്ച,പുളിച്ച
പുളിപ്പിച്ചു,പുളിപ്പിക്കുക
പുളിപ്പ്,പുളിപ്പ്
പുളിപ്പും,പുളിപ്പ്
പുളിയൻ,പുളിയൻ
പുളിശ്ശേരി,പുളിശ്ശേരി
പുള്ളി,പുള്ളി
പുള്ളി,പുള്ളി
പുള്ളിക്കുത്ത്,പുള്ളിക്കുത്ത്
പുള്ളിക്കുത്തുകൾ,പുള്ളിക്കുത്ത്
പുള്ളിനത്ത്,പുള്ളിനം
പുള്ളുവൻ,പുള്ളുവൻ
പുള്ളുവന്,പുള്ളുവൻ
പുള്ളുവന്റെ,പുള്ളുവൻ
പുള്ള്,പുള്ള്
പുള്ളിനെ,പുള്ള്
പുള്ളിന്,പുള്ള്
പുള്ളിന്റെ,പുള്ള്
പുള്ളും,പുള്ള്
പുള്ള്,പുള്ള്
പുള്ളിനെ,പുള്ള്
പുള്ളിന്,പുള്ള്
പുള്ളിന്റെ,പുള്ള്
പുള്ളും,പുള്ള്
പുൾ,പുൾ
പുഴ,പുഴ
പുഴ,പുഴ
പുഴു,പുഴു
പുഴു,പുഴു
പുഴുക്കവും,പുഴുക്കം
പുഴുക്കടി,പുഴുക്കടി
പുഴുക്കലരി,പുഴുക്കലരി
പുഴുക്കുത്ത്,പുഴുക്കുത്ത്
പുഴുക്കുത്തുകൾ,പുഴുക്കുത്ത്
പുഴുക്കുത്തും,പുഴുക്കുത്ത്
പുഴുക്ക്,പുഴുക്ക്
പുഴുക്കുകൾ,പുഴുക്ക്
പുഴുക്കും,പുഴുക്ക്
പുഴുപ്പല്ല്,പുഴുപ്പല്ല്
പുഷ്കരം,പുഷ്കരം
പുഷ്കരദ്വീപിൽ,പുഷ്കരദ്വീപ്
പുഷ്കരൻ,പുഷ്കരൻ
പുഷ്കരന്,പുഷ്കരൻ
പുഷ്കരന്റെ,പുഷ്കരൻ
പുഷ്കരനും,പുഷ്കരൻ
പുഷ്കരിണി,പുഷ്കരിണി
പുഷ്കരിണി,പുഷ്കരിണി
പുഷ്കല,പുഷ്കല
പുഷ്കല,പുഷ്കല
പുഷ്കലാ,പുഷ്കലൻ
പുഷ്ടം,പുഷ്ടം
പുഷ്ടി,പുഷ്ടി
പുഷ്ടി,പുഷ്ടി
പുഷ്ടിവർധനം,പുഷ്ടിവർധനം
പുഷ്പ,പുഷ്പ
പുഷ്പ,പുഷ്പ
പുഷ്പം,പുഷ്പം
പുഷ്പങ്ങൾ,പുഷ്പം
പുഷ്പവും,പുഷ്പം
പുഷ്പക,പുഷ്പക
പുഷ്പകവും,പുഷ്പകം
പുഷ്പകത്ത്,പുഷ്പകം
പുഷ്പകൻ,പുഷ്പകൻ
പുഷ്പകാലം,പുഷ്പകാലം
പുഷ്പദന്തൻ,പുഷ്പദന്തൻ
പുഷ്പഫല,പുഷ്പഫല
പുഷ്പഫലം,പുഷ്പഫലം
പുഷ്പമാല്യം,പുഷ്പമാല്യം
പുഷ്പവതി,പുഷ്പവതി
പുഷ്പവാടി,പുഷ്പവാടി
പുഷ്പവൃഷ്ടി,പുഷ്പവൃഷ്ടി
പുഷ്പഹാസന്,പുഷ്പഹാസൻ
പുഷ്പാ,പുഷ്പാ
പുഷ്പാഞ്ജലി,പുഷ്പാഞ്ജലി
പുഷ്പാഭിഷേകം,പുഷ്പാഭിഷേകം
പുഷ്പാഭിഷേകവും,പുഷ്പാഭിഷേകം
പുഷ്പി,പുഷ്പി
പുഷ്പി,പുഷ്പി
പുഷ്പിച്ചു,പുഷ്പിക്കുക
പുഷ്പിക്കുന്നു,പുഷ്പിക്കുക
പുഷ്പിക്കുന്ന,പുഷ്പിക്കുക
പുഷ്പിത,പുഷ്പിത
പുഷ്യരാഗം,പുഷ്യരാഗം
പുസ്ത,പുസ്ത
പുസ്തം,പുസ്തം
പുസ്തങ്ങൾ,പുസ്തം
പൂ,പൂ
പൂ,പൂ
പൂകുന്നു,പൂകുക
പൂക്കൽ,പൂക്കൽ
പൂക്കുക,പൂക്കുക
പൂക്കുന്നു,പൂക്കുക
പൂക്കുന്ന,പൂക്കുക
പൂക്കുറ്റി,പൂക്കുറ്റി
പൂക്കൈത,പൂക്കൈത
പൂങ്കാവനം,പൂങ്കാവനം
പൂങ്കാവനവും,പൂങ്കാവനം
പൂങ്കാവ്,പൂങ്കാവ്
പൂങ്കാവിൽ,പൂങ്കാവ്
പൂങ്കാവുകൾ,പൂങ്കാവ്
പൂങ്കാവ്,പൂങ്കാവ്
പൂങ്കാവിൽ,പൂങ്കാവ്
പൂങ്കാവുകൾ,പൂങ്കാവ്
പൂങ്കുല,പൂങ്കുല
പൂച്ച,പൂച്ച
പൂച്ച,പൂച്ച
പൂച്ചക്കണ്ണൻ,പൂച്ചക്കണ്ണൻ
പൂച്ചട്ടി,പൂച്ചട്ടി
പൂച്ചാണ്ടി,പൂച്ചാണ്ടി
പൂച്ചി,പൂച്ചി
പൂച്ചി,പൂച്ചി
പൂച്ചെടി,പൂച്ചെടി
പൂച്ചെണ്ട്,പൂച്ചെണ്ട്
പൂച്ചെണ്ടിന്,പൂച്ചെണ്ട്
പൂച്ചെണ്ടുകൾ,പൂച്ചെണ്ട്
പൂച്ചെണ്ടും,പൂച്ചെണ്ട്
പൂച്ച്,പൂച്ച്
പൂജ,പൂജ
പൂജ,പൂജ
പൂജകൻ,പൂജകൻ
പൂജകനും,പൂജകൻ
പൂജനീയ,പൂജനീയ
പൂജയെടുപ്പ്,പൂജയെടുപ്പ്
പൂജയെടുപ്പും,പൂജയെടുപ്പ്
പൂജാ,പൂജാ
പൂജാപാത്രം,പൂജാപാത്രം
പൂജാരി,പൂജാരി
പൂജിക്കുക,പൂജിക്കുക
പൂജിച്ചു,പൂജിക്കുക
പൂജിക്കുന്നു,പൂജിക്കുക
പൂജിക്കുന്ന,പൂജിക്കുക
പൂജിക്കുക,പൂജിക്കുക
പൂജിച്ചു,പൂജിക്കുക
പൂജിക്കുന്നു,പൂജിക്കുക
പൂജിക്കുന്ന,പൂജിക്കുക
പൂജിത,പൂജിത
പൂജിത,പൂജിത
പൂജിതാ,പൂജിതൻ
പൂജിൻ,പൂജ്
പൂജ്യ,പൂജ്യ
പൂജ്യം,പൂജ്യം
പൂജ്യവും,പൂജ്യം
പൂജ്യനും,പൂജ്യൻ
പൂഞ്ച്,പൂഞ്ച്
പൂഞ്ചിൽ,പൂഞ്ച്
പൂഞ്ഞാൻ,പൂഞ്ഞാൻ
പൂഞ്ഞാൽ,പൂഞ്ഞ്
പൂട,പൂട
പൂട,പൂട
പൂട്ട്,പൂട്
പൂട്ടിൽ,പൂട്ടിൽ
പൂട്ടുക,പൂട്ടുക
പൂട്ടുന്നു,പൂട്ടുക
പൂട്ടുന്ന,പൂട്ടുക
പൂട്ടുക,പൂട്ടുക
പൂട്ടുന്നു,പൂട്ടുക
പൂട്ടുന്ന,പൂട്ടുക
പൂട്ട്,പൂട്ട്
പൂട്ടിൻ,പൂട്ട്
പൂട്ടിന്റെ,പൂട്ട്
പൂട്ടിൽ,പൂട്ട്
പൂട്ടുകൾ,പൂട്ട്
പൂട്ടും,പൂട്ട്
പൂട്ടുക,പൂട്ട്
പൂട്ട്,പൂട്ട്
പൂട്ടിൻ,പൂട്ട്
പൂട്ടിന്റെ,പൂട്ട്
പൂട്ടിൽ,പൂട്ട്
പൂട്ടുകൾ,പൂട്ട്
പൂട്ടും,പൂട്ട്
പൂട്ടുക,പൂട്ട്
പൂണാർ,പൂണാർ
പൂണി,പൂണി
പൂതം,പൂതം
പൂതവും,പൂതം
പൂതന,പൂതന
പൂതൻ,പൂതൻ
പൂതന്,പൂതൻ
പൂതനും,പൂതൻ
പൂതി,പൂതി
പൂതി,പൂതി
പൂത്ത,പൂത്ത
പൂത്താലി,പൂത്താലി
പൂത്തിരുവാതിര,പൂത്തിരുവാതിര
പൂത്ത്,പൂത്ത്
പൂത്തോട്ട്,പൂത്ത്
പൂത്താൽ,പൂത്ത്
പൂന്തോട്ടം,പൂന്തോട്ടം
പൂപ്പട,പൂപ്പട
പൂപ്പൽ,പൂപ്പൽ
പൂപ്പല്,പൂപ്പൽ
പൂപ്പള്ളി,പൂപ്പള്ളി
പൂമഠം,പൂമഠം
പൂമരം,പൂമരം
പൂമരങ്ങൾ,പൂമരം
പൂമുഖം,പൂമുഖം
പൂമുഖത്ത്,പൂമുഖം
പൂമ്പാറ്റ,പൂമ്പാറ്റ
പൂയം,പൂയം
പൂര,പൂര
പൂരം,പൂരം
പൂരങ്ങൾ,പൂരം
പൂരവും,പൂരം
പൂരക,പൂരക
പൂരക,പൂരക
പൂരകം,പൂരകം
പൂരകവും,പൂരകം
പൂരണം,പൂരണം
പൂരണവും,പൂരണം
പൂരപ്പാട്ട്,പൂരപ്പാട്ട്
പൂരപ്പാട്ടും,പൂരപ്പാട്ട്
പൂരാടം,പൂരാടം
പൂരാടം,പൂരാടം
പൂരി,പൂരി
പൂരിത,പൂരിത
പൂരുരുട്ടാതി,പൂരുരുട്ടാതി
പൂര്,പൂര്
പൂരിൽ,പൂര്
പൂര്,പൂര്
പൂരിൽ,പൂര്
പൂർ,പൂർ
പൂരിൽ,പൂർ
പൂർണ,പൂർണ
പൂർണ,പൂർണ
പൂർണം,പൂർണം
പൂർണവും,പൂർണം
പൂർണത,പൂർണത
പൂർണിമ,പൂർണിമ
പൂർത്തി,പൂർത്തി
പൂർവ,പൂർവ
പൂർവ,പൂർവ
പൂർവം,പൂർവം
പൂർവം,പൂർവം
പൂർവകർമങ്ങൾ,പൂർവകർമം
പൂർവപിതാക്കന്മാരുടെ,പൂർവപിതാക്കന്മാർ
പൂർവപിതാക്കന്മാരിൽ,പൂർവപിതാക്കന്മാർ
പൂർവാംഗം,പൂർവാംഗം
പൂർവാധികം,പൂർവാധികം
പൂർവാർധം,പൂർവാർധം
പൂർവിക,പൂർവിക
പൂള,പൂള
പൂള്,പൂള്
പൂളിനെ,പൂള്
പൂളിന്,പൂള്
പൂളിന്റെ,പൂള്
പൂളിൽ,പൂള്
പൂളുകൾ,പൂള്
പൂളും,പൂള്
പൂൾ,പൂൾ
പൂളിന്റെ,പൂൾ
പൂളിൽ,പൂൾ
പൂളുകൾ,പൂൾ
പൂളും,പൂൾ
പൂഴി,പൂഴി
പൂഴിക്കടകൻ,പൂഴിക്കടകൻ
പൂഴിക്കടകന്റെ,പൂഴിക്കടകൻ
പൂഴിനാട്,പൂഴിനാട്
പൂഴ്ന്നു,പൂഴുക
പൂഴ്ത്തി,പൂഴ്ത്തുക
പൂവം,പൂവം
പൂവത്ത്,പൂവം
പൂവണം,പൂവണം
പൂവണ്ണാൽ,പൂവണ്ണ്
പൂവൻ,പൂവൻ
പൂവനെ,പൂവൻ
പൂവന്,പൂവൻ
പൂവന്റെ,പൂവൻ
പൂവന്മാർ,പൂവൻ
പൂവനും,പൂവൻ
പൂവൻ,പൂവൻ
പൂവനെ,പൂവൻ
പൂവന്,പൂവൻ
പൂവന്റെ,പൂവൻ
പൂവന്മാർ,പൂവൻ
പൂവനും,പൂവൻ
പൂവരശ്,പൂവരശ്
പൂവാർ,പൂവാർ
പൂവാലനെ,പൂവാലൻ
പൂവാലന്,പൂവാലൻ
പൂവ്,പൂവ്
പൂവിനെ,പൂവ്
പൂവിന്,പൂവ്
പൂവിനാൽ,പൂവ്
പൂവിന്റെ,പൂവ്
പൂവിൽ,പൂവ്
പൂവുകൾ,പൂവ്
പൂവും,പൂവ്
പൂവാം,പൂവ്
പൂവുക,പൂവ്
പൂവായ,പൂവ്
പൂവ്,പൂവ്
പൂവിനെ,പൂവ്
പൂവിന്,പൂവ്
പൂവിനാൽ,പൂവ്
പൂവിന്റെ,പൂവ്
പൂവിൽ,പൂവ്
പൂവുകൾ,പൂവ്
പൂവും,പൂവ്
പൂവാം,പൂവ്
പൂവുക,പൂവ്
പൂവായ,പൂവ്
പൂശുക,പൂശുക
പൂശുന്നു,പൂശുക
പൂശുന്ന,പൂശുക
പൃഥ,പൃഥ
പൃഥക്,പൃഥക്
പൃഥിവി,പൃഥിവി
പൃഥിവീ,പൃഥിവി
പൃഥു,പൃഥു
പൃഥ്വി,പൃഥ്വി
പൃഷത്,പൃഷത്
പൃഷ്ടം,പൃഷ്ടം
പൃഷ്ഠ,പൃഷ്ഠ
പൃഷ്ഠം,പൃഷ്ഠം
പൃഷ്ഠവും,പൃഷ്ഠം
പൃഷ്ഠഭാഗത്ത്,പൃഷ്ഠഭാഗം
പെങ്ങൾ,പെങ്ങൾ
പെങ്ങളെ,പെങ്ങൾ
പെങ്ങളുടെ,പെങ്ങൾ
പെങ്ങളും,പെങ്ങൾ
പെടല്,പെടൽ
പെടല്,പെടൽ
പെടുക,പെടുക
പെടുന്നു,പെടുക
പെടുന്ന,പെടുക
പെടുന്നു,പെടുക്കുക
പെടുത്തുക,പെടുത്തുക
പെടുത്തി,പെടുത്തുക
പെടുത്തുന്നു,പെടുത്തുക
പെടുത്തുന്ന,പെടുത്തുക
പെട്ട,പെട്ട
പെട്ട,പെട്ട
പെട്ടി,പെട്ടി
പെട്ടി,പെട്ടി
പെട്ടെന്ന്,പെട്ടെന്ന്
പെട്ടെന്നും,പെട്ടെന്ന്
പെട്ട്,പെട്ട്
പെട്ടാൽ,പെട്ട്
പെട്ടും,പെട്ട്
പെണ്ണാ,പെണ്ണൻ
പെണ്ണരശ്,പെണ്ണരശ്
പെണ്ണാൾ,പെണ്ണാൾ
പെണ്ണാളേ,പെണ്ണാൾ
പെണ്ണ്,പെണ്ണ്
പെണ്ണിനെ,പെണ്ണ്
പെണ്ണിനോട്,പെണ്ണ്
പെണ്ണിന്,പെണ്ണ്
പെണ്ണിൻ,പെണ്ണ്
പെണ്ണിന്റെ,പെണ്ണ്
പെണ്ണും,പെണ്ണ്
പെണ്ണായ,പെണ്ണ്
പെണ്ണേ,പെണ്ണ്
പെണ്ണ്,പെണ്ണ്
പെണ്ണിനെ,പെണ്ണ്
പെണ്ണിനോട്,പെണ്ണ്
പെണ്ണിന്,പെണ്ണ്
പെണ്ണിൻ,പെണ്ണ്
പെണ്ണിന്റെ,പെണ്ണ്
പെണ്ണും,പെണ്ണ്
പെണ്ണായ,പെണ്ണ്
പെണ്ണേ,പെണ്ണ്
പെൺ,പെൺ
പെണിന്റെ,പെൺ
പെൺകുട്ടി,പെൺകുട്ടി
പെൺപട,പെൺപട
പെയർ,പെയർ
പെയ്ത്ത്,പെയ്ത്ത്
പെയ്ത്തിന്റെ,പെയ്ത്ത്
പെയ്യുക,പെയ്യുക
പെയ്യുന്നു,പെയ്യുക
പെയ്യുന്ന,പെയ്യുക
പെരിയപുരാണം,പെരിയപുരാണം
പെരിയാറിനെ,പെരിയാറ്
പെരിയാറിനെ,പെരിയാറ്
പെരിയാറിനോട്,പെരിയാറ്
പെരിയാറിനോട്,പെരിയാറ്
പെരിയാറിന്,പെരിയാറ്
പെരിയാറിൻ,പെരിയാറ്
പെരിയാറിന്,പെരിയാറ്
പെരിയാറിനാൽ,പെരിയാറ്
പെരിയാറിനാൽ,പെരിയാറ്
പെരിയാറിന്റെ,പെരിയാറ്
പെരിയാറിന്റെ,പെരിയാറ്
പെരിയാറിൽ,പെരിയാറ്
പെരിയാറിൽ,പെരിയാറ്
പെരിയാറും,പെരിയാറ്
പെരു,പെരു
പെരും,പെരും
പെരുത്ത്,പെരും
പെരുകുക,പെരുകുക
പെരുകുന്നു,പെരുകുക
പെരുകുന്ന,പെരുകുക
പെരുകും,പെരുക്
പെരുകുക,പെരുക്
പെരുക്കം,പെരുക്കം
പെരുക്കങ്ങൾ,പെരുക്കം
പെരുച്ചാഴി,പെരുച്ചാഴി
പെരുഞ്ചീരകവും,പെരുഞ്ചീരകം
പെരുഞ്ചെല്ലൂർ,പെരുഞ്ചെല്ലൂർ
പെരുത്ത്,പെരുത്ത്
പെരുനാൾ,പെരുനാൾ
പെരുന്തച്ചൻ,പെരുന്തച്ചൻ
പെരുന്തച്ചനെ,പെരുന്തച്ചൻ
പെരുന്തച്ചന്,പെരുന്തച്ചൻ
പെരുന്തച്ചന്റെ,പെരുന്തച്ചൻ
പെരുന്തട്ടാൻ,പെരുന്തട്ടാൻ
പെരുന്തേൻ,പെരുന്തേൻ
പെരുന്നാൾ,പെരുന്നാൾ
പെരുന്നാളിന്റെ,പെരുന്നാൾ
പെരുന്നാളിൽ,പെരുന്നാൾ
പെരുന്നാളും,പെരുന്നാൾ
പെരുപ്പം,പെരുപ്പം
പെരുപ്പവും,പെരുപ്പം
പെരുപ്പം,പെരുപ്പം
പെരുപ്പവും,പെരുപ്പം
പെരുപ്പിച്ചു,പെരുപ്പിക്കുക
പെരുമ,പെരുമ
പെരുമനം,പെരുമനം
പെരുമനത്ത്,പെരുമനം
പെരുമൻ,പെരുമൻ
പെരുമഴ,പെരുമഴ
പെരുമാട്ടി,പെരുമാട്ടി
പെരുമാറുക,പെരുമാറുക
പെരുമാറി,പെരുമാറുക
പെരുമാറുന്നു,പെരുമാറുക
പെരുമാറുന്ന,പെരുമാറുക
പെരുമാറ്റം,പെരുമാറ്റം
പെരുമാറ്റങ്ങൾ,പെരുമാറ്റം
പെരുമാറ്റവും,പെരുമാറ്റം
പെരുമാൾ,പെരുമാൾ
പെരുമാളെ,പെരുമാൾ
പെരുമാളോട്,പെരുമാൾ
പെരുമാളുടെ,പെരുമാൾ
പെരുമാളിന്റെ,പെരുമാൾ
പെരുമാളും,പെരുമാൾ
പെരുമാൾ,പെരുമാൾ
പെരുമാളെ,പെരുമാൾ
പെരുമാളോട്,പെരുമാൾ
പെരുമാളുടെ,പെരുമാൾ
പെരുമാളിന്റെ,പെരുമാൾ
പെരുമാളും,പെരുമാൾ
പെരുമ്പട,പെരുമ്പട
പെരുമ്പടപ്പ്,പെരുമ്പടപ്പ്
പെരുമ്പറ,പെരുമ്പറ
പെരുമ്പാമ്പ്,പെരുമ്പാമ്പ്
പെരുമ്പാമ്പിനെ,പെരുമ്പാമ്പ്
പെരുമ്പാമ്പിന്,പെരുമ്പാമ്പ്
പെരുമ്പാമ്പിന്റെ,പെരുമ്പാമ്പ്
പെരുമ്പാമ്പുകൾ,പെരുമ്പാമ്പ്
പെരുമ്പാമ്പും,പെരുമ്പാമ്പ്
പെരുമ്പാമ്പായ,പെരുമ്പാമ്പ്
പെരുമ്പിടി,പെരുമ്പിടി
പെരുവണ്ണാൻ,പെരുവണ്ണാൻ
പെരുവണ്ണാന്,പെരുവണ്ണാൻ
പെരുവണ്ണാന്റെ,പെരുവണ്ണാൻ
പെരുവണ്ണാന്മാർ,പെരുവണ്ണാൻ
പെരുവണ്ണാനും,പെരുവണ്ണാൻ
പെരുവഴി,പെരുവഴി
പെരുവിരൽ,പെരുവിരൽ
പെരുവിരല്,പെരുവിരൽ
പെരുവെള്ളം,പെരുവെള്ളം
പെറി,പെറുക
പെറുക്കി,പെറുക്കി
പെറുക്കുന്ന,പെറുക്കുക
പെറുക്കി,പെറുക്കുക
പെറുക്കുന്ന,പെറുക്കുക
പെറുക്കി,പെറുക്കുക
പെറുതി,പെറുതി
പെറ്റമ്മ,പെറ്റമ്മ
പൊങ്കൽ,പൊങ്കൽ
പൊങ്കാല,പൊങ്കാല
പൊങ്ങച്ചം,പൊങ്ങച്ചം
പൊടി,പൊടി
പൊട്ടന്,പൊട്ടൻ
പൊട്ടി,പൊട്ടി
പൊട്ടിക്കുക,പൊട്ടിക്കുക
പൊട്ടിച്ചു,പൊട്ടിക്കുക
പൊട്ടും,പൊട്ട്
പൊട്ടും,പൊട്ട്
പൊതു,പൊതു
പൊതുവെ,പൊതുവെ
പൊത്തി,പൊത്തുക
പൊന്നാനി,പൊന്നാനി
പൊന്നും,പൊന്ന്
പൊൻ,പൊൻ
പൊൻ,പൊൻ
പൊൻമുടി,പൊൻമുടി
പൊയ്മുഖം,പൊയ്മുഖം
പൊരുൾ,പൊരുൾ
പൊരുൾ,പൊരുൾ
പൊറുതി,പൊറുതി
പൊറുതി,പൊറുതി
പൊലിയുന്ന,പൊലിയുക
പൊല്ലാപ്പ്,പൊല്ലാപ്പ്
പൊളിക്കുക,പൊളിക്കുക
പൊളിച്ചു,പൊളിക്കുക
പൊളിഞ്ഞു,പൊളിയുക
പൊളിയുന്നു,പൊളിയുക
പൊള്ളിക്കുന്നു,പൊള്ളിക്കുക
പൊള്ളുന്ന,പൊള്ളുക
പൊഴി,പൊഴി
പേ,പേ
പേക്കൂത്ത്,പേക്കൂത്ത്
പേക്കൂത്തിന്,പേക്കൂത്ത്
പേട,പേട
പേടക,പേടക
പേടി,പേടി
പേടി,പേടി
പേടിക്കുക,പേടിക്കുക
പേടിച്ചു,പേടിക്കുക
പേടിക്കുന്നു,പേടിക്കുക
പേടിക്കുന്ന,പേടിക്കുക
പേട്,പേട്
പേട്ട്,പേട്
പേട്,പേട്
പേട്ട്,പേട്
പേട്ട,പേട്ട
പേഡ,പേഡ
പേന,പേന
പേൻ,പേൻ
പേനെ,പേൻ
പേന്,പേൻ
പേനുകൾ,പേൻ
പേനും,പേൻ
പോ,പേൻ
പേൻ,പേൻ
പേനെ,പേൻ
പേന്,പേൻ
പേനുകൾ,പേൻ
പേനും,പേൻ
പോ,പേൻ
പേപ്പട്ടി,പേപ്പട്ടി
പേയ,പേയ
പേയ,പേയ
പേയൻ,പേയൻ
പേര,പേര
പേരം,പേരം
പേരക്കിടാവ്,പേരക്കിടാവ്
പേരന്റെ,പേരൻ
പേരാ,പേരൻ
പേരു,പേരു
പേരൂ,പേരു
പേരെച്ചം,പേരെച്ചം
പേര്,പേര്
പേരിനെ,പേര്
പേരിനോട്,പേര്
പേരിന്,പേര്
പേരിൻ,പേര്
പേരാൽ,പേര്
പേരിനാൽ,പേര്
പേരിന്റെ,പേര്
പേരിൽ,പേര്
പേരുകൾ,പേര്
പേരും,പേര്
പേരായ,പേര്
പേർക്ക്,പേർക്ക്
പേർക്കും,പേർക്ക്
പേറി,പേറുക
പേറുന്നു,പേറുക
പേറുന്ന,പേറുക
പേറി,പേറുക
പേറുന്നു,പേറുക
പേറുന്ന,പേറുക
പേറിൽ,പേറ്
പേറിൽ,പേറ്
പേറും,പേറ്
പേറിൽ,പേറ്
പേറിൽ,പേറ്
പേറും,പേറ്
പേറ്റി,പേറ്റുക
പേശി,പേശി
പേശീ,പേശി
പേശീ,പേശീ
പേഷണം,പേഷണം
പോ,പോ
പോകുക,പോകുക
പോകുന്നു,പോകുക
പോകുന്ന,പോകുക
പോകുക,പോകുക
പോകുന്നു,പോകുക
പോകുന്ന,പോകുക
പോക്ക്,പോക്ക്
പോക്ക്,പോക്ക്
പോത്ത്,പോത്ത്
പോന്ന,പോന്ന
പോരാട്ടം,പോരാട്ടം
പോരാട്ടങ്ങൾ,പോരാട്ടം
പോരാട്ടവും,പോരാട്ടം
പോര്,പോര്
പോർ,പോർ
പോർ,പോർ
പോറൽ,പോറൽ
പോലും,പോലും
പോലെ,പോലെ
പോൾ,പോൾ
പോളിന്റെ,പോൾ
പോൾ,പോൾ
പോളിന്റെ,പോൾ
പൈ,പൈ
പൈ,പൈ
പൈങ്കിളി,പൈങ്കിളി
പൈങ്ങ,പൈങ്ങ
പൈതൽ,പൈതൽ
പൈതല്,പൈതൽ
പൈതൃക,പൈതൃക
പ്,പ്
പോട്ട്,പ്
പിന്,പ്
പിൻ,പ്
പാൽ,പ്
പിനാൽ,പ്
പിൽ,പ്
പും,പ്
പാം,പ്
പുക,പ്
പേക്ക്,പ്
പായ,പ്
പ്പ്,പ്പ്
പ്യായ്,പ്യായ്
പ്ര,പ്ര
പ്ര,പ്ര
പ്രകട,പ്രകട
പ്രകട,പ്രകട
പ്രകടം,പ്രകടം
പ്രകടവും,പ്രകടം
പ്രകടന,പ്രകടന
പ്രകടനം,പ്രകടനം
പ്രകടനങ്ങൾ,പ്രകടനം
പ്രകടനവും,പ്രകടനം
പ്രകടനപത്രിക,പ്രകടനപത്രിക
പ്രകടിത,പ്രകടിത
പ്രകടിപ്പിക്കുക,പ്രകടിപ്പിക്കുക
പ്രകടിപ്പിച്ചു,പ്രകടിപ്പിക്കുക
പ്രകടിപ്പിക്കുന്നു,പ്രകടിപ്പിക്കുക
പ്രകടിപ്പിക്കുന്ന,പ്രകടിപ്പിക്കുക
പ്രകമ്പനം,പ്രകമ്പനം
പ്രകരം,പ്രകരം
പ്രകരണ,പ്രകരണ
പ്രകരണം,പ്രകരണം
പ്രകരണവും,പ്രകരണം
പ്രകാര,പ്രകാര
പ്രകാരം,പ്രകാരം
പ്രകാരവും,പ്രകാരം
പ്രകാരം,പ്രകാരം
പ്രകാരവും,പ്രകാരം
പ്രകാശ,പ്രകാശ
പ്രകാശ,പ്രകാശ
പ്രകാശം,പ്രകാശം
പ്രകാശങ്ങൾ,പ്രകാശം
പ്രകാശവും,പ്രകാശം
പ്രകാശകനും,പ്രകാശകൻ
പ്രകാശവർഷം,പ്രകാശവർഷം
പ്രകാശവർഷങ്ങൾ,പ്രകാശവർഷം
പ്രകാശിക്കുക,പ്രകാശിക്കുക
പ്രകാശിച്ചു,പ്രകാശിക്കുക
പ്രകാശിക്കുന്നു,പ്രകാശിക്കുക
പ്രകാശിക്കുന്ന,പ്രകാശിക്കുക
പ്രകാശിത,പ്രകാശിത
പ്രകാശിതവും,പ്രകാശിതം
പ്രകീർത്തിച്ചു,പ്രകീർത്തിക്കുക
പ്രകീർത്തിക്കുന്നു,പ്രകീർത്തിക്കുക
പ്രകീർത്തിക്കുന്ന,പ്രകീർത്തിക്കുക
പ്രകൃതം,പ്രകൃതം
പ്രകൃതങ്ങൾ,പ്രകൃതം
പ്രകൃതവും,പ്രകൃതം
പ്രകൃതി,പ്രകൃതി
പ്രകൃതീ,പ്രകൃതി
പ്രകൃതി,പ്രകൃതി
പ്രകൃതീ,പ്രകൃതി
പ്രകൃതിഗുണങ്ങളെ,പ്രകൃതിഗുണങ്ങൾ
പ്രകൃതിവിരുദ്ധം,പ്രകൃതിവിരുദ്ധം
പ്രകൃതിവിരുദ്ധവും,പ്രകൃതിവിരുദ്ധം
പ്രകൃഷ്ട,പ്രകൃഷ്ട
പ്രകോപനം,പ്രകോപനം
പ്രക്രിയ,പ്രക്രിയ
പ്രക്ഷാളനം,പ്രക്ഷാളനം
പ്രക്ഷിപ്തം,പ്രക്ഷിപ്തം
പ്രക്ഷേപ,പ്രക്ഷേപ
പ്രക്ഷേപം,പ്രക്ഷേപം
പ്രക്ഷേപണം,പ്രക്ഷേപണം
പ്രക്ഷേപണങ്ങൾ,പ്രക്ഷേപണം
പ്രക്ഷേപണവും,പ്രക്ഷേപണം
പ്രഖ്യാതി,പ്രഖ്യാതി
പ്രഖ്യാപനം,പ്രഖ്യാപനം
പ്രഖ്യാപനങ്ങൾ,പ്രഖ്യാപനം
പ്രഖ്യാപനവും,പ്രഖ്യാപനം
പ്രചണ്ഡ,പ്രചണ്ഡ
പ്രചരണം,പ്രചരണം
പ്രചരണങ്ങൾ,പ്രചരണം
പ്രചരണവും,പ്രചരണം
പ്രചരിക്കുക,പ്രചരിക്കുക
പ്രചരിച്ചു,പ്രചരിക്കുക
പ്രചരിക്കുന്നു,പ്രചരിക്കുക
പ്രചരിക്കുന്ന,പ്രചരിക്കുക
പ്രചരിത,പ്രചരിത
പ്രചാരം,പ്രചാരം
പ്രചാരവും,പ്രചാരം
പ്രചാരകൻ,പ്രചാരകൻ
പ്രചാരകനെ,പ്രചാരകൻ
പ്രചാരകന്,പ്രചാരകൻ
പ്രചാരകന്റെ,പ്രചാരകൻ
പ്രചാരകനും,പ്രചാരകൻ
പ്രചാരണം,പ്രചാരണം
പ്രചാരണങ്ങൾ,പ്രചാരണം
പ്രചാരണവും,പ്രചാരണം
പ്രചുര,പ്രചുര
പ്രചോദനവും,പ്രചോദനം
പ്രച്ഛന്ന,പ്രച്ഛന്ന
പ്രജ,പ്രജ
പ്രജ,പ്രജ
പ്രജനനം,പ്രജനനം
പ്രജനനങ്ങൾ,പ്രജനനം
പ്രജനനവും,പ്രജനനം
പ്രജാ,പ്രജാ
പ്രജാപതി,പ്രജാപതി
പ്രജ്ഞ,പ്രജ്ഞ
പ്രജ്ഞ,പ്രജ്ഞ
പ്രജ്ഞാനം,പ്രജ്ഞാനം
പ്രണത,പ്രണത
പ്രണമിച്ചു,പ്രണമിക്കുക
പ്രണമിക്കുന്നു,പ്രണമിക്കുക
പ്രണയം,പ്രണയം
പ്രണയങ്ങൾ,പ്രണയം
പ്രണയവും,പ്രണയം
പ്രണയിക്കുക,പ്രണയിക്കുക
പ്രണയിച്ചു,പ്രണയിക്കുക
പ്രണയിക്കുന്നു,പ്രണയിക്കുക
പ്രണയിക്കുന്ന,പ്രണയിക്കുക
പ്രണവം,പ്രണവം
പ്രണവവും,പ്രണവം
പ്രണാമം,പ്രണാമം
പ്രണിധാനം,പ്രണിധാനം
പ്രണീത,പ്രണീത
പ്രണീത,പ്രണീത
പ്രണേതാവ്,പ്രണേതാവ്
പ്രണേതാവായ,പ്രണേതാവ്
പ്രതം,പ്രതം
പ്രതലം,പ്രതലം
പ്രതലങ്ങൾ,പ്രതലം
പ്രതലവും,പ്രതലം
പ്രതാനങ്ങൾ,പ്രതാനം
പ്രതാപ,പ്രതാപ
പ്രതാപം,പ്രതാപം
പ്രതാപങ്ങൾ,പ്രതാപം
പ്രതാപവും,പ്രതാപം
പ്രതാപവാന്,പ്രതാപവാൻ
പ്രതാപവാനും,പ്രതാപവാൻ
പ്രതി,പ്രതി
പ്രതീ,പ്രതി
പ്രതി,പ്രതി
പ്രതീ,പ്രതി
പ്രതികാ,പ്രതികൻ
പ്രതികരം,പ്രതികരം
പ്രതികരങ്ങൾ,പ്രതികരം
പ്രതികരണം,പ്രതികരണം
പ്രതികരണങ്ങൾ,പ്രതികരണം
പ്രതികരണവും,പ്രതികരണം
പ്രതികരിക്കുക,പ്രതികരിക്കുക
പ്രതികരിച്ചു,പ്രതികരിക്കുക
പ്രതികരിക്കുന്നു,പ്രതികരിക്കുക
പ്രതികരിക്കുന്ന,പ്രതികരിക്കുക
പ്രതികാര,പ്രതികാര
പ്രതികാരം,പ്രതികാരം
പ്രതികാരവും,പ്രതികാരം
പ്രതികൂല,പ്രതികൂല
പ്രതിക്രിയ,പ്രതിക്രിയ
പ്രതിഗ്രഹം,പ്രതിഗ്രഹം
പ്രതിഗ്രഹവും,പ്രതിഗ്രഹം
പ്രതിച്ഛായ,പ്രതിച്ഛായ
പ്രതിജ്ഞ,പ്രതിജ്ഞ
പ്രതിജ്ഞ,പ്രതിജ്ഞ
പ്രതിജ്ഞാ,പ്രതിജ്ഞാ
പ്രതിദിനം,പ്രതിദിനം
പ്രതിദ്രവ്യം,പ്രതിദ്രവ്യം
പ്രതിദ്രവ്യങ്ങൾ,പ്രതിദ്രവ്യം
പ്രതിദ്രവ്യവും,പ്രതിദ്രവ്യം
പ്രതിധാനം,പ്രതിധാനം
പ്രതിധ്വനി,പ്രതിധ്വനി
പ്രതിനായകനെ,പ്രതിനായകൻ
പ്രതിനായകന്,പ്രതിനായകൻ
പ്രതിനായകന്റെ,പ്രതിനായകൻ
പ്രതിനായകനും,പ്രതിനായകൻ
പ്രതിനിധാനം,പ്രതിനിധാനം
പ്രതിനിധി,പ്രതിനിധി
പ്രതിപക്ഷം,പ്രതിപക്ഷം
പ്രതിപക്ഷങ്ങൾ,പ്രതിപക്ഷം
പ്രതിപക്ഷവും,പ്രതിപക്ഷം
പ്രതിപക്ഷത്ത്,പ്രതിപക്ഷം
പ്രതിപത്തി,പ്രതിപത്തി
പ്രതിപദം,പ്രതിപദം
പ്രതിപാത്രം,പ്രതിപാത്രം
പ്രതിപാദനം,പ്രതിപാദനം
പ്രതിപാദനങ്ങൾ,പ്രതിപാദനം
പ്രതിപാദനവും,പ്രതിപാദനം
പ്രതിപാദിക്കുക,പ്രതിപാദിക്കുക
പ്രതിപാദിച്ചു,പ്രതിപാദിക്കുക
പ്രതിപാദിക്കുന്നു,പ്രതിപാദിക്കുക
പ്രതിപാദിക്കുന്ന,പ്രതിപാദിക്കുക
പ്രതിപാദ്യം,പ്രതിപാദ്യം
പ്രതിപാദ്യങ്ങൾ,പ്രതിപാദ്യം
പ്രതിപുരുഷൻ,പ്രതിപുരുഷൻ
പ്രതിപുരുഷനെ,പ്രതിപുരുഷൻ
പ്രതിപുരുഷന്റെ,പ്രതിപുരുഷൻ
പ്രതിഫലനം,പ്രതിഫലനം
പ്രതിഫലനങ്ങൾ,പ്രതിഫലനം
പ്രതിഫലനവും,പ്രതിഫലനം
പ്രതിഫലിക്കുക,പ്രതിഫലിക്കുക
പ്രതിഫലിച്ചു,പ്രതിഫലിക്കുക
പ്രതിഫലിക്കുന്നു,പ്രതിഫലിക്കുക
പ്രതിഫലിക്കുന്ന,പ്രതിഫലിക്കുക
പ്രതിബദ്ധത,പ്രതിബദ്ധത
പ്രതിബന്ധം,പ്രതിബന്ധം
പ്രതിബന്ധങ്ങൾ,പ്രതിബന്ധം
പ്രതിബലം,പ്രതിബലം
പ്രതിബലങ്ങൾ,പ്രതിബലം
പ്രതിബിംബം,പ്രതിബിംബം
പ്രതിബിംബങ്ങൾ,പ്രതിബിംബം
പ്രതിബിംബവും,പ്രതിബിംബം
പ്രതിഭ,പ്രതിഭ
പ്രതിഭ,പ്രതിഭ
പ്രതിഭാഗം,പ്രതിഭാഗം
പ്രതിഭാഗവും,പ്രതിഭാഗം
പ്രതിഭാസം,പ്രതിഭാസം
പ്രതിഭാസങ്ങൾ,പ്രതിഭാസം
പ്രതിഭാസവും,പ്രതിഭാസം
പ്രതിമ,പ്രതിമ
പ്രതിമ,പ്രതിമ
പ്രതിമർശം,പ്രതിമർശം
പ്രതിമാ,പ്രതിമാ
പ്രതിമാസം,പ്രതിമാസം
പ്രതിമാസവും,പ്രതിമാസം
പ്രതിരൂപണം,പ്രതിരൂപണം
പ്രതിരോധിക്കുന്ന,പ്രതിരോധിക്കുക
പ്രതിവചനം,പ്രതിവചനം
പ്രതിവചിച്ചു,പ്രതിവചിക്കുക
പ്രതിവർഷം,പ്രതിവർഷം
പ്രതിവർഷവും,പ്രതിവർഷം
പ്രതിവാദം,പ്രതിവാദം
പ്രതിവാദിക്കുന്നു,പ്രതിവാദിക്കുക
പ്രതിവാരം,പ്രതിവാരം
പ്രതിവിധി,പ്രതിവിധി
പ്രതിവിഷം,പ്രതിവിഷം
പ്രതിശീർഷ,പ്രതിശീർഷ
പ്രതിശ്രുത,പ്രതിശ്രുത
പ്രതിഷേധ,പ്രതിഷേധ
പ്രതിഷേധിക്കുക,പ്രതിഷേധിക്കുക
പ്രതിഷേധിച്ചു,പ്രതിഷേധിക്കുക
പ്രതിഷേധിക്കുന്നു,പ്രതിഷേധിക്കുക
പ്രതിഷേധിക്കുന്ന,പ്രതിഷേധിക്കുക
പ്രതിഷ്ഠ,പ്രതിഷ്ഠ
പ്രതിഷ്ഠാ,പ്രതിഷ്ഠാ
പ്രതിഷ്ഠാനം,പ്രതിഷ്ഠാനം
പ്രതിഷ്ഠാപനം,പ്രതിഷ്ഠാപനം
പ്രതിഷ്ഠാപനങ്ങൾ,പ്രതിഷ്ഠാപനം
പ്രതിഷ്ഠാപനവും,പ്രതിഷ്ഠാപനം
പ്രതിഷ്ഠിക്കുക,പ്രതിഷ്ഠിക്കുക
പ്രതിഷ്ഠിച്ചു,പ്രതിഷ്ഠിക്കുക
പ്രതിഷ്ഠിക്കുന്നു,പ്രതിഷ്ഠിക്കുക
പ്രതിഷ്ഠിക്കുന്ന,പ്രതിഷ്ഠിക്കുക
പ്രതിസന്ധി,പ്രതിസന്ധി
പ്രതീക,പ്രതീക
പ്രതീക,പ്രതീക
പ്രതീകം,പ്രതീകം
പ്രതീകങ്ങൾ,പ്രതീകം
പ്രതീകവും,പ്രതീകം
പ്രതീക്ഷ,പ്രതീക്ഷ
പ്രതീക്ഷിക്കുക,പ്രതീക്ഷിക്കുക
പ്രതീക്ഷിച്ചു,പ്രതീക്ഷിക്കുക
പ്രതീക്ഷിക്കുന്നു,പ്രതീക്ഷിക്കുക
പ്രതീക്ഷിക്കുന്ന,പ്രതീക്ഷിക്കുക
പ്രതീക്ഷിത,പ്രതീക്ഷിത
പ്രതീതി,പ്രതീതി
പ്രതീതി,പ്രതീതി
പ്രതീപം,പ്രതീപം
പ്രതീപനെ,പ്രതീപൻ
പ്രതീപന്,പ്രതീപൻ
പ്രതീപന്റെ,പ്രതീപൻ
പ്രത്യക്,പ്രത്യക്
പ്രത്യക്ഷ,പ്രത്യക്ഷ
പ്രത്യക്ഷ,പ്രത്യക്ഷ
പ്രത്യക്ഷം,പ്രത്യക്ഷം
പ്രത്യക്ഷവും,പ്രത്യക്ഷം
പ്രത്യയ,പ്രത്യയ
പ്രത്യയം,പ്രത്യയം
പ്രത്യയങ്ങൾ,പ്രത്യയം
പ്രത്യയം,പ്രത്യയം
പ്രത്യയങ്ങൾ,പ്രത്യയം
പ്രത്യാഖ്യാനങ്ങൾ,പ്രത്യാഖ്യാനം
പ്രത്യാഖ്യാനവും,പ്രത്യാഖ്യാനം
പ്രത്യാഘാതം,പ്രത്യാഘാതം
പ്രത്യാഘാതങ്ങൾ,പ്രത്യാഘാതം
പ്രത്യാഘാതവും,പ്രത്യാഘാതം
പ്രത്യാനയനം,പ്രത്യാനയനം
പ്രത്യാശ,പ്രത്യാശ
പ്രത്യാഹാരം,പ്രത്യാഹാരം
പ്രത്യുത,പ്രത്യുത
പ്രത്യുത്പന്ന,പ്രത്യുത്പന്ന
പ്രത്യുപകാരം,പ്രത്യുപകാരം
പ്രത്യുപകാരവും,പ്രത്യുപകാരം
പ്രത്യേകം,പ്രത്യേകം
പ്രത്യേകവും,പ്രത്യേകം
പ്രത്യേകിച്ച്,പ്രത്യേകിച്ച്
പ്രത്യേകിച്ചും,പ്രത്യേകിച്ച്
പ്രത്യൗഷധം,പ്രത്യൗഷധം
പ്രഥനം,പ്രഥനം
പ്രഥമ,പ്രഥമ
പ്രഥമ,പ്രഥമ
പ്രഥമം,പ്രഥമം
പ്രഥമവും,പ്രഥമം
പ്രഥമതഃ,പ്രഥമതഃ
പ്രഥമൻ,പ്രഥമൻ
പ്രഥമനെ,പ്രഥമൻ
പ്രഥമന്,പ്രഥമൻ
പ്രഥമന്റെ,പ്രഥമൻ
പ്രഥമനും,പ്രഥമൻ
പ്രഥമൻ,പ്രഥമൻ
പ്രഥമനെ,പ്രഥമൻ
പ്രഥമന്,പ്രഥമൻ
പ്രഥമന്റെ,പ്രഥമൻ
പ്രഥമനും,പ്രഥമൻ
പ്രദ,പ്രദ
പ്രദക്ഷിണ,പ്രദക്ഷിണ
പ്രദക്ഷിണ,പ്രദക്ഷിണ
പ്രദക്ഷിണം,പ്രദക്ഷിണം
പ്രദക്ഷിണവും,പ്രദക്ഷിണം
പ്രദർശം,പ്രദർശം
പ്രദർശങ്ങൾ,പ്രദർശം
പ്രദർശന,പ്രദർശന
പ്രദർശനം,പ്രദർശനം
പ്രദർശനങ്ങൾ,പ്രദർശനം
പ്രദർശനവും,പ്രദർശനം
പ്രദർശിപ്പിക്കുക,പ്രദർശിപ്പിക്കുക
പ്രദർശിപ്പിച്ചു,പ്രദർശിപ്പിക്കുക
പ്രദർശിപ്പിക്കുന്നു,പ്രദർശിപ്പിക്കുക
പ്രദർശിപ്പിക്കുന്ന,പ്രദർശിപ്പിക്കുക
പ്രദാന,പ്രദാന
പ്രദാനം,പ്രദാനം
പ്രദീപം,പ്രദീപം
പ്രദേശ,പ്രദേശ
പ്രദേശം,പ്രദേശം
പ്രദേശങ്ങൾ,പ്രദേശം
പ്രദേശവും,പ്രദേശം
പ്രദേശത്തു്,പ്രദേശം
പ്രദേശത്ത്,പ്രദേശം
പ്രദേശനം,പ്രദേശനം
പ്രദ്യുമ്നൻ,പ്രദ്യുമ്നൻ
പ്രദ്യുമ്നനെ,പ്രദ്യുമ്നൻ
പ്രദ്യുമ്നന്,പ്രദ്യുമ്നൻ
പ്രദ്യുമ്നന്റെ,പ്രദ്യുമ്നൻ
പ്രദ്യുമ്നനും,പ്രദ്യുമ്നൻ
പ്രധാന,പ്രധാന
പ്രധാനം,പ്രധാനം
പ്രധാനവും,പ്രധാനം
പ്രധാനി,പ്രധാനി
പ്രാ,പ്രൻ
പ്രപഞ്ചം,പ്രപഞ്ചം
പ്രപഞ്ചവും,പ്രപഞ്ചം
പ്രപത്തി,പ്രപത്തി
പ്രപിതാമഹൻ,പ്രപിതാമഹൻ
പ്രപിതാമഹന്മാർ,പ്രപിതാമഹൻ
പ്രപൗത്രൻ,പ്രപൗത്രൻ
പ്രഫുല്ല,പ്രഫുല്ല
പ്രബന്ധ,പ്രബന്ധ
പ്രബന്ധം,പ്രബന്ധം
പ്രബന്ധങ്ങൾ,പ്രബന്ധം
പ്രബന്ധവും,പ്രബന്ധം
പ്രബല,പ്രബല
പ്രബലവും,പ്രബലം
പ്രബുദ്ധ,പ്രബുദ്ധ
പ്രഭ,പ്രഭ
പ്രഭ,പ്രഭ
പ്രഭഞ്ജനന്,പ്രഭഞ്ജനൻ
പ്രഭവ,പ്രഭവ
പ്രഭവ,പ്രഭവ
പ്രഭവം,പ്രഭവം
പ്രഭവവും,പ്രഭവം
പ്രഭാ,പ്രഭാ
പ്രഭാകരൻ,പ്രഭാകരൻ
പ്രഭാകരനെ,പ്രഭാകരൻ
പ്രഭാകരനോട്,പ്രഭാകരൻ
പ്രഭാകരന്,പ്രഭാകരൻ
പ്രഭാകരന്റെ,പ്രഭാകരൻ
പ്രഭാകരനും,പ്രഭാകരൻ
പ്രഭാതം,പ്രഭാതം
പ്രഭാതങ്ങൾ,പ്രഭാതം
പ്രഭാതവും,പ്രഭാതം
പ്രഭാമണ്ഡലം,പ്രഭാമണ്ഡലം
പ്രഭാമണ്ഡലവും,പ്രഭാമണ്ഡലം
പ്രഭാവം,പ്രഭാവം
പ്രഭാവങ്ങൾ,പ്രഭാവം
പ്രഭാവവും,പ്രഭാവം
പ്രഭാവതി,പ്രഭാവതി
പ്രഭാവതീ,പ്രഭാവതി
പ്രഭാഷണം,പ്രഭാഷണം
പ്രഭാഷണങ്ങൾ,പ്രഭാഷണം
പ്രഭാഷണവും,പ്രഭാഷണം
പ്രഭാസം,പ്രഭാസം
പ്രഭു,പ്രഭു
പ്രഭൂ,പ്രഭു
പ്രഭു,പ്രഭു
പ്രഭൂ,പ്രഭു
പ്രമത,പ്രമത
പ്രമദ,പ്രമദ
പ്രമാണ,പ്രമാണ
പ്രമാണം,പ്രമാണം
പ്രമാണങ്ങൾ,പ്രമാണം
പ്രമാണവും,പ്രമാണം
പ്രമാണി,പ്രമാണി
പ്രമാണിക,പ്രമാണിക
പ്രമാണിച്ചു,പ്രമാണിക്കുക
പ്രമാണിത്തവും,പ്രമാണിത്തം
പ്രമാണീകരിക്കുന്നു,പ്രമാണീകരിക്കുക
പ്രമാദം,പ്രമാദം
പ്രമാദവും,പ്രമാദം
പ്രമീള,പ്രമീള
പ്രമുഖ,പ്രമുഖ
പ്രമുഖം,പ്രമുഖം
പ്രമുഖവും,പ്രമുഖം
പ്രമേയ,പ്രമേയ
പ്രമേയം,പ്രമേയം
പ്രമേയങ്ങൾ,പ്രമേയം
പ്രമേയവും,പ്രമേയം
പ്രമേഹം,പ്രമേഹം
പ്രമേഹവും,പ്രമേഹം
പ്രയത്ന,പ്രയത്ന
പ്രയത്നം,പ്രയത്നം
പ്രയത്നങ്ങൾ,പ്രയത്നം
പ്രയത്നവും,പ്രയത്നം
പ്രയത്നിക്കുക,പ്രയത്നിക്കുക
പ്രയത്നിച്ചു,പ്രയത്നിക്കുക
പ്രയത്നിക്കുന്നു,പ്രയത്നിക്കുക
പ്രയത്നിക്കുന്ന,പ്രയത്നിക്കുക
പ്രയസ്,പ്രയസ്
പ്രയസിന്റെ,പ്രയസ്
പ്രയസ്,പ്രയസ്
പ്രയസിന്റെ,പ്രയസ്
പ്രയാഗ,പ്രയാഗ
പ്രയാണം,പ്രയാണം
പ്രയാണവും,പ്രയാണം
പ്രയാസം,പ്രയാസം
പ്രയാസങ്ങൾ,പ്രയാസം
പ്രയാസവും,പ്രയാസം
പ്രയോഗം,പ്രയോഗം
പ്രയോഗവും,പ്രയോഗം
പ്രയോജനം,പ്രയോജനം
പ്രരണാ,പ്രരണാ
പ്രരിപ്പിക്കുന്ന,പ്രരിപ്പിക്കുക
പ്രലംബനം,പ്രലംബനം
പ്രലംബനെ,പ്രലംബൻ
പ്രലംബന്,പ്രലംബൻ
പ്രലംബന്റെ,പ്രലംബൻ
പ്രലയം,പ്രലയം
പ്രളയ,പ്രളയ
പ്രളയം,പ്രളയം
പ്രളയവും,പ്രളയം
പ്രവചന,പ്രവചന
പ്രവചനം,പ്രവചനം
പ്രവചനങ്ങൾ,പ്രവചനം
പ്രവചനവും,പ്രവചനം
പ്രവചിക്കുക,പ്രവചിക്കുക
പ്രവചിച്ചു,പ്രവചിക്കുക
പ്രവചിക്കുന്നു,പ്രവചിക്കുക
പ്രവചിക്കുന്ന,പ്രവചിക്കുക
പ്രവണത,പ്രവണത
പ്രവർത്തക,പ്രവർത്തക
പ്രവർത്തകൻ,പ്രവർത്തകൻ
പ്രവർത്തകനെ,പ്രവർത്തകൻ
പ്രവർത്തകന്,പ്രവർത്തകൻ
പ്രവർത്തകന്റെ,പ്രവർത്തകൻ
പ്രവർത്തകനും,പ്രവർത്തകൻ
പ്രവർത്തന,പ്രവർത്തന
പ്രവർത്തിക്കുക,പ്രവർത്തിക്കുക
പ്രവർത്തിച്ചു,പ്രവർത്തിക്കുക
പ്രവർത്തിക്കുന്നു,പ്രവർത്തിക്കുക
പ്രവർത്തിക്കുന്ന,പ്രവർത്തിക്കുക
പ്രവർത്തിന്നു,പ്രവർത്തിക്കുക
പ്രവർത്തിത,പ്രവർത്തിത
പ്രവഹിക്കുക,പ്രവഹിക്കുക
പ്രവഹിച്ചു,പ്രവഹിക്കുക
പ്രവഹിക്കുന്നു,പ്രവഹിക്കുക
പ്രവഹിക്കുന്ന,പ്രവഹിക്കുക
പ്രവാകൻ,പ്രവാകൻ
പ്രവാചകൻ,പ്രവാചകൻ
പ്രവാചകനെ,പ്രവാചകൻ
പ്രവാചകനോട്,പ്രവാചകൻ
പ്രവാചകന്,പ്രവാചകൻ
പ്രവാചകന്റെ,പ്രവാചകൻ
പ്രവാചകന്മാർ,പ്രവാചകൻ
പ്രവാചകനും,പ്രവാചകൻ
പ്രവാസം,പ്രവാസം
പ്രവാസവും,പ്രവാസം
പ്രവാസി,പ്രവാസി
പ്രവാഹം,പ്രവാഹം
പ്രവാഹങ്ങൾ,പ്രവാഹം
പ്രവാഹവും,പ്രവാഹം
പ്രവിശ്യ,പ്രവിശ്യ
പ്രവൃത്തി,പ്രവൃത്തി
പ്രവൃദ്ധ,പ്രവൃദ്ധ
പ്രവേശ,പ്രവേശ
പ്രവേശം,പ്രവേശം
പ്രവേശവും,പ്രവേശം
പ്രവേശനം,പ്രവേശനം
പ്രവേശനവും,പ്രവേശനം
പ്രവേശിക്കുക,പ്രവേശിക്കുക
പ്രവേശിച്ചു,പ്രവേശിക്കുക
പ്രവേശിക്കുന്നു,പ്രവേശിക്കുക
പ്രവേശിക്കുന്ന,പ്രവേശിക്കുക
പ്രശംസാ,പ്രശംസാ
പ്രശംസിച്ചു,പ്രശംസിക്കുക
പ്രശംസിക്കുന്നു,പ്രശംസിക്കുക
പ്രശംസിക്കുന്ന,പ്രശംസിക്കുക
പ്രശസ്ത,പ്രശസ്ത
പ്രശസ്തി,പ്രശസ്തി
പ്രശാന്ത,പ്രശാന്ത
പ്രശാന്തി,പ്രശാന്തി
പ്രശ്ന,പ്രശ്ന
പ്രശ്നം,പ്രശ്നം
പ്രശ്നങ്ങൾ,പ്രശ്നം
പ്രശ്നവും,പ്രശ്നം
പ്രശ്നം,പ്രശ്നം
പ്രശ്നങ്ങൾ,പ്രശ്നം
പ്രശ്നവും,പ്രശ്നം
പ്രഷ്ടാവ്,പ്രഷ്ടാവ്
പ്രഷ്യ,പ്രഷ്യ
പ്രസംഗം,പ്രസംഗം
പ്രസംഗങ്ങൾ,പ്രസംഗം
പ്രസംഗവും,പ്രസംഗം
പ്രസംഗകൻ,പ്രസംഗകൻ
പ്രസംഗകന്,പ്രസംഗകൻ
പ്രസംഗകനും,പ്രസംഗകൻ
പ്രസംഗി,പ്രസംഗി
പ്രസംഗിക്കുക,പ്രസംഗിക്കുക
പ്രസംഗിച്ചു,പ്രസംഗിക്കുക
പ്രസംഗിക്കുന്നു,പ്രസംഗിക്കുക
പ്രസംഗിക്കുന്ന,പ്രസംഗിക്കുക
പ്രസക്ത,പ്രസക്ത
പ്രസക്ത,പ്രസക്ത
പ്രസക്തം,പ്രസക്തം
പ്രസക്തവും,പ്രസക്തം
പ്രസക്തി,പ്രസക്തി
പ്രസക്തി,പ്രസക്തി
പ്രസന്ന,പ്രസന്ന
പ്രസന്നവും,പ്രസന്നം
പ്രസന്നത,പ്രസന്നത
പ്രസരം,പ്രസരം
പ്രസരിച്ചു,പ്രസരിക്കുക
പ്രസരിക്കുന്നു,പ്രസരിക്കുക
പ്രസരിക്കുന്ന,പ്രസരിക്കുക
പ്രസരിപ്പ്,പ്രസരിപ്പ്
പ്രസരിപ്പിനെ,പ്രസരിപ്പ്
പ്രസരിപ്പും,പ്രസരിപ്പ്
പ്രസവ,പ്രസവ
പ്രസവം,പ്രസവം
പ്രസവങ്ങൾ,പ്രസവം
പ്രസവവും,പ്രസവം
പ്രസവിക്കുക,പ്രസവിക്കുക
പ്രസവിച്ചു,പ്രസവിക്കുക
പ്രസവിക്കുന്നു,പ്രസവിക്കുക
പ്രസവിക്കുന്ന,പ്രസവിക്കുക
പ്രസാദ,പ്രസാദ
പ്രസാദം,പ്രസാദം
പ്രസാദവും,പ്രസാദം
പ്രസാദിച്ചു,പ്രസാദിക്കുക
പ്രസാദിക്കുന്നു,പ്രസാദിക്കുക
പ്രസാധക,പ്രസാധക
പ്രസാധനം,പ്രസാധനം
പ്രസാധനവും,പ്രസാധനം
പ്രസാരണ,പ്രസാരണ
പ്രസാരണം,പ്രസാരണം
പ്രസിദ്ധ,പ്രസിദ്ധ
പ്രസിദ്ധ,പ്രസിദ്ധ
പ്രസിദ്ധപ്പെടുത്തുക,പ്രസിദ്ധപ്പെടുത്തുക
പ്രസിദ്ധപ്പെടുത്തി,പ്രസിദ്ധപ്പെടുത്തുക
പ്രസിദ്ധപ്പെടുത്തുന്ന,പ്രസിദ്ധപ്പെടുത്തുക
പ്രസിദ്ധി,പ്രസിദ്ധി
പ്രസിദ്ധീ,പ്രസിദ്ധി
പ്രസിദ്ധീകരിക്കുക,പ്രസിദ്ധീകരിക്കുക
പ്രസിദ്ധീകരിച്ചു,പ്രസിദ്ധീകരിക്കുക
പ്രസിദ്ധീകരിക്കുന്നു,പ്രസിദ്ധീകരിക്കുക
പ്രസിദ്ധീകരിക്കുന്ന,പ്രസിദ്ധീകരിക്കുക
പ്രസീദ,പ്രസീദ
പ്രസൂതി,പ്രസൂതി
പ്രസൂതി,പ്രസൂതി
പ്രസ്താരം,പ്രസ്താരം
പ്രസ്താരവും,പ്രസ്താരം
പ്രസ്താവം,പ്രസ്താവം
പ്രസ്താവങ്ങൾ,പ്രസ്താവം
പ്രസ്താവവും,പ്രസ്താവം
പ്രസ്താവന,പ്രസ്താവന
പ്രസ്താവിക്കുക,പ്രസ്താവിക്കുക
പ്രസ്താവിച്ചു,പ്രസ്താവിക്കുക
പ്രസ്താവിക്കുന്നു,പ്രസ്താവിക്കുക
പ്രസ്താവിക്കുന്ന,പ്രസ്താവിക്കുക
പ്രസ്തുത,പ്രസ്തുത
പ്രസ്ഥ,പ്രസ്ഥ
പ്രസ്ഥ,പ്രസ്ഥ
പ്രസ്ഥാന,പ്രസ്ഥാന
പ്രസ്ഥാനം,പ്രസ്ഥാനം
പ്രസ്ഥാനങ്ങൾ,പ്രസ്ഥാനം
പ്രസ്ഥാനവും,പ്രസ്ഥാനം
പ്രഹര,പ്രഹര
പ്രഹരം,പ്രഹരം
പ്രഹരങ്ങൾ,പ്രഹരം
പ്രഹരവും,പ്രഹരം
പ്രഹരണ,പ്രഹരണ
പ്രഹരിച്ചു,പ്രഹരിക്കുക
പ്രഹരിക്കുന്നു,പ്രഹരിക്കുക
പ്രഹരിക്കുന്ന,പ്രഹരിക്കുക
പ്രഹർഷം,പ്രഹർഷം
പ്രഹസനം,പ്രഹസനം
പ്രഹസനങ്ങൾ,പ്രഹസനം
പ്രഹസനവും,പ്രഹസനം
പ്രഹ്ലാദൻ,പ്രഹ്ലാദൻ
പ്രഹ്ലാദനെ,പ്രഹ്ലാദൻ
പ്രഹ്ലാദനോട്,പ്രഹ്ലാദൻ
പ്രഹ്ലാദന്,പ്രഹ്ലാദൻ
പ്രഹ്ലാദന്റെ,പ്രഹ്ലാദൻ
പ്രഹ്ലാദനും,പ്രഹ്ലാദൻ
പ്രാകാരം,പ്രാകാരം
പ്രാകൃത,പ്രാകൃത
പ്രാകൃത,പ്രാകൃത
പ്രാകൃതം,പ്രാകൃതം
പ്രാകൃതവും,പ്രാകൃതം
പ്രാകൃതിക,പ്രാകൃതിക
പ്രാക്,പ്രാക്
പ്രാകും,പ്രാക്
പ്രാക്തന,പ്രാക്തന
പ്രാഗല്ഭ്യം,പ്രാഗല്ഭ്യം
പ്രാഗല്ഭ്യവും,പ്രാഗല്ഭ്യം
പ്രാഗ്,പ്രാഗ്
പ്രാഗിന്,പ്രാഗ്
പ്രാഗിൽ,പ്രാഗ്
പ്രാഗ്രൂപം,പ്രാഗ്രൂപം
പ്രാഗ്രൂപങ്ങൾ,പ്രാഗ്രൂപം
പ്രാചി,പ്രാചി
പ്രാചീന,പ്രാചീന
പ്രാചീന,പ്രാചീന
പ്രാചീനവും,പ്രാചീനം
പ്രാജാപത്യ,പ്രാജാപത്യ
പ്രാജ്ഞൻ,പ്രാജ്ഞൻ
പ്രാജ്ഞന്,പ്രാജ്ഞൻ
പ്രാജ്ഞനും,പ്രാജ്ഞൻ
പ്രാജ്ഞനേ,പ്രാജ്ഞൻ
പ്രാണ,പ്രാണ
പ്രാണത്യാഗം,പ്രാണത്യാഗം
പ്രാണനാഥൻ,പ്രാണനാഥൻ
പ്രാണൻ,പ്രാണൻ
പ്രാണനെ,പ്രാണൻ
പ്രാണന്,പ്രാണൻ
പ്രാണന്റെ,പ്രാണൻ
പ്രാണനിൽ,പ്രാണൻ
പ്രാണനും,പ്രാണൻ
പ്രാണാ,പ്രാണൻ
പ്രാണപ്രതിഷ്ഠ,പ്രാണപ്രതിഷ്ഠ
പ്രാണവായു,പ്രാണവായു
പ്രാണവേദന,പ്രാണവേദന
പ്രാണായാമം,പ്രാണായാമം
പ്രാണായാമവും,പ്രാണായാമം
പ്രാണി,പ്രാണി
പ്രാണി,പ്രാണി
പ്രാണിനെ,പ്രാണിൻ
പ്രാണിന്,പ്രാണിൻ
പ്രാണിന്റെ,പ്രാണിൻ
പ്രാതഃ,പ്രാതഃ
പ്രാതൽ,പ്രാതൽ
പ്രാതല്,പ്രാതൽ
പ്രാതിനിധ്യം,പ്രാതിനിധ്യം
പ്രാതിനിധ്യവും,പ്രാതിനിധ്യം
പ്രാതിഭാസിക,പ്രാതിഭാസിക
പ്രാതിശാഖ്യം,പ്രാതിശാഖ്യം
പ്രാഥമിക,പ്രാഥമിക
പ്രാദേശിക,പ്രാദേശിക
പ്രാധാന്യം,പ്രാധാന്യം
പ്രാധാന്യങ്ങൾ,പ്രാധാന്യം
പ്രാധാന്യവും,പ്രാധാന്യം
പ്രാധാന്യമ്,പ്രാധാന്യം
പ്രാന്തം,പ്രാന്തം
പ്രാപഞ്ചിക,പ്രാപഞ്ചിക
പ്രാപിക്കുക,പ്രാപിക്കുക
പ്രാപിച്ചു,പ്രാപിക്കുക
പ്രാപിക്കുന്നു,പ്രാപിക്കുക
പ്രാപിക്കുന്ന,പ്രാപിക്കുക
പ്രാപ്തന്,പ്രാപ്തൻ
പ്രാപ്താ,പ്രാപ്തൻ
പ്രാപ്തി,പ്രാപ്തി
പ്രാപ്തി,പ്രാപ്തി
പ്രാപ്പിടിയൻ,പ്രാപ്പിടിയൻ
പ്രാപ്പിടിയനെ,പ്രാപ്പിടിയൻ
പ്രാപ്പിടിയന്റെ,പ്രാപ്പിടിയൻ
പ്രാപ്പിടിയനിൽ,പ്രാപ്പിടിയൻ
പ്രാപ്പിടിയനുകൾ,പ്രാപ്പിടിയൻ
പ്രാപ്യ,പ്രാപ്യ
പ്രാപ്യ,പ്രാപ്യ
പ്രാപ്യസ്ഥാനം,പ്രാപ്യസ്ഥാനം
പ്രാബല്യം,പ്രാബല്യം
പ്രാബല്യവും,പ്രാബല്യം
പ്രാഭവം,പ്രാഭവം
പ്രാഭവവും,പ്രാഭവം
പ്രാമാണിക,പ്രാമാണിക
പ്രാമാണികം,പ്രാമാണികം
പ്രാമാണികവും,പ്രാമാണികം
പ്രാമാണ്യം,പ്രാമാണ്യം
പ്രാമാണ്യവും,പ്രാമാണ്യം
പ്രായ,പ്രായ
പ്രായ,പ്രായ
പ്രായം,പ്രായം
പ്രായവും,പ്രായം
പ്രായശ്ചിത്തം,പ്രായശ്ചിത്തം
പ്രായശ്ചിത്തവും,പ്രായശ്ചിത്തം
പ്രായശ്ചിത്തമ്,പ്രായശ്ചിത്തം
പ്രായേണ,പ്രായേണ
പ്രായോഗിക,പ്രായോഗിക
പ്രാരബ്ധം,പ്രാരബ്ധം
പ്രാരബ്ധവും,പ്രാരബ്ധം
പ്രാർഥി,പ്രാർഥി
പ്രാർഥിക്കുക,പ്രാർഥിക്കുക
പ്രാർഥിച്ചു,പ്രാർഥിക്കുക
പ്രാർഥിക്കുന്നു,പ്രാർഥിക്കുക
പ്രാർഥിക്കുന്ന,പ്രാർഥിക്കുക
പ്രാവർത്തികവും,പ്രാവർത്തികം
പ്രാവശ്യം,പ്രാവശ്യം
പ്രാവശ്യവും,പ്രാവശ്യം
പ്രാവീണ്യം,പ്രാവീണ്യം
പ്രാവീണ്യവും,പ്രാവീണ്യം
പ്രാവ്,പ്രാവ്
പ്രാവിനെ,പ്രാവ്
പ്രാവിനോട്,പ്രാവ്
പ്രാവിന്,പ്രാവ്
പ്രാവിൻ,പ്രാവ്
പ്രാവിന്റെ,പ്രാവ്
പ്രാവിൽ,പ്രാവ്
പ്രാവുകൾ,പ്രാവ്
പ്രാവ്,പ്രാവ്
പ്രാവിനെ,പ്രാവ്
പ്രാവിനോട്,പ്രാവ്
പ്രാവിന്,പ്രാവ്
പ്രാവിൻ,പ്രാവ്
പ്രാവിന്റെ,പ്രാവ്
പ്രാവിൽ,പ്രാവ്
പ്രാവുകൾ,പ്രാവ്
പ്രാശസ്ത്യം,പ്രാശസ്ത്യം
പ്രാശ്നികൻ,പ്രാശ്നികൻ
പ്രാസ,പ്രാസ
പ്രാസം,പ്രാസം
പ്രാസംഗിക,പ്രാസംഗിക
പ്രാസംഗികൻ,പ്രാസംഗികൻ
പ്രാസംഗികന്,പ്രാസംഗികൻ
പ്രാസംഗികനും,പ്രാസംഗികൻ
പ്രാസാദ,പ്രാസാദ
പ്രിയ,പ്രിയ
പ്രിയ,പ്രിയ
പ്രിയം,പ്രിയം
പ്രിയവും,പ്രിയം
പ്രിയംവദ,പ്രിയംവദ
പ്രിയതമ,പ്രിയതമ
പ്രിയതമൻ,പ്രിയതമൻ
പ്രിയതമനെ,പ്രിയതമൻ
പ്രിയതമന്,പ്രിയതമൻ
പ്രിയതമന്റെ,പ്രിയതമൻ
പ്രിയൻ,പ്രിയൻ
പ്രിയനെ,പ്രിയൻ
പ്രിയന്,പ്രിയൻ
പ്രിയന്റെ,പ്രിയൻ
പ്രിയന്മാർ,പ്രിയൻ
പ്രിയനും,പ്രിയൻ
പ്രിയനേ,പ്രിയൻ
പ്രിയാ,പ്രിയൻ
പ്രിയാ,പ്രിയാ
പ്രീണനം,പ്രീണനം
പ്രീണനവും,പ്രീണനം
പ്രീതി,പ്രീതി
പ്രീതി,പ്രീതി
പ്രീയ,പ്രീയ
പ്രേമം,പ്രേമം
പ്രേമവും,പ്രേമം
പ്രൗഢ,പ്രൗഢ
പ്രൗഢ,പ്രൗഢ
പ്രൗഢി,പ്രൗഢി
പ്ലവ,പ്ലവ
പ്ലവ,പ്ലവ
പ്ലാശ്,പ്ലാശ്
പ്ലീഹ,പ്ലീഹ
പൗത്രൻ,പൗത്രൻ
പൗത്രനെ,പൗത്രൻ
പൗത്രന്,പൗത്രൻ
പൗത്രന്റെ,പൗത്രൻ
പൗത്രനും,പൗത്രൻ
പൗത്രൻ,പൗത്രൻ
പൗത്രനെ,പൗത്രൻ
പൗത്രന്,പൗത്രൻ
പൗത്രന്റെ,പൗത്രൻ
പൗത്രനും,പൗത്രൻ
പൗത്രി,പൗത്രി
പൗര,പൗര
പൗരസ്ത്യ,പൗരസ്ത്യ
പൗരാണികന്റെ,പൗരാണികൻ
പൗരി,പൗരി
പൗരുഷ,പൗരുഷ
പൗരുഷ,പൗരുഷ
പൗർണമീ,പൗർണമീ
പൗലസ്ത്യന്,പൗലസ്ത്യൻ
ഫക്കീർ,ഫക്കീർ
ഫട്,ഫട്
ഫണം,ഫണം
ഫണി,ഫണി
ഫല,ഫല
ഫലം,ഫലം
ഫലങ്ങൾ,ഫലം
ഫലവും,ഫലം
ഫലം,ഫലം
ഫലങ്ങൾ,ഫലം
ഫലവും,ഫലം
ഫലക,ഫലക
ഫലകം,ഫലകം
ഫലകങ്ങൾ,ഫലകം
ഫലകവും,ഫലകം
ഫലനം,ഫലനം
ഫലനങ്ങൾ,ഫലനം
ഫലപ്രദം,ഫലപ്രദം
ഫലപ്രദവും,ഫലപ്രദം
ഫലപ്രാപ്തി,ഫലപ്രാപ്തി
ഫലഭാഗം,ഫലഭാഗം
ഫലവത്തായ,ഫലവത്ത്
ഫലവൃക്ഷം,ഫലവൃക്ഷം
ഫലവൃക്ഷങ്ങൾ,ഫലവൃക്ഷം
ഫലവൃക്ഷവും,ഫലവൃക്ഷം
ഫലസിദ്ധി,ഫലസിദ്ധി
ഫലാ,ഫലാ
ഫലിച്ചു,ഫലിക്കുക
ഫലിക്കുന്നു,ഫലിക്കുക
ഫലിത,ഫലിത
ഫലിത,ഫലിത
ഫലിതം,ഫലിതം
ഫലിതങ്ങൾ,ഫലിതം
ഫലിതവും,ഫലിതം
ഫല്ഗുനന്,ഫല്ഗുനൻ
ഫൽഗുനി,ഫൽഗുനി
ഫസൽ,ഫസൽ
ഫസല്,ഫസൽ
ഫാക്ടറി,ഫാക്ടറി
ഫാത്തിമ,ഫാത്തിമ
ഫാത്തിമ,ഫാത്തിമ
ഫാനൂസ്,ഫാനൂസ്
ഫാലം,ഫാലം
ഫാലൻ,ഫാലൻ
ഫാലന്,ഫാലൻ
ഫാലന്റെ,ഫാലൻ
ഫാല്ഗുനി,ഫാല്ഗുനി
ഫൂ,ഫൂ
ഫേനം,ഫേനം
ഫേനങ്ങൾ,ഫേനം
ഫേനം,ഫേനം
ഫേനങ്ങൾ,ഫേനം
ഫ്ര,ഫ്ര
ഫ്രഞ്ച്,ഫ്രഞ്ച്
ഫ്രഞ്ചിനെ,ഫ്രഞ്ച്
ഫ്രഞ്ചിന്റെ,ഫ്രഞ്ച്
ഫ്രഞ്ചിൽ,ഫ്രഞ്ച്
ഫ്രഞ്ചും,ഫ്രഞ്ച്
ബകൻ,ബകൻ
ബകനെ,ബകൻ
ബകന്റെ,ബകൻ
ബക്രീദ്,ബക്രീദ്
ബക്രീദിനോട്,ബക്രീദ്
ബക്രീദിന്,ബക്രീദ്
ബക്രീദും,ബക്രീദ്
ബങ്കി,ബങ്കി
ബജാർ,ബജാർ
ബജ്ജി,ബജ്ജി
ബട്ടൺ,ബട്ടൺ
ബട്ടണിന്റെ,ബട്ടൺ
ബട്ടണിൽ,ബട്ടൺ
ബട്ടണുകൾ,ബട്ടൺ
ബത,ബത
ബത്ത,ബത്ത
ബത്ത,ബത്ത
ബത്തി,ബത്തി
ബദരി,ബദരി
ബദൽ,ബദൽ
ബദല്,ബദൽ
ബദാം,ബദാം
ബദ്,ബദ്
ബദാം,ബദ്
ബദ്ധ,ബദ്ധ
ബദ്ധ,ബദ്ധ
ബദ്ധപ്പാട്,ബദ്ധപ്പാട്
ബദ്ധപ്പാടുകൾ,ബദ്ധപ്പാട്
ബദ്ധപ്പെടുന്ന,ബദ്ധപ്പെടുക
ബധിര,ബധിര
ബധിരത,ബധിരത
ബന്തർ,ബന്തർ
ബന്തവസ്സ്,ബന്തവസ്സ്
ബന്തവസ്സിൽ,ബന്തവസ്സ്
ബന്ദി,ബന്ദി
ബന്ധ,ബന്ധ
ബന്ധം,ബന്ധം
ബന്ധങ്ങൾ,ബന്ധം
ബന്ധവും,ബന്ധം
ബന്ധന,ബന്ധന
ബന്ധനം,ബന്ധനം
ബന്ധനങ്ങൾ,ബന്ധനം
ബന്ധനവും,ബന്ധനം
ബന്ധിക്കുക,ബന്ധിക്കുക
ബന്ധിച്ചു,ബന്ധിക്കുക
ബന്ധിക്കുന്നു,ബന്ധിക്കുക
ബന്ധിക്കുന്ന,ബന്ധിക്കുക
ബന്ധിത,ബന്ധിത
ബന്ധിനെ,ബന്ധിൻ
ബന്ധു,ബന്ധു
ബന്ധു,ബന്ധു
ബന്ധുത്വം,ബന്ധുത്വം
ബന്ധുത്വവും,ബന്ധുത്വം
ബന്ധുര,ബന്ധുര
ബന്ധ്,ബന്ധ്
ബന്ധിനെ,ബന്ധ്
ബന്ധുകൾ,ബന്ധ്
ബന്ധായ,ബന്ധ്
ബന്ധ്യ,ബന്ധ്യ
ബന്ധ്യ,ബന്ധ്യ
ബഭ്രു,ബഭ്രു
ബഭ്രുവാഹനൻ,ബഭ്രുവാഹനൻ
ബർഹാം,ബർഹ്
ബല,ബല
ബല,ബല
ബലം,ബലം
ബലങ്ങൾ,ബലം
ബലവും,ബലം
ബലക്ഷയം,ബലക്ഷയം
ബലക്ഷയവും,ബലക്ഷയം
ബലദേവന്,ബലദേവൻ
ബലൻ,ബലൻ
ബലാ,ബലൻ
ബലപ്പെടുന്നു,ബലപ്പെടുക
ബലഭദ്ര,ബലഭദ്ര
ബലഭദ്രനും,ബലഭദ്രൻ
ബലരാമൻ,ബലരാമൻ
ബലരാമനെ,ബലരാമൻ
ബലരാമന്,ബലരാമൻ
ബലരാമന്റെ,ബലരാമൻ
ബലരാമനും,ബലരാമൻ
ബലവത്തും,ബലവത്ത്
ബലവത്തായ,ബലവത്ത്
ബലവാൻ,ബലവാൻ
ബലവാന്,ബലവാൻ
ബലവാനും,ബലവാൻ
ബലഹീനനും,ബലഹീനൻ
ബലാ,ബലാ
ബലാത്കാരം,ബലാത്കാരം
ബലാത്സംഗം,ബലാത്സംഗം
ബലാത്സംഗങ്ങൾ,ബലാത്സംഗം
ബലാത്സംഗവും,ബലാത്സംഗം
ബലാബലം,ബലാബലം
ബലി,ബലി
ബലി,ബലി
ബലികർമം,ബലികർമം
ബലികർമങ്ങൾ,ബലികർമം
ബലിക്കല്ല്,ബലിക്കല്ല്
ബലിക്കല്ലിന്,ബലിക്കല്ല്
ബലിക്കല്ലിന്,ബലിക്കല്ല്
ബലിക്കല്ലിൽ,ബലിക്കല്ല്
ബലിക്കല്ലിൽ,ബലിക്കല്ല്
ബലിക്കല്ലുകൾ,ബലിക്കല്ല്
ബലിക്കല്ലുകൾ,ബലിക്കല്ല്
ബലിക്കല്ലും,ബലിക്കല്ല്
ബലിക്കല്ലും,ബലിക്കല്ല്
ബലിക്കളം,ബലിക്കളം
ബലിദാനം,ബലിദാനം
ബലിപീഠം,ബലിപീഠം
ബലിമൃഗം,ബലിമൃഗം
ബലിയാട്,ബലിയാട്
ബലിയാടുകൾ,ബലിയാട്
ബലിയാടായ,ബലിയാട്
ബലിയാൻ,ബലിയാൻ
ബലിയാന്,ബലിയാൻ
ബലിഷ്ഠ,ബലിഷ്ഠ
ബലിഷ്ഠവും,ബലിഷ്ഠം
ബല്യ,ബല്യ
ബസ്കി,ബസ്കി
ബഹാദൂർ,ബഹാദൂർ
ബഹിർഗമനം,ബഹിർഗമനം
ബഹിർഗമനവും,ബഹിർഗമനം
ബഹിഷ്കരണം,ബഹിഷ്കരണം
ബഹിഷ്കരണവും,ബഹിഷ്കരണം
ബഹിഷ്കരിക്കുക,ബഹിഷ്കരിക്കുക
ബഹിഷ്കരിച്ചു,ബഹിഷ്കരിക്കുക
ബഹിഷ്കരിക്കുന്നു,ബഹിഷ്കരിക്കുക
ബഹിഷ്കരിക്കുന്ന,ബഹിഷ്കരിക്കുക
ബഹു,ബഹു
ബഹൂ,ബഹു
ബഹു,ബഹു
ബഹൂ,ബഹു
ബഹുതര,ബഹുതര
ബഹുധാ,ബഹുധാ
ബഹുഭുജ,ബഹുഭുജ
ബഹുമത,ബഹുമത
ബഹുമതി,ബഹുമതി
ബഹുമാനം,ബഹുമാനം
ബഹുമാനവും,ബഹുമാനം
ബഹുമാനിക്കുക,ബഹുമാനിക്കുക
ബഹുമാനിച്ചു,ബഹുമാനിക്കുക
ബഹുമാനിക്കുന്നു,ബഹുമാനിക്കുക
ബഹുമാനിക്കുന്ന,ബഹുമാനിക്കുക
ബഹുമുഖ,ബഹുമുഖ
ബഹുവചന,ബഹുവചന
ബഹുവചനം,ബഹുവചനം
ബഹുവിധ,ബഹുവിധ
ബഹുവ്രീഹി,ബഹുവ്രീഹി
ബാണം,ബാണം
ബാണങ്ങൾ,ബാണം
ബാണൻ,ബാണൻ
ബാണനെ,ബാണൻ
ബാണന്,ബാണൻ
ബാണന്റെ,ബാണൻ
ബാണനും,ബാണൻ
ബാണൻ,ബാണൻ
ബാണനെ,ബാണൻ
ബാണന്,ബാണൻ
ബാണന്റെ,ബാണൻ
ബാണനും,ബാണൻ
ബാണഭട്ടൻ,ബാണഭട്ടൻ
ബാണഭട്ടനെ,ബാണഭട്ടൻ
ബാണാസുരനെ,ബാണാസുരൻ
ബാണാസുരന്,ബാണാസുരൻ
ബാണാസുരന്റെ,ബാണാസുരൻ
ബാത്ത്,ബാത്ത്
ബാത്തിനെ,ബാത്ത്
ബാത്തിന്,ബാത്ത്
ബാത്തിന്റെ,ബാത്ത്
ബാത്തിൽ,ബാത്ത്
ബാധ,ബാധ
ബാധ,ബാധ
ബാധകം,ബാധകം
ബാധാ,ബാധാ
ബാധിക്കുക,ബാധിക്കുക
ബാധിച്ചു,ബാധിക്കുക
ബാധിക്കുന്നു,ബാധിക്കുക
ബാധിക്കുന്ന,ബാധിക്കുക
ബാധിത,ബാധിത
ബാധിത,ബാധിത
ബാധിര്യം,ബാധിര്യം
ബാധ്യ,ബാധ്യ
ബാധ്യത,ബാധ്യത
ബാധ്യതാ,ബാധ്യതാ
ബാന്ധവം,ബാന്ധവം
ബാന്ധവവും,ബാന്ധവം
ബാപ്പുജി,ബാപ്പുജി
ബാബാ,ബാബാ
ബായി,ബായി
ബാർളി,ബാർളി
ബാർഹ,ബാർഹ
ബാല,ബാല
ബാല,ബാല
ബാലം,ബാലം
ബാലകൻ,ബാലകൻ
ബാലകന്,ബാലകൻ
ബാലകന്റെ,ബാലകൻ
ബാലകാണ്ഡം,ബാലകാണ്ഡം
ബാലകൃഷ്ണൻ,ബാലകൃഷ്ണൻ
ബാലകൃഷ്ണനെ,ബാലകൃഷ്ണൻ
ബാലകൃഷ്ണനോട്,ബാലകൃഷ്ണൻ
ബാലകൃഷ്ണന്,ബാലകൃഷ്ണൻ
ബാലകൃഷ്ണന്റെ,ബാലകൃഷ്ണൻ
ബാലകൃഷ്ണനും,ബാലകൃഷ്ണൻ
ബാലചന്ദ്രൻ,ബാലചന്ദ്രൻ
ബാലചന്ദ്രനെ,ബാലചന്ദ്രൻ
ബാലചന്ദ്രനോട്,ബാലചന്ദ്രൻ
ബാലചന്ദ്രന്,ബാലചന്ദ്രൻ
ബാലചന്ദ്രന്റെ,ബാലചന്ദ്രൻ
ബാലചന്ദ്രനും,ബാലചന്ദ്രൻ
ബാലതാരം,ബാലതാരം
ബാലതാരവും,ബാലതാരം
ബാലൻ,ബാലൻ
ബാലനെ,ബാലൻ
ബാലനോട്,ബാലൻ
ബാലന്,ബാലൻ
ബാലന്റെ,ബാലൻ
ബാലനിൽ,ബാലൻ
ബാലന്മാർ,ബാലൻ
ബാലനും,ബാലൻ
ബാലാ,ബാലൻ
ബാലപാഠം,ബാലപാഠം
ബാലപാഠങ്ങൾ,ബാലപാഠം
ബാലവാടി,ബാലവാടി
ബാലാ,ബാലാ
ബാലാരിഷ്ടം,ബാലാരിഷ്ടം
ബാലി,ബാലി
ബാലീ,ബാലി
ബാലിക,ബാലിക
ബാലികാ,ബാലികാ
ബാലിശ,ബാലിശ
ബാലിശ,ബാലിശ
ബാലിശവും,ബാലിശം
ബാല്യ,ബാല്യ
ബാല്യ,ബാല്യ
ബാല്യം,ബാല്യം
ബാല്യവും,ബാല്യം
ബാഷ്പ,ബാഷ്പ
ബാഷ്പം,ബാഷ്പം
ബാഷ്പങ്ങൾ,ബാഷ്പം
ബാഷ്പവും,ബാഷ്പം
ബാഷ്പീകരണം,ബാഷ്പീകരണം
ബാഷ്പീകരണവും,ബാഷ്പീകരണം
ബാഹ,ബാഹ
ബാഹിനി,ബാഹിനി
ബാഹു,ബാഹു
ബാഹു,ബാഹു
ബാഹുകൻ,ബാഹുകൻ
ബാഹുകന്റെ,ബാഹുകൻ
ബാഹുലേയൻ,ബാഹുലേയൻ
ബാഹുലേയന്,ബാഹുലേയൻ
ബാഹുലേയന്റെ,ബാഹുലേയൻ
ബാഹുല്യം,ബാഹുല്യം
ബാഹുല്യവും,ബാഹുല്യം
ബാഹ്യ,ബാഹ്യ
ബാഹ്യ,ബാഹ്യ
ബാഹ്യം,ബാഹ്യം
ബാഹ്യവും,ബാഹ്യം
ബിംബ,ബിംബ
ബിംബ,ബിംബ
ബിംബം,ബിംബം
ബിംബങ്ങൾ,ബിംബം
ബിംബവും,ബിംബം
ബിംബപ്രതിഷ്ഠ,ബിംബപ്രതിഷ്ഠ
ബിംബ്,ബിംബ്
ബിന്ദു,ബിന്ദു
ബിന്ദു,ബിന്ദു
ബിന്ദുസാരൻ,ബിന്ദുസാരൻ
ബിരുദം,ബിരുദം
ബിരുദങ്ങൾ,ബിരുദം
ബിരുദവും,ബിരുദം
ബിലം,ബിലം
ബില്ല,ബില്ല
ബില്ലവർ,ബില്ലവർ
ബില്ലവരുടെ,ബില്ലവർ
ബില്വം,ബില്വം
ബീജ,ബീജ
ബീജം,ബീജം
ബീജങ്ങൾ,ബീജം
ബീജവും,ബീജം
ബീജഗണിതം,ബീജഗണിതം
ബീജഗണിതവും,ബീജഗണിതം
ബീജാക്ഷരങ്ങൾ,ബീജാക്ഷരം
ബീജാവാപം,ബീജാവാപം
ബീജി,ബീജി
ബീഭത്സ,ബീഭത്സ
ബീഭത്സം,ബീഭത്സം
ബീഭത്സവും,ബീഭത്സം
ബുദ്ധ,ബുദ്ധ
ബുദ്ധ,ബുദ്ധ
ബുദ്ധഗയ,ബുദ്ധഗയ
ബുദ്ധചരിതം,ബുദ്ധചരിതം
ബുദ്ധൻ,ബുദ്ധൻ
ബുദ്ധനെ,ബുദ്ധൻ
ബുദ്ധനോട്,ബുദ്ധൻ
ബുദ്ധന്,ബുദ്ധൻ
ബുദ്ധന്റെ,ബുദ്ധൻ
ബുദ്ധനിൽ,ബുദ്ധൻ
ബുദ്ധന്മാർ,ബുദ്ധൻ
ബുദ്ധനും,ബുദ്ധൻ
ബുദ്ധാ,ബുദ്ധൻ
ബുദ്ധമതം,ബുദ്ധമതം
ബുദ്ധമതവും,ബുദ്ധമതം
ബുദ്ധാ,ബുദ്ധാ
ബുദ്ധി,ബുദ്ധി
ബുദ്ധി,ബുദ്ധി
ബുദ്ധിപൂർവം,ബുദ്ധിപൂർവം
ബുദ്ധിഭ്രമം,ബുദ്ധിഭ്രമം
ബുദ്ധിമാന്,ബുദ്ധിമാൻ
ബുദ്ധിമാന്മാർ,ബുദ്ധിമാൻ
ബുദ്ധിമാനും,ബുദ്ധിമാൻ
ബുദ്ധിമുട്ടിച്ചു,ബുദ്ധിമുട്ടിക്കുക
ബുദ്ധിമുട്ടിക്കുന്നു,ബുദ്ധിമുട്ടിക്കുക
ബുദ്ധിമുട്ടിക്കുന്ന,ബുദ്ധിമുട്ടിക്കുക
ബുദ്ധിമുട്ടുന്നു,ബുദ്ധിമുട്ടുക
ബുദ്ധിമുട്ടുന്ന,ബുദ്ധിമുട്ടുക
ബുദ്ധിമുട്ട്,ബുദ്ധിമുട്ട്
ബുദ്ധിമുട്ടിനെ,ബുദ്ധിമുട്ട്
ബുദ്ധിമുട്ടിന്,ബുദ്ധിമുട്ട്
ബുദ്ധിമുട്ടിന്റെ,ബുദ്ധിമുട്ട്
ബുദ്ധിമുട്ടിൽ,ബുദ്ധിമുട്ട്
ബുദ്ധിമുട്ടുകൾ,ബുദ്ധിമുട്ട്
ബുദ്ധിമുട്ടും,ബുദ്ധിമുട്ട്
ബുദ്ധിമുട്ടായ,ബുദ്ധിമുട്ട്
ബുദ്ധിശാലി,ബുദ്ധിശാലി
ബുധ,ബുധ
ബുധ,ബുധ
ബുധനാഴ്ച,ബുധനാഴ്ച
ബുധൻ,ബുധൻ
ബുധനെ,ബുധൻ
ബുധന്,ബുധൻ
ബുധന്റെ,ബുധൻ
ബുധനും,ബുധൻ
ബുധായ,ബുധ്
ബുന്ദി,ബുന്ദി
ബുലി,ബുലി
ബൃംഹണം,ബൃംഹണം
ബൃഹത്കഥ,ബൃഹത്കഥ
ബൃഹത്ത്,ബൃഹത്ത്
ബൃഹത്തിനെ,ബൃഹത്ത്
ബൃഹത്തും,ബൃഹത്ത്
ബൃഹത്തായ,ബൃഹത്ത്
ബൃഹദശ്വന്റെ,ബൃഹദശ്വൻ
ബൃഹദ്രഥനെ,ബൃഹദ്രഥൻ
ബൃഹദ്രഥന്റെ,ബൃഹദ്രഥൻ
ബൃഹന്നള,ബൃഹന്നള
ബൃഹസ്പതി,ബൃഹസ്പതി
ബൃഹസ്പതീ,ബൃഹസ്പതി
ബേഡ,ബേഡ
ബോധം,ബോധം
ബോധി,ബോധി
ബോധിപ്പിച്ചു,ബോധിപ്പിക്കുക
ബ്രഹ്മ,ബ്രഹ്മ
ബ്രഹ്മ,ബ്രഹ്മ
ബ്രഹ്മം,ബ്രഹ്മം
ബ്രഹ്മവും,ബ്രഹ്മം
ബ്രഹ്മകുണ്ഡം,ബ്രഹ്മകുണ്ഡം
ബ്രഹ്മചര്യ,ബ്രഹ്മചര്യ
ബ്രഹ്മചാരി,ബ്രഹ്മചാരി
ബ്രഹ്മചാരിണി,ബ്രഹ്മചാരിണി
ബ്രഹ്മചാരിണീ,ബ്രഹ്മചാരിണി
ബ്രഹ്മജ്ഞന്റെ,ബ്രഹ്മജ്ഞൻ
ബ്രഹ്മജ്ഞനും,ബ്രഹ്മജ്ഞൻ
ബ്രഹ്മജ്ഞാനം,ബ്രഹ്മജ്ഞാനം
ബ്രഹ്മതത്ത്വം,ബ്രഹ്മതത്ത്വം
ബ്രഹ്മൻ,ബ്രഹ്മൻ
ബ്രഹ്മനെ,ബ്രഹ്മൻ
ബ്രഹ്മന്,ബ്രഹ്മൻ
ബ്രഹ്മനും,ബ്രഹ്മൻ
ബ്രഹ്മാ,ബ്രഹ്മൻ
ബ്രഹ്മൻ,ബ്രഹ്മൻ
ബ്രഹ്മനെ,ബ്രഹ്മൻ
ബ്രഹ്മന്,ബ്രഹ്മൻ
ബ്രഹ്മനും,ബ്രഹ്മൻ
ബ്രഹ്മാ,ബ്രഹ്മൻ
ബ്രഹ്മപുത്ര,ബ്രഹ്മപുത്ര
ബ്രഹ്മപുരം,ബ്രഹ്മപുരം
ബ്രഹ്മപുരത്ത്,ബ്രഹ്മപുരം
ബ്രഹ്മപുരാണം,ബ്രഹ്മപുരാണം
ബ്രഹ്മപുരി,ബ്രഹ്മപുരി
ബ്രഹ്മമയം,ബ്രഹ്മമയം
ബ്രഹ്മയജ്ഞം,ബ്രഹ്മയജ്ഞം
ബ്രഹ്മരക്ഷസ്സ്,ബ്രഹ്മരക്ഷസ്സ്
ബ്രഹ്മരക്ഷസ്സിന്,ബ്രഹ്മരക്ഷസ്സ്
ബ്രഹ്മവാദം,ബ്രഹ്മവാദം
ബ്രഹ്മവാദിനി,ബ്രഹ്മവാദിനി
ബ്രഹ്മശിരസ്സ്,ബ്രഹ്മശിരസ്സ്
ബ്രഹ്മശിരസ്സിനെ,ബ്രഹ്മശിരസ്സ്
ബ്രഹ്മസൂത്രം,ബ്രഹ്മസൂത്രം
ബ്രഹ്മസൂത്രവും,ബ്രഹ്മസൂത്രം
ബ്രഹ്മസ്ഥാനം,ബ്രഹ്മസ്ഥാനം
ബ്രഹ്മസ്ഥാനവും,ബ്രഹ്മസ്ഥാനം
ബ്രഹ്മസ്ഥാനത്ത്,ബ്രഹ്മസ്ഥാനം
ബ്രഹ്മസ്വം,ബ്രഹ്മസ്വം
ബ്രഹ്മാണി,ബ്രഹ്മാണി
ബ്രഹ്മാണ്ഡം,ബ്രഹ്മാണ്ഡം
ബ്രഹ്മാണ്ഡവും,ബ്രഹ്മാണ്ഡം
ബ്രഹ്മാണ്ഡപുരാണം,ബ്രഹ്മാണ്ഡപുരാണം
ബ്രഹ്മാനന്ദം,ബ്രഹ്മാനന്ദം
ബ്രഹ്മാവ്,ബ്രഹ്മാവ്
ബ്രഹ്മാവിനെ,ബ്രഹ്മാവ്
ബ്രഹ്മാവിനോട്,ബ്രഹ്മാവ്
ബ്രഹ്മാവിന്,ബ്രഹ്മാവ്
ബ്രഹ്മാവിനാൽ,ബ്രഹ്മാവ്
ബ്രഹ്മാവിന്റെ,ബ്രഹ്മാവ്
ബ്രഹ്മാവിൽ,ബ്രഹ്മാവ്
ബ്രഹ്മാവും,ബ്രഹ്മാവ്
ബ്രഹ്മാവായ,ബ്രഹ്മാവ്
ബ്രഹ്മാസ്ത്രം,ബ്രഹ്മാസ്ത്രം
ബ്രഹ്മാസ്ത്രവും,ബ്രഹ്മാസ്ത്രം
ബ്രഹ്മി,ബ്രഹ്മി
ബ്രാഹ്മ,ബ്രാഹ്മ
ബ്രാഹ്മം,ബ്രാഹ്മം
ബ്രാഹ്മണ,ബ്രാഹ്മണ
ബ്രാഹ്മണം,ബ്രാഹ്മണം
ബ്രാഹ്മണങ്ങൾ,ബ്രാഹ്മണം
ബ്രാഹ്മണവും,ബ്രാഹ്മണം
ബ്രാഹ്മണൻ,ബ്രാഹ്മണൻ
ബ്രാഹ്മണനെ,ബ്രാഹ്മണൻ
ബ്രാഹ്മണനോട്,ബ്രാഹ്മണൻ
ബ്രാഹ്മണന്,ബ്രാഹ്മണൻ
ബ്രാഹ്മണനാൽ,ബ്രാഹ്മണൻ
ബ്രാഹ്മണന്റെ,ബ്രാഹ്മണൻ
ബ്രാഹ്മണന്മാർ,ബ്രാഹ്മണൻ
ബ്രാഹ്മണനും,ബ്രാഹ്മണൻ
ബ്രാഹ്മണി,ബ്രാഹ്മണി
ബ്രാഹ്മണിപ്പാട്ട്,ബ്രാഹ്മണിപ്പാട്ട്
ബ്രാഹ്മണിപ്പാട്ടിന്റെ,ബ്രാഹ്മണിപ്പാട്ട്
ബ്രാഹ്മണിപ്പാട്ടും,ബ്രാഹ്മണിപ്പാട്ട്
ബ്രാഹ്മണ്യം,ബ്രാഹ്മണ്യം
ബ്രാഹ്മൻ,ബ്രാഹ്മൻ
ബ്രാഹ്മനെ,ബ്രാഹ്മൻ
ബ്രാഹ്മന്,ബ്രാഹ്മൻ
ബ്രാഹ്മി,ബ്രാഹ്മി
ബ്രാഹ്മീ,ബ്രാഹ്മി
ബൗദ്ധ,ബൗദ്ധ
ബൗദ്ധന്മാർ,ബൗദ്ധൻ
ഭ,ഭ
ഭം,ഭം
ഭവും,ഭം
ഭംഗം,ഭംഗം
ഭംഗവും,ഭംഗം
ഭംഗി,ഭംഗി
ഭംഗി,ഭംഗി
ഭംഭം,ഭംഭം
ഭക്ത,ഭക്ത
ഭക്ത,ഭക്ത
ഭക്തം,ഭക്തം
ഭക്തൻ,ഭക്തൻ
ഭക്തനെ,ഭക്തൻ
ഭക്തനോട്,ഭക്തൻ
ഭക്തന്,ഭക്തൻ
ഭക്തന്റെ,ഭക്തൻ
ഭക്തന്മാർ,ഭക്തൻ
ഭക്തനും,ഭക്തൻ
ഭക്താ,ഭക്തൻ
ഭക്താ,ഭക്താ
ഭക്തി,ഭക്തി
ഭക്തി,ഭക്തി
ഭക്ത്യാ,ഭക്ത്യാ
ഭക്ഷ,ഭക്ഷ
ഭക്ഷം,ഭക്ഷം
ഭക്ഷവും,ഭക്ഷം
ഭക്ഷണ,ഭക്ഷണ
ഭക്ഷണം,ഭക്ഷണം
ഭക്ഷണങ്ങൾ,ഭക്ഷണം
ഭക്ഷണവും,ഭക്ഷണം
ഭക്ഷണശാല,ഭക്ഷണശാല
ഭക്ഷി,ഭക്ഷി
ഭക്ഷിക്കുക,ഭക്ഷിക്കുക
ഭക്ഷിച്ചു,ഭക്ഷിക്കുക
ഭക്ഷിക്കുന്നു,ഭക്ഷിക്കുക
ഭക്ഷിക്കുന്ന,ഭക്ഷിക്കുക
ഭക്ഷ്യ,ഭക്ഷ്യ
ഭക്ഷ്യ,ഭക്ഷ്യ
ഭക്ഷ്യം,ഭക്ഷ്യം
ഭക്ഷ്യവും,ഭക്ഷ്യം
ഭഗ,ഭഗ
ഭഗം,ഭഗം
ഭഗത്ത്,ഭഗം
ഭഗണവും,ഭഗണം
ഭഗന്ദരം,ഭഗന്ദരം
ഭഗവതി,ഭഗവതി
ഭഗവതീ,ഭഗവതി
ഭഗവത്,ഭഗവത്
ഭഗവതിന്,ഭഗവത്
ഭഗവതിന്റെ,ഭഗവത്
ഭഗവദ്ഗീത,ഭഗവദ്ഗീത
ഭഗവാൻ,ഭഗവാൻ
ഭഗവാനെ,ഭഗവാൻ
ഭഗവാനോട്,ഭഗവാൻ
ഭഗവാന്,ഭഗവാൻ
ഭഗവാന്റെ,ഭഗവാൻ
ഭഗവാനിൽ,ഭഗവാൻ
ഭഗവാന്മാർ,ഭഗവാൻ
ഭഗവാനും,ഭഗവാൻ
ഭഗവാനേ,ഭഗവാൻ
ഭഗി,ഭഗി
ഭഗീ,ഭഗി
ഭഗീരഥൻ,ഭഗീരഥൻ
ഭഗീരഥനെ,ഭഗീരഥൻ
ഭഗീരഥനോട്,ഭഗീരഥൻ
ഭഗീരഥന്,ഭഗീരഥൻ
ഭഗീരഥന്റെ,ഭഗീരഥൻ
ഭഗീരഥനും,ഭഗീരഥൻ
ഭജനം,ഭജനം
ഭജനവും,ഭജനം
ഭജനപ്പുര,ഭജനപ്പുര
ഭജിക്കുക,ഭജിക്കുക
ഭജിച്ചു,ഭജിക്കുക
ഭജിക്കുന്നു,ഭജിക്കുക
ഭജിക്കുന്ന,ഭജിക്കുക
ഭജേ,ഭജേ
ഭഞ്ജിക്കുക,ഭഞ്ജിക്കുക
ഭടൻ,ഭടൻ
ഭടനെ,ഭടൻ
ഭടന്,ഭടൻ
ഭടന്റെ,ഭടൻ
ഭടന്മാർ,ഭടൻ
ഭടനും,ഭടൻ
ഭട്ടതിരി,ഭട്ടതിരി
ഭട്ടൻ,ഭട്ടൻ
ഭട്ടന്റെ,ഭട്ടൻ
ഭട്ടവൃത്തി,ഭട്ടവൃത്തി
ഭണ്ഡൻ,ഭണ്ഡൻ
ഭണ്ഡന്,ഭണ്ഡൻ
ഭണ്ഡന്റെ,ഭണ്ഡൻ
ഭണ്ഡാരം,ഭണ്ഡാരം
ഭണ്ഡാരങ്ങൾ,ഭണ്ഡാരം
ഭണ്ഡാരവും,ഭണ്ഡാരം
ഭണ്ഡാരി,ഭണ്ഡാരി
ഭദ്ര,ഭദ്ര
ഭദ്ര,ഭദ്ര
ഭദ്രം,ഭദ്രം
ഭദ്രക,ഭദ്രക
ഭദ്രകാളി,ഭദ്രകാളി
ഭദ്രകാളീ,ഭദ്രകാളി
ഭദ്രദീപം,ഭദ്രദീപം
ഭദ്രദീപവും,ഭദ്രദീപം
ഭദ്രൻ,ഭദ്രൻ
ഭദ്രനെ,ഭദ്രൻ
ഭദ്രന്,ഭദ്രൻ
ഭദ്രന്റെ,ഭദ്രൻ
ഭദ്രനും,ഭദ്രൻ
ഭദ്രാ,ഭദ്രൻ
ഭദ്രാ,ഭദ്രാ
ഭദ്രാചലം,ഭദ്രാചലം
ഭദ്രാചലത്ത്,ഭദ്രാചലം
ഭദ്രാസനം,ഭദ്രാസനം
ഭാ,ഭൻ
ഭയ,ഭയ
ഭയ,ഭയ
ഭയം,ഭയം
ഭയങ്ങൾ,ഭയം
ഭയവും,ഭയം
ഭയം,ഭയം
ഭയങ്ങൾ,ഭയം
ഭയവും,ഭയം
ഭയക്കുക,ഭയക്കുക
ഭയക്കുന്നു,ഭയക്കുക
ഭയക്കുന്ന,ഭയക്കുക
ഭയന്നു,ഭയക്കുക
ഭയങ്കര,ഭയങ്കര
ഭയങ്കര,ഭയങ്കര
ഭയപ്പെടുക,ഭയപ്പെടുക
ഭയപ്പെടുന്നു,ഭയപ്പെടുക
ഭയപ്പെടുന്ന,ഭയപ്പെടുക
ഭയാനക,ഭയാനക
ഭയാനകം,ഭയാനകം
ഭയാനകവും,ഭയാനകം
ഭയാനകനും,ഭയാനകൻ
ഭര,ഭര
ഭര,ഭര
ഭരണ,ഭരണ
ഭരണം,ഭരണം
ഭരണവും,ഭരണം
ഭരണഘടന,ഭരണഘടന
ഭരണി,ഭരണി
ഭരതനാട്യം,ഭരതനാട്യം
ഭരതനാട്യവും,ഭരതനാട്യം
ഭരതൻ,ഭരതൻ
ഭരതനെ,ഭരതൻ
ഭരതന്,ഭരതൻ
ഭരതന്റെ,ഭരതൻ
ഭരതനിൽ,ഭരതൻ
ഭരതനും,ഭരതൻ
ഭരതവാക്യം,ഭരതവാക്യം
ഭരി,ഭരി
ഭരീ,ഭരി
ഭരി,ഭരി
ഭരീ,ഭരി
ഭരിക്കുക,ഭരിക്കുക
ഭരിച്ചു,ഭരിക്കുക
ഭരിക്കുന്നു,ഭരിക്കുക
ഭരിക്കുന്ന,ഭരിക്കുക
ഭരിത,ഭരിത
ഭരിതം,ഭരിതം
ഭരു,ഭരു
ഭർതൃ,ഭർതൃ
ഭർത്താവ്,ഭർത്താവ്
ഭർത്താവിനെ,ഭർത്താവ്
ഭർത്താവിനോട്,ഭർത്താവ്
ഭർത്താവിന്,ഭർത്താവ്
ഭർത്താവിന്റെ,ഭർത്താവ്
ഭർത്താവിൽ,ഭർത്താവ്
ഭർത്താവും,ഭർത്താവ്
ഭർത്താവായ,ഭർത്താവ്
ഭർത്തൃത്വവും,ഭർത്തൃത്വം
ഭർത്തൃഹരി,ഭർത്തൃഹരി
ഭല്ല,ഭല്ല
ഭല്ലാ,ഭല്ലൻ
ഭള്ള്,ഭള്ള്
ഭവ,ഭവ
ഭവ,ഭവ
ഭവം,ഭവം
ഭവതി,ഭവതി
ഭവതു,ഭവതു
ഭവന,ഭവന
ഭവനം,ഭവനം
ഭവനങ്ങൾ,ഭവനം
ഭവനവും,ഭവനം
ഭവന്തി,ഭവന്തി
ഭവന്തീ,ഭവന്തി
ഭവൻ,ഭവൻ
ഭവനെ,ഭവൻ
ഭവനോട്,ഭവൻ
ഭവന്,ഭവൻ
ഭവന്റെ,ഭവൻ
ഭവനിൽ,ഭവൻ
ഭവനും,ഭവൻ
ഭവസാഗരം,ഭവസാഗരം
ഭവാനി,ഭവാനി
ഭവാനീ,ഭവാനി
ഭവാൻ,ഭവാൻ
ഭവാന്,ഭവാൻ
ഭവാൻ,ഭവാൻ
ഭവാന്,ഭവാൻ
ഭവിക്കുക,ഭവിക്കുക
ഭവിച്ചു,ഭവിക്കുക
ഭവിക്കുന്നു,ഭവിക്കുക
ഭവിക്കുന്ന,ഭവിക്കുക
ഭവിക്കുക,ഭവിക്കുക
ഭവിച്ചു,ഭവിക്കുക
ഭവിക്കുന്നു,ഭവിക്കുക
ഭവിക്കുന്ന,ഭവിക്കുക
ഭവിത,ഭവിത
ഭവിഷ്യം,ഭവിഷ്യം
ഭവിഷ്യത്ത്,ഭവിഷ്യം
ഭവിഷ്യത്ത്,ഭവിഷ്യത്ത്
ഭവിഷ്യത്തിനെ,ഭവിഷ്യത്ത്
ഭവിഷ്യത്തുകൾ,ഭവിഷ്യത്ത്
ഭവിഷ്യപുരാണം,ഭവിഷ്യപുരാണം
ഭവ്യ,ഭവ്യ
ഭവ്യ,ഭവ്യ
ഭവ്യം,ഭവ്യം
ഭവ്യവും,ഭവ്യം
ഭസനം,ഭസനം
ഭസ്മ,ഭസ്മ
ഭസ്മം,ഭസ്മം
ഭസ്മവും,ഭസ്മം
ഭസ്മക്കുറി,ഭസ്മക്കുറി
ഭസ്മാസുരനെ,ഭസ്മാസുരൻ
ഭസ്മാസുരന്,ഭസ്മാസുരൻ
ഭസ്മാസുരന്റെ,ഭസ്മാസുരൻ
ഭസ്മീകരിക്കുന്ന,ഭസ്മീകരിക്കുക
ഭാ,ഭാ
ഭാ,ഭാ
ഭാക്ഷ,ഭാക്ഷ
ഭാഗ,ഭാഗ
ഭാഗം,ഭാഗം
ഭാഗങ്ങൾ,ഭാഗം
ഭാഗവും,ഭാഗം
ഭാഗത്തു്,ഭാഗം
ഭാഗത്ത്,ഭാഗം
ഭാഗത്ത്,ഭാഗത്ത്
ഭാഗത്തിനെ,ഭാഗത്ത്
ഭാഗത്തിന്,ഭാഗത്ത്
ഭാഗത്താൽ,ഭാഗത്ത്
ഭാഗത്തിന്റെ,ഭാഗത്ത്
ഭാഗത്തിൽ,ഭാഗത്ത്
ഭാഗത്തും,ഭാഗത്ത്
ഭാഗത്തേക്ക്,ഭാഗത്ത്
ഭാഗധേയം,ഭാഗധേയം
ഭാഗധേയങ്ങൾ,ഭാഗധേയം
ഭാഗധേയവും,ഭാഗധേയം
ഭാഗപത്രം,ഭാഗപത്രം
ഭാഗഭാക്കായ,ഭാഗഭാക്ക്
ഭാഗവത,ഭാഗവത
ഭാഗവതം,ഭാഗവതം
ഭാഗവതവും,ഭാഗവതം
ഭാഗവതർ,ഭാഗവതർ
ഭാഗവതരെ,ഭാഗവതർ
ഭാഗവതരുടെ,ഭാഗവതർ
ഭാഗവതരിൽ,ഭാഗവതർ
ഭാഗവതരും,ഭാഗവതർ
ഭാഗി,ഭാഗി
ഭാഗിക,ഭാഗിക
ഭാഗിച്ചു,ഭാഗിക്കുക
ഭാഗിക്കുന്നു,ഭാഗിക്കുക
ഭാഗിക്കുന്ന,ഭാഗിക്കുക
ഭാഗിനേയനും,ഭാഗിനേയൻ
ഭാഗീരഥി,ഭാഗീരഥി
ഭാഗ്യ,ഭാഗ്യ
ഭാഗ്യ,ഭാഗ്യ
ഭാഗ്യം,ഭാഗ്യം
ഭാഗ്യവും,ഭാഗ്യം
ഭാഗ്യക്കുറി,ഭാഗ്യക്കുറി
ഭാഗ്യവാൻ,ഭാഗ്യവാൻ
ഭാഗ്യവാനെ,ഭാഗ്യവാൻ
ഭാഗ്യവാന്,ഭാഗ്യവാൻ
ഭാഗ്യവാന്മാർ,ഭാഗ്യവാൻ
ഭാഗ്യശാലി,ഭാഗ്യശാലി
ഭാജനം,ഭാജനം
ഭാജി,ഭാജി
ഭാജ്യ,ഭാജ്യ
ഭാട്ടം,ഭാട്ടം
ഭാണം,ഭാണം
ഭാണങ്ങൾ,ഭാണം
ഭാണ്ഡം,ഭാണ്ഡം
ഭാണ്ഡവും,ഭാണ്ഡം
ഭാണ്ഡക്കെട്ടും,ഭാണ്ഡക്കെട്ട്
ഭാതി,ഭാതി
ഭാനു,ഭാനു
ഭാനു,ഭാനു
ഭാനുമതി,ഭാനുമതി
ഭാന്തി,ഭാന്തി
ഭാമ,ഭാമ
ഭാമൻ,ഭാമൻ
ഭാമിനി,ഭാമിനി
ഭായി,ഭായി
ഭായീ,ഭായി
ഭാര,ഭാര
ഭാരം,ഭാരം
ഭാരങ്ങൾ,ഭാരം
ഭാരവും,ഭാരം
ഭാരത്ത്,ഭാരം
ഭാരം,ഭാരം
ഭാരങ്ങൾ,ഭാരം
ഭാരവും,ഭാരം
ഭാരത്ത്,ഭാരം
ഭാരത,ഭാരത
ഭാരത,ഭാരത
ഭാരതം,ഭാരതം
ഭാരതവും,ഭാരതം
ഭാരതഖണ്ഡം,ഭാരതഖണ്ഡം
ഭാരതാ,ഭാരതൻ
ഭാരതപ്പുഴ,ഭാരതപ്പുഴ
ഭാരതവർഷം,ഭാരതവർഷം
ഭാരതി,ഭാരതി
ഭാരതീ,ഭാരതി
ഭാരതീയൻ,ഭാരതീയൻ
ഭാരതീയനെ,ഭാരതീയൻ
ഭാരതീയന്,ഭാരതീയൻ
ഭാരതീയന്റെ,ഭാരതീയൻ
ഭാരതീയനും,ഭാരതീയൻ
ഭാരവാഹങ്ങൾ,ഭാരവാഹം
ഭാരവാഹകൻ,ഭാരവാഹകൻ
ഭാരവാഹകന്,ഭാരവാഹകൻ
ഭാരവാഹി,ഭാരവാഹി
ഭാരവി,ഭാരവി
ഭാരി,ഭാരി
ഭാരിച്ച,ഭാരിച്ച
ഭാര്യ,ഭാര്യ
ഭാര്യ,ഭാര്യ
ഭാര്യാ,ഭാര്യൻ
ഭാർഗവ,ഭാർഗവ
ഭാർഗവൻ,ഭാർഗവൻ
ഭാർഗവന്റെ,ഭാർഗവൻ
ഭാർഗവി,ഭാർഗവി
ഭാർഗവീ,ഭാർഗവി
ഭാവ,ഭാവ
ഭാവം,ഭാവം
ഭാവങ്ങൾ,ഭാവം
ഭാവവും,ഭാവം
ഭാവന,ഭാവന
ഭാവന,ഭാവന
ഭാവനം,ഭാവനം
ഭാവനൻ,ഭാവനൻ
ഭാവനാ,ഭാവനൻ
ഭാവനാ,ഭാവനാ
ഭാവന്,ഭാവൻ
ഭാവാ,ഭാവൻ
ഭാവഭേദം,ഭാവഭേദം
ഭാവഭേദവും,ഭാവഭേദം
ഭാവരൂപങ്ങൾ,ഭാവരൂപം
ഭാവരൂപവും,ഭാവരൂപം
ഭാവി,ഭാവി
ഭാവിക്കുക,ഭാവിക്കുക
ഭാവിച്ചു,ഭാവിക്കുക
ഭാവിക്കുന്നു,ഭാവിക്കുക
ഭാവിക്കുന്ന,ഭാവിക്കുക
ഭാവുകങ്ങൾ,ഭാവുകം
ഭാവുകന്റെ,ഭാവുകൻ
ഭാഷ,ഭാഷ
ഭാഷ,ഭാഷ
ഭാഷണ,ഭാഷണ
ഭാഷണം,ഭാഷണം
ഭാഷണങ്ങൾ,ഭാഷണം
ഭാഷണവും,ഭാഷണം
ഭാഷാ,ഭാഷാ
ഭാഷാന്തരം,ഭാഷാന്തരം
ഭാഷീ,ഭാഷി
ഭാഷിണി,ഭാഷിണി
ഭാഷ്,ഭാഷ്
ഭാഷ്യ,ഭാഷ്യ
ഭാഷ്യം,ഭാഷ്യം
ഭാഷ്യങ്ങൾ,ഭാഷ്യം
ഭാഷ്യവും,ഭാഷ്യം
ഭാഷ്യകാരന്,ഭാഷ്യകാരൻ
ഭാസ,ഭാസ
ഭാസ,ഭാസ
ഭാസൻ,ഭാസൻ
ഭാസനെ,ഭാസൻ
ഭാസന്,ഭാസൻ
ഭാസന്റെ,ഭാസൻ
ഭാസനും,ഭാസൻ
ഭാസിൻ,ഭാസിൻ
ഭാസിന്,ഭാസിൻ
ഭാസുര,ഭാസുര
ഭാസുരാംഗി,ഭാസുരാംഗി
ഭാസ്,ഭാസ്
ഭാസിന്,ഭാസ്
ഭാസിൻ,ഭാസ്
ഭാസിൽ,ഭാസ്
ഭാസ്കരൻ,ഭാസ്കരൻ
ഭാസ്കരനെ,ഭാസ്കരൻ
ഭാസ്കരന്,ഭാസ്കരൻ
ഭാസ്കരന്റെ,ഭാസ്കരൻ
ഭാസ്കരനും,ഭാസ്കരൻ
ഭാസ്കരാചാര്യൻ,ഭാസ്കരാചാര്യൻ
ഭാസ്കരാചാര്യനെ,ഭാസ്കരാചാര്യൻ
ഭാസ്കരാചാര്യന്റെ,ഭാസ്കരാചാര്യൻ
ഭിക്ഷ,ഭിക്ഷ
ഭിക്ഷക്കാരൻ,ഭിക്ഷക്കാരൻ
ഭിക്ഷക്കാരനെ,ഭിക്ഷക്കാരൻ
ഭിക്ഷക്കാരനോട്,ഭിക്ഷക്കാരൻ
ഭിക്ഷക്കാരന്റെ,ഭിക്ഷക്കാരൻ
ഭിക്ഷാംദേഹി,ഭിക്ഷാംദേഹി
ഭിക്ഷാടനം,ഭിക്ഷാടനം
ഭിക്ഷാടനവും,ഭിക്ഷാടനം
ഭിക്ഷു,ഭിക്ഷു
ഭിത്തി,ഭിത്തി
ഭിത്തി,ഭിത്തി
ഭിന്ന,ഭിന്ന
ഭിന്ന,ഭിന്ന
ഭിന്നം,ഭിന്നം
ഭിന്നവും,ഭിന്നം
ഭിന്നസംഖ്യ,ഭിന്നസംഖ്യ
ഭിന്നിച്ചു,ഭിന്നിക്കുക
ഭിന്നിതം,ഭിന്നിതം
ഭിന്നിപ്പ്,ഭിന്നിപ്പ്
ഭിന്നിപ്പിനെ,ഭിന്നിപ്പ്
ഭിന്നിപ്പിന്,ഭിന്നിപ്പ്
ഭിന്നിപ്പിന്റെ,ഭിന്നിപ്പ്
ഭിന്നിപ്പുകൾ,ഭിന്നിപ്പ്
ഭിന്നിപ്പും,ഭിന്നിപ്പ്
ഭിഷഗ്വരൻ,ഭിഷഗ്വരൻ
ഭിഷഗ്വരനെ,ഭിഷഗ്വരൻ
ഭിഷഗ്വരന്,ഭിഷഗ്വരൻ
ഭിഷഗ്വരന്റെ,ഭിഷഗ്വരൻ
ഭിഷഗ്വരന്മാർ,ഭിഷഗ്വരൻ
ഭിഷഗ്വരനും,ഭിഷഗ്വരൻ
ഭീ,ഭീ
ഭീ,ഭീ
ഭീകര,ഭീകര
ഭീതി,ഭീതി
ഭീതി,ഭീതി
ഭീമ,ഭീമ
ഭീമ,ഭീമ
ഭീമം,ഭീമം
ഭീമൻ,ഭീമൻ
ഭീമനെ,ഭീമൻ
ഭീമനോട്,ഭീമൻ
ഭീമന്,ഭീമൻ
ഭീമനാൽ,ഭീമൻ
ഭീമന്റെ,ഭീമൻ
ഭീമനിൽ,ഭീമൻ
ഭീമന്മാർ,ഭീമൻ
ഭീമനും,ഭീമൻ
ഭീമാ,ഭീമൻ
ഭീമസേനൻ,ഭീമസേനൻ
ഭീമസേനനെ,ഭീമസേനൻ
ഭീമസേനന്,ഭീമസേനൻ
ഭീമസേനനാൽ,ഭീമസേനൻ
ഭീമസേനന്റെ,ഭീമസേനൻ
ഭീമസേനനും,ഭീമസേനൻ
ഭീമഹർജി,ഭീമഹർജി
ഭീമാകാര,ഭീമാകാര
ഭീരു,ഭീരു
ഭീരു,ഭീരു
ഭീഷണം,ഭീഷണം
ഭീഷണവും,ഭീഷണം
ഭീഷണി,ഭീഷണി
ഭീഷണി,ഭീഷണി
ഭീഷ്മ,ഭീഷ്മ
ഭീഷ്മകൻ,ഭീഷ്മകൻ
ഭീഷ്മകന്,ഭീഷ്മകൻ
ഭീഷ്മകന്റെ,ഭീഷ്മകൻ
ഭീഷ്മനാൽ,ഭീഷ്മൻ
ഭീഷ്മർ,ഭീഷ്മർ
ഭീഷ്മരെ,ഭീഷ്മർ
ഭീഷ്മരുടെ,ഭീഷ്മർ
ഭീഷ്മരും,ഭീഷ്മർ
ഭു,ഭു
ഭൂ,ഭു
ഭുജം,ഭുജം
ഭുജങ്ങൾ,ഭുജം
ഭുജംഗം,ഭുജംഗം
ഭുജിക്കുക,ഭുജിക്കുക
ഭുജിച്ചു,ഭുജിക്കുക
ഭുജിക്കുന്നു,ഭുജിക്കുക
ഭുജിക്കുന്ന,ഭുജിക്കുക
ഭുജ്,ഭുജ്
ഭുജിന്റെ,ഭുജ്
ഭുവന,ഭുവന
ഭുവനം,ഭുവനം
ഭുവനേശന്,ഭുവനേശൻ
ഭുവി,ഭുവി
ഭൂ,ഭൂ
ഭൂകമ്പം,ഭൂകമ്പം
ഭൂകമ്പങ്ങൾ,ഭൂകമ്പം
ഭൂകമ്പവും,ഭൂകമ്പം
ഭൂകാണ്ഡം,ഭൂകാണ്ഡം
ഭൂകാണ്ഡവും,ഭൂകാണ്ഡം
ഭൂഖണ്ഡ,ഭൂഖണ്ഡ
ഭൂഖണ്ഡം,ഭൂഖണ്ഡം
ഭൂഖണ്ഡങ്ങൾ,ഭൂഖണ്ഡം
ഭൂഖണ്ഡവും,ഭൂഖണ്ഡം
ഭൂഗർഭം,ഭൂഗർഭം
ഭൂഗർഭശാസ്ത്രം,ഭൂഗർഭശാസ്ത്രം
ഭൂഗർഭശാസ്ത്രവും,ഭൂഗർഭശാസ്ത്രം
ഭൂചലനം,ഭൂചലനം
ഭൂചലനങ്ങൾ,ഭൂചലനം
ഭൂചലനവും,ഭൂചലനം
ഭൂത,ഭൂത
ഭൂത,ഭൂത
ഭൂതം,ഭൂതം
ഭൂതങ്ങൾ,ഭൂതം
ഭൂതവും,ഭൂതം
ഭൂതകാലം,ഭൂതകാലം
ഭൂതകാലവും,ഭൂതകാലം
ഭൂതകാലത്ത്,ഭൂതകാലം
ഭൂതക്കണ്ണാടി,ഭൂതക്കണ്ണാടി
ഭൂതത്താൻ,ഭൂതത്താൻ
ഭൂതത്താന്,ഭൂതത്താൻ
ഭൂതത്താന്റെ,ഭൂതത്താൻ
ഭൂതനാഥന്റെ,ഭൂതനാഥൻ
ഭൂതബലി,ഭൂതബലി
ഭൂതബാധ,ഭൂതബാധ
ഭൂതലം,ഭൂതലം
ഭൂതി,ഭൂതി
ഭൂതി,ഭൂതി
ഭൂതേശാ,ഭൂതേശൻ
ഭൂദാനം,ഭൂദാനം
ഭൂദാനവും,ഭൂദാനം
ഭൂദാനത്ത്,ഭൂദാനം
ഭൂനികുതി,ഭൂനികുതി
ഭൂപടം,ഭൂപടം
ഭൂപടങ്ങൾ,ഭൂപടം
ഭൂപടവും,ഭൂപടം
ഭൂപതി,ഭൂപതി
ഭൂപൻ,ഭൂപൻ
ഭൂപന്,ഭൂപൻ
ഭൂപാലൻ,ഭൂപാലൻ
ഭൂപാലന്,ഭൂപാലൻ
ഭൂപാളം,ഭൂപാളം
ഭൂമണ്ഡലം,ഭൂമണ്ഡലം
ഭൂമധ്യരേഖ,ഭൂമധ്യരേഖ
ഭൂമി,ഭൂമി
ഭൂമീ,ഭൂമി
ഭൂമി,ഭൂമി
ഭൂമീ,ഭൂമി
ഭൂമിക,ഭൂമിക
ഭൂമികാ,ഭൂമികാ
ഭൂമിദേവി,ഭൂമിദേവി
ഭൂമിശാസ്ത്രം,ഭൂമിശാസ്ത്രം
ഭൂമിശാസ്ത്രവും,ഭൂമിശാസ്ത്രം
ഭൂമുഖത്ത്,ഭൂമുഖം
ഭൂയ,ഭൂയ
ഭൂരി,ഭൂരി
ഭൂരി,ഭൂരി
ഭൂരിപക്ഷം,ഭൂരിപക്ഷം
ഭൂരിപക്ഷവും,ഭൂരിപക്ഷം
ഭൂവുടമ,ഭൂവുടമ
ഭൂഷണ,ഭൂഷണ
ഭൂഷണം,ഭൂഷണം
ഭൂഷണനെ,ഭൂഷണൻ
ഭൃംഗീശന്,ഭൃംഗീശൻ
ഭൃഗു,ഭൃഗു
ഭൃഗുരാമന്,ഭൃഗുരാമൻ
ഭൃത്യ,ഭൃത്യ
ഭൃത്യ,ഭൃത്യ
ഭൃത്യൻ,ഭൃത്യൻ
ഭൃത്യനെ,ഭൃത്യൻ
ഭൃത്യന്,ഭൃത്യൻ
ഭൃത്യന്മാർ,ഭൃത്യൻ
ഭൃത്യനും,ഭൃത്യൻ
ഭൃശം,ഭൃശം
ഭേദ,ഭേദ
ഭേദം,ഭേദം
ഭേദങ്ങൾ,ഭേദം
ഭേദവും,ഭേദം
ഭേദഗതി,ഭേദഗതി
ഭേദന,ഭേദന
ഭേദനം,ഭേദനം
ഭേദിക്കുക,ഭേദിക്കുക
ഭേദിച്ചു,ഭേദിക്കുക
ഭേദിക്കുന്നു,ഭേദിക്കുക
ഭേദിക്കുന്ന,ഭേദിക്കുക
ഭേദ്യം,ഭേദ്യം
ഭേരി,ഭേരി
ഭേഷജം,ഭേഷജം
ഭൈമി,ഭൈമി
ഭൈരവ,ഭൈരവ
ഭൈരവ,ഭൈരവ
ഭൈരവൻ,ഭൈരവൻ
ഭൈരവന്,ഭൈരവൻ
ഭൈരവന്റെ,ഭൈരവൻ
ഭൈരവി,ഭൈരവി
ഭൈരവി,ഭൈരവി
ഭിൽ,ഭ്
ഭായ,ഭ്
ഭ്രംശ,ഭ്രംശ
ഭ്രംശം,ഭ്രംശം
ഭ്രംശവും,ഭ്രംശം
ഭ്രംശനം,ഭ്രംശനം
ഭ്രംശനങ്ങൾ,ഭ്രംശനം
ഭ്രമം,ഭ്രമം
ഭ്രമവും,ഭ്രമം
ഭ്രമണ,ഭ്രമണ
ഭ്രമണം,ഭ്രമണം
ഭ്രമണവും,ഭ്രമണം
ഭ്രമത്തിന്,ഭ്രമത്ത്
ഭ്രമത്തിന്റെ,ഭ്രമത്ത്
ഭ്രമര,ഭ്രമര
ഭ്രമര,ഭ്രമര
ഭ്രമരം,ഭ്രമരം
ഭ്രമരവും,ഭ്രമരം
ഭ്രമരകീടം,ഭ്രമരകീടം
ഭ്രമിച്ചു,ഭ്രമിക്കുക
ഭ്രമിക്കുന്നു,ഭ്രമിക്കുക
ഭ്രമിക്കുന്ന,ഭ്രമിക്കുക
ഭ്രഷ്ട്,ഭ്രഷ്ട്
ഭ്രഷ്ടിനെ,ഭ്രഷ്ട്
ഭ്രഷ്ട്ട്,ഭ്രഷ്ട്
ഭ്രാന്തൻ,ഭ്രാന്തൻ
ഭ്രാന്തനെ,ഭ്രാന്തൻ
ഭ്രാന്തന്,ഭ്രാന്തൻ
ഭ്രാന്തന്റെ,ഭ്രാന്തൻ
ഭ്രാന്തനും,ഭ്രാന്തൻ
ഭ്രാന്തി,ഭ്രാന്തി
ഭ്രാന്തി,ഭ്രാന്തി
ഭ്രൂ,ഭ്രൂ
ഭ്രൂ,ഭ്രൂ
ഭ്രൂണം,ഭ്രൂണം
ഭ്രൂണങ്ങൾ,ഭ്രൂണം
ഭ്രൂണവും,ഭ്രൂണം
ഭൗതിക,ഭൗതിക
ഭൗതിക,ഭൗതിക
ഭൗതികം,ഭൗതികം
ഭൗതികവും,ഭൗതികം
ഭൗതികവാദം,ഭൗതികവാദം
ഭൗതികവാദവും,ഭൗതികവാദം
ഭൗമ,ഭൗമ
ഭൗമ,ഭൗമ
ഭൗമം,ഭൗമം
ഭൗമദിനം,ഭൗമദിനം
ഭൗമദിനങ്ങൾ,ഭൗമദിനം
ഭൗമന്,ഭൗമൻ
ഭൗമി,ഭൗമി
ഭൗമിക,ഭൗമിക
മ,മ
മംഗല,മംഗല
മംഗല,മംഗല
മംഗലന്,മംഗലൻ
മംഗലന്റെ,മംഗലൻ
മംഗല്യ,മംഗല്യ
മംഗല്യ,മംഗല്യ
മംഗല്യം,മംഗല്യം
മംഗല്യസൂത്രം,മംഗല്യസൂത്രം
മംഗള,മംഗള
മംഗളം,മംഗളം
മംഗളങ്ങൾ,മംഗളം
മംഗളവും,മംഗളം
മംഗളപത്രം,മംഗളപത്രം
മംഗളപത്രങ്ങൾ,മംഗളപത്രം
മംഗളപത്രവും,മംഗളപത്രം
മകം,മകം
മകവും,മകം
മകൻ,മകൻ
മകനെ,മകൻ
മകനോട്,മകൻ
മകന്,മകൻ
മകനാൽ,മകൻ
മകന്റെ,മകൻ
മകനിൽ,മകൻ
മകനും,മകൻ
മകനേ,മകൻ
മകാ,മകൻ
മകയിരം,മകയിരം
മകരം,മകരം
മകരവിളക്ക്,മകരവിളക്ക്
മകരവിളക്കിന്,മകരവിളക്ക്
മകരവിളക്കിന്റെ,മകരവിളക്ക്
മകരവിളക്കും,മകരവിളക്ക്
മകൾ,മകൾ
മകളെ,മകൾ
മകളോട്,മകൾ
മകളുടെ,മകൾ
മകളിൽ,മകൾ
മകളും,മകൾ
മകൾ,മകൾ
മകളെ,മകൾ
മകളോട്,മകൾ
മകളുടെ,മകൾ
മകളിൽ,മകൾ
മകളും,മകൾ
മകാരം,മകാരം
മകുടം,മകുടം
മകുടങ്ങൾ,മകുടം
മകുടവും,മകുടം
മകുടി,മകുടി
മക്ക,മക്ക
മക്കത്തായം,മക്കത്തായം
മക്കത്തായവും,മക്കത്തായം
മക്കൾ,മക്കൾ
മക്കളെ,മക്കൾ
മക്കളോട്,മക്കൾ
മക്കളാൽ,മക്കൾ
മക്കളുടെ,മക്കൾ
മക്കളിൽ,മക്കൾ
മക്കളും,മക്കൾ
മക്കളേ,മക്കൾ
മക്ക്,മക്ക്
മഗണം,മഗണം
മഗണവും,മഗണം
മഗധ,മഗധ
മങ്ക,മങ്ക
മങ്ക,മങ്ക
മങ്ക്,മങ്ക്
മങ്കിന്റെ,മങ്ക്
മങ്ങൽ,മങ്ങൽ
മങ്ങല്,മങ്ങൽ
മങ്ങുന്നു,മങ്ങുക
മങ്ങുന്ന,മങ്ങുക
മച്ചം,മച്ചം
മച്ചകവും,മച്ചകം
മച്ചകത്ത്,മച്ചകം
മച്ചുനൻ,മച്ചുനൻ
മച്ചുനന്,മച്ചുനൻ
മച്ച്,മച്ച്
മച്ചിനെ,മച്ച്
മച്ചിന്,മച്ച്
മച്ചിൻ,മച്ച്
മച്ചിന്റെ,മച്ച്
മച്ചിൽ,മച്ച്
മച്ചും,മച്ച്
മച്ചാം,മച്ച്
മജ്ജ,മജ്ജ
മഞ്ച,മഞ്ച
മഞ്ച,മഞ്ച
മഞ്ചം,മഞ്ചം
മഞ്ചട്ടി,മഞ്ചട്ടി
മഞ്ചൽ,മഞ്ചൽ
മഞ്ചല്,മഞ്ചൽ
മഞ്ചാടി,മഞ്ചാടി
മഞ്ച്,മഞ്ച്
മഞ്ചിനെ,മഞ്ച്
മഞ്ചിനോട്,മഞ്ച്
മഞ്ചിന്റെ,മഞ്ച്
മഞ്ചും,മഞ്ച്
മഞ്ജ,മഞ്ജ
മഞ്ജു,മഞ്ജു
മഞ്ജൂ,മഞ്ജു
മഞ്ജുള,മഞ്ജുള
മഞ്ജുഷ,മഞ്ജുഷ
മഞ്ഞ,മഞ്ഞ
മഞ്ഞക്കരു,മഞ്ഞക്കരു
മഞ്ഞപ്പാൽ,മഞ്ഞപ്പാൽ
മഞ്ഞപ്പിത്തം,മഞ്ഞപ്പിത്തം
മഞ്ഞപ്പിത്തവും,മഞ്ഞപ്പിത്തം
മഞ്ഞളിച്ചു,മഞ്ഞളിക്കുക
മഞ്ഞളിക്കുന്ന,മഞ്ഞളിക്കുക
മഞ്ഞൾ,മഞ്ഞൾ
മഞ്ഞളിന്റെ,മഞ്ഞൾ
മഞ്ഞളിൽ,മഞ്ഞൾ
മഞ്ഞളും,മഞ്ഞൾ
മഞ്ഞ്,മഞ്ഞ്
മഞ്ഞിനെ,മഞ്ഞ്
മഞ്ഞിനോട്,മഞ്ഞ്
മഞ്ഞിന്,മഞ്ഞ്
മഞ്ഞിൻ,മഞ്ഞ്
മഞ്ഞിന്റെ,മഞ്ഞ്
മഞ്ഞിൽ,മഞ്ഞ്
മഞ്ഞും,മഞ്ഞ്
മട,മട
മടക്കം,മടക്കം
മടക്കവും,മടക്കം
മടക്കുക,മടക്കുക
മടക്കുന്നു,മടക്കുക
മടക്കുന്ന,മടക്കുക
മടക്കി,മടക്കുക
മടക്ക്,മടക്ക്
മടക്കുകൾ,മടക്ക്
മടക്കും,മടക്ക്
മടക്കുക,മടക്ക്
മടക്കായ,മടക്ക്
മടങ്ങുക,മടങ്ങുക
മടങ്ങുന്നു,മടങ്ങുക
മടങ്ങുന്ന,മടങ്ങുക
മടങ്ങ്,മടങ്ങ്
മടങ്ങിൽ,മടങ്ങ്
മടങ്ങും,മടങ്ങ്
മടങ്ങാം,മടങ്ങ്
മടങ്ങുക,മടങ്ങ്
മടങ്ങായ,മടങ്ങ്
മടപ്പള്ളി,മടപ്പള്ളി
മടമ്പ്,മടമ്പ്
മടയൻ,മടയൻ
മടയന്,മടയൻ
മടയന്റെ,മടയൻ
മടയന്മാർ,മടയൻ
മടയാ,മടയൻ
മടൽ,മടൽ
മടല്,മടൽ
മടൽ,മടൽ
മടല്,മടൽ
മടവ്,മടവ്
മടി,മടി
മടിച്ചു,മടിക്കുക
മടിക്കുന്നു,മടിക്കുക
മടിക്കുന്ന,മടിക്കുക
മടിക്കുത്ത്,മടിക്കുത്ത്
മടിയൻ,മടിയൻ
മടിയന്,മടിയൻ
മടിയനും,മടിയൻ
മടിശീല,മടിശീല
മടുക്കുന്ന,മടുക്കുക
മടുപ്പിച്ചു,മടുപ്പിക്കുക
മടുപ്പിക്കുന്നു,മടുപ്പിക്കുക
മടുപ്പിക്കുന്ന,മടുപ്പിക്കുക
മടുപ്പ്,മടുപ്പ്
മടുപ്പിനെ,മടുപ്പ്
മടുപ്പിന്റെ,മടുപ്പ്
മടുപ്പുകൾ,മടുപ്പ്
മടുപ്പും,മടുപ്പ്
മട്ട,മട്ട
മട്ട,മട്ട
മട്ടി,മട്ടി
മട്ടിപ്പാൽ,മട്ടിപ്പാൽ
മട്ടുപ്പാവ്,മട്ടുപ്പാവ്
മട്ടുപ്പാവിന്,മട്ടുപ്പാവ്
മട്ടുപ്പാവിന്റെ,മട്ടുപ്പാവ്
മട്ടുപ്പാവിൽ,മട്ടുപ്പാവ്
മട്ടുപ്പാവുകൾ,മട്ടുപ്പാവ്
മട്ടുപ്പാവും,മട്ടുപ്പാവ്
മട്ട്,മട്ട്
മട്ടിൽ,മട്ട്
മട്ടുകൾ,മട്ട്
മട്ടും,മട്ട്
മട്ട്,മട്ട്
മട്ടിൽ,മട്ട്
മട്ടുകൾ,മട്ട്
മട്ടും,മട്ട്
മഠ,മഠ
മഠം,മഠം
മഠങ്ങൾ,മഠം
മഠവും,മഠം
മഠം,മഠം
മഠങ്ങൾ,മഠം
മഠവും,മഠം
മഠാധിപതി,മഠാധിപതി
മണം,മണം
മണങ്ങൾ,മണം
മണവും,മണം
മണത്ത്,മണം
മണക്കുന്നു,മണക്കുക
മണക്കുന്ന,മണക്കുക
മണൽ,മണൽ
മണല്,മണൽ
മണൽ,മണൽ
മണല്,മണൽ
മണവറ,മണവറ
മണവാട്ടി,മണവാട്ടി
മണവാളൻ,മണവാളൻ
മണവാളനെ,മണവാളൻ
മണവാളന്,മണവാളൻ
മണവാളന്റെ,മണവാളൻ
മണവാളനും,മണവാളൻ
മണി,മണി
മണി,മണി
മണികണ്ഠൻ,മണികണ്ഠൻ
മണികണ്ഠനെ,മണികണ്ഠൻ
മണികണ്ഠന്,മണികണ്ഠൻ
മണികണ്ഠനാൽ,മണികണ്ഠൻ
മണികണ്ഠന്റെ,മണികണ്ഠൻ
മണികണ്ഠനും,മണികണ്ഠൻ
മണികാഞ്ചി,മണികാഞ്ചി
മണിക്കൂർ,മണിക്കൂർ
മണിക്കൂരിൽ,മണിക്കൂർ
മണിക്കൂറ്,മണിക്കൂർ
മണിഗ്രാമം,മണിഗ്രാമം
മണിത്തറ,മണിത്തറ
മണിദീപം,മണിദീപം
മണിപൂരകം,മണിപൂരകം
മണിപ്രവാളം,മണിപ്രവാളം
മണിപ്രവാളവും,മണിപ്രവാളം
മണിബന്ധം,മണിബന്ധം
മണിമണ്ഡപം,മണിമണ്ഡപം
മണിമന്ദിരം,മണിമന്ദിരം
മണിമയ,മണിമയ
മണിമല,മണിമല
മണിമാല,മണിമാല
മണിമാളിക,മണിമാളിക
മണിമുറ്റത്ത്,മണിമുറ്റം
മണിമേഖല,മണിമേഖല
മണിമേട,മണിമേട
മണിയത്ത്,മണിയം
മണിയൻ,മണിയൻ
മണിയനെ,മണിയൻ
മണിയന്,മണിയൻ
മണിയന്റെ,മണിയൻ
മണിയനും,മണിയൻ
മണിയൻ,മണിയൻ
മണിയനെ,മണിയൻ
മണിയന്,മണിയൻ
മണിയന്റെ,മണിയൻ
മണിയനും,മണിയൻ
മണിയറ,മണിയറ
മണിവർണൻ,മണിവർണൻ
മണ്ട,മണ്ട
മണ്ട,മണ്ട
മണ്ടൻ,മണ്ടൻ
മണ്ടന്,മണ്ടൻ
മണ്ടന്മാർ,മണ്ടൻ
മണ്ടല,മണ്ടല
മണ്ടി,മണ്ടി
മണ്ടുന്ന,മണ്ടുക
മണ്ഡ,മണ്ഡ
മണ്ഡം,മണ്ഡം
മണ്ഡനം,മണ്ഡനം
മണ്ഡപ,മണ്ഡപ
മണ്ഡപം,മണ്ഡപം
മണ്ഡപങ്ങൾ,മണ്ഡപം
മണ്ഡപവും,മണ്ഡപം
മണ്ഡപത്ത്,മണ്ഡപം
മണ്ഡല,മണ്ഡല
മണ്ഡലി,മണ്ഡലി
മണ്ഡലിനെ,മണ്ഡലിൻ
മണ്ഡലിന്,മണ്ഡലിൻ
മണ്ഡലിന്റെ,മണ്ഡലിൻ
മണ്ഡലിനും,മണ്ഡലിൻ
മണ്ഡൂകം,മണ്ഡൂകം
മണ്ണാൻ,മണ്ണാൻ
മണ്ണാന്,മണ്ണാൻ
മണ്ണാന്റെ,മണ്ണാൻ
മണ്ണാന്മാർ,മണ്ണാൻ
മണ്ണാനും,മണ്ണാൻ
മണ്ണെണ്ണ,മണ്ണെണ്ണ
മണ്ണ്,മണ്ണ്
മണ്ണിനെ,മണ്ണ്
മണ്ണിനോട്,മണ്ണ്
മണ്ണിന്,മണ്ണ്
മണ്ണിൻ,മണ്ണ്
മണ്ണിനാൽ,മണ്ണ്
മണ്ണിന്റെ,മണ്ണ്
മണ്ണിൽ,മണ്ണ്
മണ്ണും,മണ്ണ്
മണ്ണാം,മണ്ണ്
മണ്ണായ,മണ്ണ്
മണ്ണ്,മണ്ണ്
മണ്ണിനെ,മണ്ണ്
മണ്ണിനോട്,മണ്ണ്
മണ്ണിന്,മണ്ണ്
മണ്ണിൻ,മണ്ണ്
മണ്ണിനാൽ,മണ്ണ്
മണ്ണിന്റെ,മണ്ണ്
മണ്ണിൽ,മണ്ണ്
മണ്ണും,മണ്ണ്
മണ്ണാം,മണ്ണ്
മണ്ണായ,മണ്ണ്
മൺ,മൺ
മത,മത
മത,മത
മതം,മതം
മതങ്ങൾ,മതം
മതവും,മതം
മതഭ്രാന്തന്,മതഭ്രാന്തൻ
മതഭ്രാന്തന്റെ,മതഭ്രാന്തൻ
മതഭ്രാന്തനും,മതഭ്രാന്തൻ
മതമൗലികവാദം,മതമൗലികവാദം
മതമൗലികവാദവും,മതമൗലികവാദം
മതസ്ഥൻ,മതസ്ഥൻ
മതസ്ഥനെ,മതസ്ഥൻ
മതസ്ഥനും,മതസ്ഥൻ
മതാ,മതാ
മതാചാരം,മതാചാരം
മതാചാരങ്ങൾ,മതാചാരം
മതാനുയായി,മതാനുയായി
മതി,മതി
മതീ,മതി
മതി,മതി
മതീ,മതി
മതിക്കുന്ന,മതിക്കുക
മതിപ്പ്,മതിപ്പ്
മതിപ്പും,മതിപ്പ്
മതിഭ്രമം,മതിഭ്രമം
മതിയത്ത്,മതിയം
മതിയാ,മതിയൻ
മതിലകം,മതിലകം
മതിലകത്ത്,മതിലകം
മതിൽ,മതിൽ
മതില്,മതിൽ
മതീ,മതീ
മതേതര,മതേതര
മത്,മത്
മതിന്,മത്
മതിന്റെ,മത്
മതിൽ,മത്
മത്ത,മത്ത
മത്ത,മത്ത
മത്തത്ത്,മത്തം
മത്തഗജം,മത്തഗജം
മത്തങ്ങാ,മത്തങ്ങാ
മത്തൻ,മത്തൻ
മത്തന്,മത്തൻ
മത്തന്റെ,മത്തൻ
മത്തനുകൾ,മത്തൻ
മത്തനും,മത്തൻ
മത്താ,മത്തൻ
മത്തവിലാസം,മത്തവിലാസം
മത്തവിലാസവും,മത്തവിലാസം
മത്ത്,മത്ത്
മത്തിന്,മത്ത്
മത്തിൽ,മത്ത്
മത്തും,മത്ത്
മത്യം,മത്യം
മത്സര,മത്സര
മത്സരം,മത്സരം
മത്സരങ്ങൾ,മത്സരം
മത്സരവും,മത്സരം
മത്സരിക്കുക,മത്സരിക്കുക
മത്സരിച്ചു,മത്സരിക്കുക
മത്സരിക്കുന്നു,മത്സരിക്കുക
മത്സരിക്കുന്ന,മത്സരിക്കുക
മത്സ്യം,മത്സ്യം
മത്സ്യങ്ങൾ,മത്സ്യം
മത്സ്യവും,മത്സ്യം
മത്സ്യഗന്ധ,മത്സ്യഗന്ധ
മത്സ്യപുരാണം,മത്സ്യപുരാണം
മത്സ്യബന്ധനം,മത്സ്യബന്ധനം
മത്സ്യബന്ധനവും,മത്സ്യബന്ധനം
മത്സ്യാവതാരം,മത്സ്യാവതാരം
മഥനം,മഥനം
മഥിച്ചു,മഥിക്കുക
മഥിക്കുന്ന,മഥിക്കുക
മഥിച്ചു,മഥിക്കുക
മഥിക്കുന്ന,മഥിക്കുക
മഥുര,മഥുര
മദ,മദ
മദം,മദം
മദഗന്ധം,മദഗന്ധം
മദഗന്ധവും,മദഗന്ധം
മദന,മദന
മദന,മദന
മദനൻ,മദനൻ
മദനനെ,മദനൻ
മദനന്,മദനൻ
മദനന്റെ,മദനൻ
മദനനും,മദനൻ
മദനി,മദനി
മദയാന,മദയാന
മദാലസ,മദാലസ
മദി,മദി
മദിച്ചു,മദിക്കുക
മദിക്കുന്ന,മദിക്കുക
മദിര,മദിര
മദിരാക്ഷി,മദിരാക്ഷി
മദ്,മദ്
മദാം,മദ്
മദ്ദളം,മദ്ദളം
മദ്ദളവും,മദ്ദളം
മദ്യ,മദ്യ
മദ്യം,മദ്യം
മദ്യവും,മദ്യം
മദ്യകുംഭങ്ങൾ,മദ്യകുംഭം
മദ്യപ,മദ്യപ
മദ്യപൻ,മദ്യപൻ
മദ്യപനെ,മദ്യപൻ
മദ്യപന്,മദ്യപൻ
മദ്യപന്റെ,മദ്യപൻ
മദ്യപാനം,മദ്യപാനം
മദ്യപാനവും,മദ്യപാനം
മധു,മധു
മധു,മധു
മധുക,മധുക
മധുകൈടഭന്മാരെ,മധുകൈടഭന്മാർ
മധുര,മധുര
മധുര,മധുര
മധുരം,മധുരം
മധുരങ്ങൾ,മധുരം
മധുരവും,മധുരം
മധുരക്കിഴങ്ങ്,മധുരക്കിഴങ്ങ്
മധുരക്കിഴങ്ങിന്,മധുരക്കിഴങ്ങ്
മധുരക്കിഴങ്ങിന്റെ,മധുരക്കിഴങ്ങ്
മധുരക്കിഴങ്ങും,മധുരക്കിഴങ്ങ്
മധുരിച്ചു,മധുരിക്കുക
മധുരിക്കുന്ന,മധുരിക്കുക
മധുരിമ,മധുരിമ
മധുവിധു,മധുവിധു
മധുവൈരി,മധുവൈരി
മധുവൈരീ,മധുവൈരി
മധുസൂദനൻ,മധുസൂദനൻ
മധുസൂദനനെ,മധുസൂദനൻ
മധുസൂദനന്,മധുസൂദനൻ
മധുസൂദനന്റെ,മധുസൂദനൻ
മധുസൂദനനും,മധുസൂദനൻ
മധ്യ,മധ്യ
മധ്യ,മധ്യ
മധ്യം,മധ്യം
മധ്യവും,മധ്യം
മധ്യദേശവും,മധ്യദേശം
മധ്യദേശത്ത്,മധ്യദേശം
മധ്യധരണ്യാഴി,മധ്യധരണ്യാഴി
മധ്യധരണ്യാഴീ,മധ്യധരണ്യാഴി
മധ്യമ,മധ്യമ
മധ്യമ,മധ്യമ
മധ്യമം,മധ്യമം
മധ്യമാ,മധ്യമൻ
മധ്യമാ,മധ്യമാ
മധ്യരേഖ,മധ്യരേഖ
മധ്യവയസ്കൻ,മധ്യവയസ്കൻ
മധ്യവയസ്കനെ,മധ്യവയസ്കൻ
മധ്യവയസ്കനോട്,മധ്യവയസ്കൻ
മധ്യവയസ്കന്,മധ്യവയസ്കൻ
മധ്യവയസ്കന്റെ,മധ്യവയസ്കൻ
മധ്യവയസ്കനും,മധ്യവയസ്കൻ
മധ്യവർത്തി,മധ്യവർത്തി
മധ്യസ്ഥ,മധ്യസ്ഥ
മധ്യസ്ഥത,മധ്യസ്ഥത
മധ്യസ്ഥൻ,മധ്യസ്ഥൻ
മധ്യസ്ഥനെ,മധ്യസ്ഥൻ
മധ്യസ്ഥന്,മധ്യസ്ഥൻ
മധ്യസ്ഥന്റെ,മധ്യസ്ഥൻ
മധ്യേ,മധ്യേ
മധ്വനും,മധ്വൻ
മന,മന
മന,മന
മനം,മനം
മനവും,മനം
മനഃപാഠം,മനഃപാഠം
മനഃപൂർവം,മനഃപൂർവം
മനക്കരുത്ത്,മനക്കരുത്ത്
മനക്കരുത്തിനെ,മനക്കരുത്ത്
മനക്കരുത്തിന്,മനക്കരുത്ത്
മനക്കരുത്തിൽ,മനക്കരുത്ത്
മനക്കരുത്തും,മനക്കരുത്ത്
മനന,മനന
മനന,മനന
മനയ്ക്കൽ,മനയ്ക്കൽ
മനയ്ക്കല്,മനയ്ക്കൽ
മനശ്ശുദ്ധി,മനശ്ശുദ്ധി
മനസി,മനസി
മനസ്,മനസ്
മനസിനെ,മനസ്
മനസിന്,മനസ്
മനസിന്റെ,മനസ്
മനസിൽ,മനസ്
മനസുകൾ,മനസ്
മനസും,മനസ്
മനസ്താപം,മനസ്താപം
മനസ്താപവും,മനസ്താപം
മനസ്വിനി,മനസ്വിനി
മനസ്സാക്ഷി,മനസ്സാക്ഷി
മനസ്സാന്നിധ്യം,മനസ്സാന്നിധ്യം
മനസ്സാന്നിധ്യവും,മനസ്സാന്നിധ്യം
മനസ്സിലാക്കുക,മനസ്സിലാക്കുക
മനസ്സിലാക്കുന്നു,മനസ്സിലാക്കുക
മനസ്സിലാക്കുന്ന,മനസ്സിലാക്കുക
മനസ്സിലാക്കി,മനസ്സിലാക്കുക
മനസ്സുഖം,മനസ്സുഖം
മനസ്സ്,മനസ്സ്
മനസ്സിനെ,മനസ്സ്
മനസ്സിനോട്,മനസ്സ്
മനസ്സിന്,മനസ്സ്
മനസ്സിന്റെ,മനസ്സ്
മനസ്സിൽ,മനസ്സ്
മനസ്സുകൾ,മനസ്സ്
മനസ്സും,മനസ്സ്
മനസ്സ്,മനസ്സ്
മനസ്സിനെ,മനസ്സ്
മനസ്സിനോട്,മനസ്സ്
മനസ്സിന്,മനസ്സ്
മനസ്സിന്റെ,മനസ്സ്
മനസ്സിൽ,മനസ്സ്
മനസ്സുകൾ,മനസ്സ്
മനസ്സും,മനസ്സ്
മനാക്,മനാക്
മനിത,മനിത
മനിതൻ,മനിതൻ
മനീഷ,മനീഷ
മനീഷി,മനീഷി
മനു,മനു
മനുജന്,മനുജൻ
മനുഷി,മനുഷി
മനുഷ്യ,മനുഷ്യ
മനുഷ്യൻ,മനുഷ്യൻ
മനുഷ്യനെ,മനുഷ്യൻ
മനുഷ്യനോട്,മനുഷ്യൻ
മനുഷ്യന്,മനുഷ്യൻ
മനുഷ്യനാൽ,മനുഷ്യൻ
മനുഷ്യന്റെ,മനുഷ്യൻ
മനുഷ്യനിൽ,മനുഷ്യൻ
മനുഷ്യന്മാർ,മനുഷ്യൻ
മനുഷ്യനും,മനുഷ്യൻ
മനുഷ്യാ,മനുഷ്യൻ
മനുസ്മൃതി,മനുസ്മൃതി
മനോരമ,മനോരമ
മന്,മന്
മനാൽ,മന്
മനുക,മന്
മന്ത,മന്ത
മന്ത,മന്ത
മന്തി,മന്തി
മന്തി,മന്തി
മന്തു,മന്തു
മന്ത്,മന്ത്
മന്തും,മന്ത്
മന്ത്ര,മന്ത്ര
മന്ത്രം,മന്ത്രം
മന്ത്രങ്ങൾ,മന്ത്രം
മന്ത്രവും,മന്ത്രം
മന്ത്രജപം,മന്ത്രജപം
മന്ത്രജപവും,മന്ത്രജപം
മന്ത്രജ്ഞന്,മന്ത്രജ്ഞൻ
മന്ത്രണം,മന്ത്രണം
മന്ത്രതന്ത്രങ്ങൾ,മന്ത്രതന്ത്രങ്ങൾ
മന്ത്രതന്ത്രങ്ങളാൽ,മന്ത്രതന്ത്രങ്ങൾ
മന്ത്രതന്ത്രങ്ങളുടെ,മന്ത്രതന്ത്രങ്ങൾ
മന്ത്രതന്ത്രങ്ങളും,മന്ത്രതന്ത്രങ്ങൾ
മന്ത്രവാദ,മന്ത്രവാദ
മന്ത്രവാദി,മന്ത്രവാദി
മന്ത്രവിദ്യ,മന്ത്രവിദ്യ
മന്ത്രശാല,മന്ത്രശാല
മന്ത്രശാസ്ത്രം,മന്ത്രശാസ്ത്രം
മന്ത്രശാസ്ത്രവും,മന്ത്രശാസ്ത്രം
മന്ത്രാലയം,മന്ത്രാലയം
മന്ത്രാലയങ്ങൾ,മന്ത്രാലയം
മന്ത്രാലയവും,മന്ത്രാലയം
മന്ത്രി,മന്ത്രി
മന്ത്രീ,മന്ത്രി
മന്ത്രിച്ചു,മന്ത്രിക്കുക
മന്ത്രിക്കുന്നു,മന്ത്രിക്കുക
മന്ത്രിക്കുന്ന,മന്ത്രിക്കുക
മന്ത്രിസഭാ,മന്ത്രിസഭാ
മന്ഥന,മന്ഥന
മന്ഥന,മന്ഥന
മന്ഥര,മന്ഥര
മന്ദ,മന്ദ
മന്ദം,മന്ദം
മന്ദത്ത്,മന്ദം
മന്ദം,മന്ദം
മന്ദത്ത്,മന്ദം
മന്ദഗതി,മന്ദഗതി
മന്ദനം,മന്ദനം
മന്ദൻ,മന്ദൻ
മന്ദന്,മന്ദൻ
മന്ദമാരുതനെ,മന്ദമാരുതൻ
മന്ദമാരുതന്,മന്ദമാരുതൻ
മന്ദരം,മന്ദരം
മന്ദസ്മിതം,മന്ദസ്മിതം
മന്ദഹസിച്ചു,മന്ദഹസിക്കുക
മന്ദഹസിക്കുന്നു,മന്ദഹസിക്കുക
മന്ദാകിനി,മന്ദാകിനി
മന്ദാകിനീ,മന്ദാകിനി
മന്ദാക്രാന്ത,മന്ദാക്രാന്ത
മന്ദിര,മന്ദിര
മന്ദിരം,മന്ദിരം
മന്ദിരങ്ങൾ,മന്ദിരം
മന്ദിരവും,മന്ദിരം
മന്ദീഭവിച്ചു,മന്ദീഭവിക്കുക
മന്ദ്ര,മന്ദ്ര
മന്ദ്ര,മന്ദ്ര
മന്ന,മന്ന
മന്നൻ,മന്നൻ
മന്നനെ,മന്നൻ
മന്നന്,മന്നൻ
മന്നന്റെ,മന്നൻ
മന്നനും,മന്നൻ
മന്നൻ,മന്നൻ
മന്നനെ,മന്നൻ
മന്നന്,മന്നൻ
മന്നന്റെ,മന്നൻ
മന്നനും,മന്നൻ
മന്നല്,മന്നൽ
മന്നവൻ,മന്നവൻ
മന്നാടി,മന്നാടി
മന്നാടിയാർ,മന്നാടിയാർ
മന്നാടിയാരുടെ,മന്നാടിയാർ
മന്നിനെ,മന്ന്
മന്നോട്ട്,മന്ന്
മന്നിൽ,മന്ന്
മന്മഥൻ,മന്മഥൻ
മന്മഥനെ,മന്മഥൻ
മന്മഥനോട്,മന്മഥൻ
മന്മഥന്,മന്മഥൻ
മന്മഥന്റെ,മന്മഥൻ
മന്മഥനും,മന്മഥൻ
മന്യ,മന്യ
മന്വന്തരം,മന്വന്തരം
മന്വന്തരങ്ങൾ,മന്വന്തരം
മൻ,മൻ
മന്,മൻ
മനാൽ,മൻ
മാ,മൻ
മൻ,മൻ
മന്,മൻ
മനാൽ,മൻ
മാ,മൻ
മമ,മമ
മമ,മമ
മമതാ,മമതാ
മയ,മയ
മയ,മയ
മയം,മയം
മയവും,മയം
മയത്ത്,മയം
മയക്കം,മയക്കം
മയക്കവും,മയക്കം
മയക്കം,മയക്കം
മയക്കവും,മയക്കം
മയക്കുന്ന,മയക്കുക
മയക്കി,മയക്കുക
മയങ്ങുന്ന,മയങ്ങുക
മയൻ,മയൻ
മയന്,മയൻ
മയന്റെ,മയൻ
മയനും,മയൻ
മയാ,മയൻ
മയൻ,മയൻ
മയന്,മയൻ
മയന്റെ,മയൻ
മയനും,മയൻ
മയാ,മയൻ
മയാ,മയാ
മയി,മയി
മയീ,മയി
മയിലാഞ്ചി,മയിലാഞ്ചി
മയിലെണ്ണ,മയിലെണ്ണ
മയിലെള്ള്,മയിലെള്ള്
മയിൽ,മയിൽ
മയില്,മയിൽ
മയിൽപ്പീലി,മയിൽപ്പീലി
മയീ,മയീ
മയു,മയു
മയൂ,മയു
മയൂഖ,മയൂഖ
മയൂഖം,മയൂഖം
മയൂരം,മയൂരം
മയൂരവും,മയൂരം
മയൂരശിഖ,മയൂരശിഖ
മയൂരി,മയൂരി
മയ്യൽ,മയ്യൽ
മര,മര
മരം,മരം
മരങ്ങൾ,മരം
മരവും,മരം
മരം,മരം
മരങ്ങൾ,മരം
മരവും,മരം
മരക്കലം,മരക്കലം
മരക്കാൻ,മരക്കാൻ
മരക്കാൽ,മരക്കാൽ
മരക്കാല്,മരക്കാൽ
മരച്ചീനി,മരച്ചീനി
മരണ,മരണ
മരണം,മരണം
മരണങ്ങൾ,മരണം
മരണവും,മരണം
മരണപത്രം,മരണപത്രം
മരണപ്പാച്ചിൽ,മരണപ്പാച്ചിൽ
മരണപ്പാച്ചില്,മരണപ്പാച്ചിൽ
മരണശിക്ഷ,മരണശിക്ഷ
മരതകം,മരതകം
മരതകവും,മരതകം
മരത്തവള,മരത്തവള
മരപ്പട്ടി,മരപ്പട്ടി
മരപ്പണി,മരപ്പണി
മരപ്പ്,മരപ്പ്
മരപ്പും,മരപ്പ്
മരവിച്ചു,മരവിക്കുക
മരവിക്കുന്ന,മരവിക്കുക
മരവിപ്പിക്കുക,മരവിപ്പിക്കുക
മരവിപ്പിച്ചു,മരവിപ്പിക്കുക
മരവിപ്പിക്കുന്നു,മരവിപ്പിക്കുക
മരവിപ്പിക്കുന്ന,മരവിപ്പിക്കുക
മരാ,മരാ
മരി,മരി
മരിക,മരിക
മരിക്കുക,മരിക്കുക
മരിച്ചു,മരിക്കുക
മരിക്കുന്നു,മരിക്കുക
മരിക്കുന്ന,മരിക്കുക
മരിക്കുക,മരിക്കുക
മരിച്ചു,മരിക്കുക
മരിക്കുന്നു,മരിക്കുക
മരിക്കുന്ന,മരിക്കുക
മരീചി,മരീചി
മരീചി,മരീചി
മരീചിക,മരീചിക
മരു,മരു
മരുന്നു,മരുക്കുക
മരുതം,മരുതം
മരുതത്ത്,മരുതം
മരുതൻ,മരുതൻ
മരുതന്,മരുതൻ
മരുത്,മരുത്
മരുതോട്ട്,മരുത്
മരുതും,മരുത്
മരുത്തൻ,മരുത്തൻ
മരുത്തുക്കളും,മരുത്തുക്കൾ
മരുത്വാമല,മരുത്വാമല
മരുത്സഖാ,മരുത്സഖൻ
മരുന്ന്,മരുന്ന്
മരുന്നിനെ,മരുന്ന്
മരുന്നിനോട്,മരുന്ന്
മരുന്നിന്,മരുന്ന്
മരുന്നിനാൽ,മരുന്ന്
മരുന്നിന്റെ,മരുന്ന്
മരുന്നിൽ,മരുന്ന്
മരുന്നുകൾ,മരുന്ന്
മരുന്നും,മരുന്ന്
മരുന്നായ,മരുന്ന്
മര്യാദ,മര്യാദ
മര്യാദാ,മര്യാദാ
മർക്കടമുഷ്ടി,മർക്കടമുഷ്ടി
മർത്യ,മർത്യ
മർത്യ,മർത്യ
മർദ,മർദ
മർദം,മർദം
മർദവും,മർദം
മർദക,മർദക
മർദക,മർദക
മർദന,മർദന
മർദന,മർദന
മർദനം,മർദനം
മർദനങ്ങൾ,മർദനം
മർദനവും,മർദനം
മർദിച്ചു,മർദിക്കുക
മർദിക്കുന്നു,മർദിക്കുക
മർദിക്കുന്ന,മർദിക്കുക
മർദിത,മർദിത
മർമം,മർമം
മർമരം,മർമരം
മറ,മറ
മറ,മറ
മറക്കൽ,മറക്കൽ
മറക്കുക,മറക്കുക
മറച്ചു,മറക്കുക
മറക്കുന്നു,മറക്കുക
മറക്കുന്ന,മറക്കുക
മറന്നു,മറക്കുക
മറക്കുട,മറക്കുട
മറപ്പുര,മറപ്പുര
മറയത്ത്,മറയത്ത്
മറയത്തിന്റെ,മറയത്ത്
മറയത്തിൽ,മറയത്ത്
മറയുക,മറയുക
മറഞ്ഞു,മറയുക
മറയുന്നു,മറയുക
മറയുന്ന,മറയുക
മറയ്ക്കുക,മറയ്ക്കുക
മറയ്ച്ചു,മറയ്ക്കുക
മറയ്ക്കുന്നു,മറയ്ക്കുക
മറയ്ക്കുന്ന,മറയ്ക്കുക
മറവൻ,മറവൻ
മറവന്,മറവൻ
മറവന്മാർ,മറവൻ
മറവർ,മറവർ
മറവരുടെ,മറവർ
മറവി,മറവി
മറവ്,മറവ്
മറവിന്,മറവ്
മറവിൽ,മറവ്
മറവുകൾ,മറവ്
മറാ,മറാ
മറി,മറി
മറീ,മറി
മറിച്ചു,മറിക്കുക
മറിക്കുന്നു,മറിക്കുക
മറിക്കുന്ന,മറിക്കുക
മറിയം,മറിയം
മറിയവും,മറിയം
മറിയൻ,മറിയൻ
മറിയാ,മറിയൻ
മറിയുക,മറിയുക
മറിഞ്ഞു,മറിയുക
മറിയുന്നു,മറിയുക
മറിയുന്ന,മറിയുക
മറിയുക,മറിയുക
മറിഞ്ഞു,മറിയുക
മറിയുന്നു,മറിയുക
മറിയുന്ന,മറിയുക
മറു,മറു
മറുകര,മറുകര
മറുകാല്,മറുകാൽ
മറുകൈ,മറുകൈ
മറുക്,മറുക്
മറുകിനെ,മറുക്
മറുകുകൾ,മറുക്
മറുകും,മറുക്
മറുന്നു,മറുക്കുക
മറുജന്മം,മറുജന്മം
മറുത,മറുത
മറുതല,മറുതല
മറുതാ,മറുതാ
മറുപക്ഷം,മറുപക്ഷം
മറുപക്ഷവും,മറുപക്ഷം
മറുപക്ഷത്ത്,മറുപക്ഷം
മറുപടി,മറുപടി
മറുപാട്ടം,മറുപാട്ടം
മറുപിള്ള,മറുപിള്ള
മറുപുറം,മറുപുറം
മറുപുറത്ത്,മറുപുറം
മറുഭാഗം,മറുഭാഗം
മറുഭാഗവും,മറുഭാഗം
മറുഭാഗത്ത്,മറുഭാഗം
മറുഭാഷ,മറുഭാഷ
മറുമരുന്ന്,മറുമരുന്ന്
മറ്റം,മറ്റം
മറ്റങ്ങൾ,മറ്റം
മറ്റത്ത്,മറ്റം
മറ്റത്,മറ്റത്
മറ്റതും,മറ്റത്
മറ്റന്നാൾ,മറ്റന്നാൾ
മറ്റവനെ,മറ്റവൻ
മറ്റും,മറ്റും
മറ്റും,മറ്റും
മറ്റൊരു,മറ്റൊരു
മറ്റേ,മറ്റേ
മറ്റേത്,മറ്റേത്
മറ്റേതിനെ,മറ്റേത്
മറ്റേതിന്,മറ്റേത്
മറ്റേതിന്റെ,മറ്റേത്
മറ്റേതിൽ,മറ്റേത്
മറ്റേതും,മറ്റേത്
മറ്റ്,മറ്റ്
മറ്റും,മറ്റ്
മറ്റേ,മറ്റ്
മല,മല
മലം,മലം
മലവും,മലം
മലം,മലം
മലവും,മലം
മലദ്വാരം,മലദ്വാരം
മലനാട്,മലനാട്
മലനാടിന്,മലനാട്
മലനാടിന്റെ,മലനാട്
മലനാടും,മലനാട്
മലപ്പുറം,മലപ്പുറം
മലപ്പുറവും,മലപ്പുറം
മലപ്പുറത്ത്,മലപ്പുറം
മലബന്ധം,മലബന്ധം
മലമുഴക്കി,മലമുഴക്കി
മലമ്പനി,മലമ്പനി
മലമ്പാത,മലമ്പാത
മലമ്പാമ്പ്,മലമ്പാമ്പ്
മലമ്പാമ്പിനെ,മലമ്പാമ്പ്
മലമ്പാമ്പിന്റെ,മലമ്പാമ്പ്
മലമ്പാമ്പുകൾ,മലമ്പാമ്പ്
മലമ്പാമ്പും,മലമ്പാമ്പ്
മലയം,മലയം
മലയത്ത്,മലയം
മലയൻ,മലയൻ
മലയന്,മലയൻ
മലയനും,മലയൻ
മലയാ,മലയൻ
മലയർ,മലയർ
മലയരുടെ,മലയർ
മലയാളം,മലയാളം
മലയാളവും,മലയാളം
മലയാളൻ,മലയാളൻ
മലയാളാ,മലയാളൻ
മലയാളി,മലയാളി
മലയാളീ,മലയാളി
മലർന്നു,മലരുക
മലര്ന്നു,മലരുക
മലര്,മലര്
മലരിനെ,മലര്
മലരിൻ,മലര്
മലരിന്റെ,മലര്
മലരും,മലര്
മലരായ,മലര്
മലര്,മലര്
മലരിനെ,മലര്
മലരിൻ,മലര്
മലരിന്റെ,മലര്
മലരും,മലര്
മലരായ,മലര്
മലർ,മലർ
മലരിനെ,മലർ
മലരും,മലർ
മലരേ,മലർ
മലർ,മലർ
മലരിനെ,മലർ
മലരും,മലർ
മലരേ,മലർ
മലർന്നു,മലർക്കുക
മലർത്തി,മലർത്തുക
മലർവാടി,മലർവാടി
മലവെള്ളം,മലവെള്ളം
മലവെള്ളവും,മലവെള്ളം
മലഹരി,മലഹരി
മലാക,മലാക
മലായ്,മലായ്
മലായിന്റെ,മലായ്
മലായിൽ,മലായ്
മലിന,മലിന
മലിന,മലിന
മലിനം,മലിനം
മലിനവും,മലിനം
മലിനത,മലിനത
മലിനീകരണം,മലിനീകരണം
മലിനീകരണങ്ങൾ,മലിനീകരണം
മലിനീകരണവും,മലിനീകരണം
മലീമസവും,മലീമസം
മല്ല,മല്ല
മല്ലം,മല്ലം
മല്ലത്ത്,മല്ലം
മല്ലൻ,മല്ലൻ
മല്ലന്,മല്ലൻ
മല്ലന്റെ,മല്ലൻ
മല്ലനും,മല്ലൻ
മല്ലയുദ്ധം,മല്ലയുദ്ധം
മല്ലി,മല്ലി
മല്ലീ,മല്ലി
മല്ലിക,മല്ലിക
മല്ലികാ,മല്ലികാ
മല്ലിടുന്ന,മല്ലിടുക
മല്ലീ,മല്ലീ
മല്ലു,മല്ലു
മല്ലൂ,മല്ലു
മല്ല്,മല്ല്
മഴ,മഴ
മഴ,മഴ
മഴമംഗലം,മഴമംഗലം
മഴവില്ല്,മഴവില്ല്
മഴവില്ലിനെ,മഴവില്ല്
മഴവില്ലിനെ,മഴവില്ല്
മഴവില്ലിന്,മഴവില്ല്
മഴവില്ലിന്,മഴവില്ല്
മഴവില്ലിന്റെ,മഴവില്ല്
മഴവില്ലിന്റെ,മഴവില്ല്
മഴവില്ലുകൾ,മഴവില്ല്
മഴവില്ലുകൾ,മഴവില്ല്
മഴവില്ലും,മഴവില്ല്
മഴവില്ലും,മഴവില്ല്
മഴു,മഴു
മഷി,മഷി
മസൂരി,മസൂരി
മസ്ജിന്റെ,മസ്ജ്
മസ്തകം,മസ്തകം
മസ്തകവും,മസ്തകം
മസ്തിഷ്ക,മസ്തിഷ്ക
മസ്തിഷ്കം,മസ്തിഷ്കം
മസ്തിഷ്കങ്ങൾ,മസ്തിഷ്കം
മസ്തിഷ്കവും,മസ്തിഷ്കം
മസ്തു,മസ്തു
മസ്തു,മസ്തു
മഹ,മഹ
മഹത്ത്,മഹം
മഹതി,മഹതി
മഹത്തത്ത്വം,മഹത്തത്ത്വം
മഹത്തര,മഹത്തര
മഹത്ത്,മഹത്ത്
മഹത്തും,മഹത്ത്
മഹത്തായ,മഹത്ത്
മഹനീയ,മഹനീയ
മഹമ്മദീയൻ,മഹമ്മദീയൻ
മഹമ്മദീയന്റെ,മഹമ്മദീയൻ
മഹർ,മഹർ
മഹർഷി,മഹർഷി
മഹസ്സ്,മഹസ്സ്
മഹസ്സിനെ,മഹസ്സ്
മഹാ,മഹാ
മഹാ,മഹാ
മഹാകവി,മഹാകവി
മഹാകായം,മഹാകായം
മഹാകാല,മഹാകാല
മഹാകാലം,മഹാകാലം
മഹാകാലത്ത്,മഹാകാലം
മഹാകാലന്റെ,മഹാകാലൻ
മഹാകാളി,മഹാകാളി
മഹാകാളീ,മഹാകാളി
മഹാകാവ്യം,മഹാകാവ്യം
മഹാകാവ്യങ്ങൾ,മഹാകാവ്യം
മഹാകാവ്യവും,മഹാകാവ്യം
മഹാഗുരു,മഹാഗുരു
മഹാതലം,മഹാതലം
മഹാതിക്തകം,മഹാതിക്തകം
മഹാതേജസ്സ്,മഹാതേജസ്സ്
മഹാത്മജി,മഹാത്മജി
മഹാദേവൻ,മഹാദേവൻ
മഹാദേവനെ,മഹാദേവൻ
മഹാദേവനോട്,മഹാദേവൻ
മഹാദേവന്,മഹാദേവൻ
മഹാദേവന്റെ,മഹാദേവൻ
മഹാദേവനും,മഹാദേവൻ
മഹാദേവാ,മഹാദേവൻ
മഹാദേവി,മഹാദേവി
മഹാദേവീ,മഹാദേവി
മഹാധനം,മഹാധനം
മഹാധനങ്ങൾ,മഹാധനം
മഹാധനുസ്സിനെ,മഹാധനുസ്സ്
മഹാനടൻ,മഹാനടൻ
മഹാനടനെ,മഹാനടൻ
മഹാനടനോട്,മഹാനടൻ
മഹാനടന്,മഹാനടൻ
മഹാനടന്റെ,മഹാനടൻ
മഹാനവമി,മഹാനവമി
മഹാനാദം,മഹാനാദം
മഹാനുഭാവൻ,മഹാനുഭാവൻ
മഹാനുഭാവന്,മഹാനുഭാവൻ
മഹാനുഭാവന്റെ,മഹാനുഭാവൻ
മഹാനുഭാവനും,മഹാനുഭാവൻ
മഹാൻ,മഹാൻ
മഹാനെ,മഹാൻ
മഹാന്,മഹാൻ
മഹാന്റെ,മഹാൻ
മഹാന്മാർ,മഹാൻ
മഹാനും,മഹാൻ
മഹാപദ്മം,മഹാപദ്മം
മഹാപുരാണം,മഹാപുരാണം
മഹാപുരാണങ്ങൾ,മഹാപുരാണം
മഹാപുരുഷൻ,മഹാപുരുഷൻ
മഹാപുരുഷനെ,മഹാപുരുഷൻ
മഹാപുരുഷന്,മഹാപുരുഷൻ
മഹാപുരുഷന്റെ,മഹാപുരുഷൻ
മഹാപ്രഭു,മഹാപ്രഭു
മഹാപ്രളയം,മഹാപ്രളയം
മഹാപ്രളയവും,മഹാപ്രളയം
മഹാപ്രസ്ഥാനം,മഹാപ്രസ്ഥാനം
മഹാബലം,മഹാബലം
മഹാബലനും,മഹാബലൻ
മഹാബലി,മഹാബലി
മഹാഭാഗവതം,മഹാഭാഗവതം
മഹാഭാരതം,മഹാഭാരതം
മഹാഭാരതങ്ങൾ,മഹാഭാരതം
മഹാഭാരതവും,മഹാഭാരതം
മഹാമണ്ഡപം,മഹാമണ്ഡപം
മഹാമനസ്കത,മഹാമനസ്കത
മഹാമനസ്കൻ,മഹാമനസ്കൻ
മഹാമായ,മഹാമായ
മഹാമായാ,മഹാമായൻ
മഹാമാരി,മഹാമാരി
മഹാമുനി,മഹാമുനി
മഹാമേരു,മഹാമേരു
മഹായജ്ഞം,മഹായജ്ഞം
മഹായജ്ഞവും,മഹായജ്ഞം
മഹായാത്ര,മഹായാത്ര
മഹായാനം,മഹായാനം
മഹായുഗം,മഹായുഗം
മഹായുഗങ്ങൾ,മഹായുഗം
മഹാരഥൻ,മഹാരഥൻ
മഹാരഥനെ,മഹാരഥൻ
മഹാരഥന്,മഹാരഥൻ
മഹാരഥന്മാർ,മഹാരഥൻ
മഹാരാജൻ,മഹാരാജൻ
മഹാരാജനെ,മഹാരാജൻ
മഹാരാജന്,മഹാരാജൻ
മഹാരാജാ,മഹാരാജൻ
മഹാരാജ്ഞി,മഹാരാജ്ഞി
മഹാലക്ഷ്മി,മഹാലക്ഷ്മി
മഹാലക്ഷ്മീ,മഹാലക്ഷ്മി
മഹാവാക്യം,മഹാവാക്യം
മഹാവിഷ്ണു,മഹാവിഷ്ണു
മഹാവീരൻ,മഹാവീരൻ
മഹാവീരനെ,മഹാവീരൻ
മഹാവീരന്റെ,മഹാവീരൻ
മഹാവീരനിൽ,മഹാവീരൻ
മഹാവീരനും,മഹാവീരൻ
മഹാശക്തി,മഹാശക്തി
മഹാശയ,മഹാശയ
മഹാശയനെ,മഹാശയൻ
മഹാശയനും,മഹാശയൻ
മഹാശ്വേത,മഹാശ്വേത
മഹാസിദ്ധന്,മഹാസിദ്ധൻ
മഹാസേനൻ,മഹാസേനൻ
മഹാസേനന്,മഹാസേനൻ
മഹാസേനന്റെ,മഹാസേനൻ
മഹാസേനനും,മഹാസേനൻ
മഹി,മഹി
മഹിത,മഹിത
മഹിതം,മഹിതം
മഹിതവും,മഹിതം
മഹിള,മഹിള
മഹിഷനെ,മഹിഷൻ
മഹിഷന്,മഹിഷൻ
മഹിഷന്റെ,മഹിഷൻ
മഹിഷനും,മഹിഷൻ
മഹിഷമർദിനി,മഹിഷമർദിനി
മഹിഷി,മഹിഷി
മഹീധരൻ,മഹീധരൻ
മഹേന്ദ്രജാലം,മഹേന്ദ്രജാലം
മഹേന്ദ്രൻ,മഹേന്ദ്രൻ
മഹേന്ദ്രനെ,മഹേന്ദ്രൻ
മഹേന്ദ്രന്,മഹേന്ദ്രൻ
മഹേന്ദ്രന്റെ,മഹേന്ദ്രൻ
മഹേന്ദ്രനിൽ,മഹേന്ദ്രൻ
മഹേന്ദ്രനും,മഹേന്ദ്രൻ
മഹേശൻ,മഹേശൻ
മഹേശന്,മഹേശൻ
മഹേശ്വര,മഹേശ്വര
മഹേശ്വരൻ,മഹേശ്വരൻ
മഹേശ്വരനെ,മഹേശ്വരൻ
മഹേശ്വരന്,മഹേശ്വരൻ
മഹേശ്വരന്റെ,മഹേശ്വരൻ
മഹേശ്വരനും,മഹേശ്വരൻ
മഹേശ്വരാ,മഹേശ്വരൻ
മഹേശ്വരി,മഹേശ്വരി
മഹോത്സവം,മഹോത്സവം
മാ,മാ
മാ,മാ
മാംഗല്യം,മാംഗല്യം
മാംസ,മാംസ
മാംസം,മാംസം
മാംസങ്ങൾ,മാംസം
മാംസവും,മാംസം
മാംസപിണ്ഡം,മാംസപിണ്ഡം
മാംസപേശി,മാംസപേശി
മാംസള,മാംസള
മാംസളവും,മാംസളം
മാംസീ,മാംസീ
മാക്കം,മാക്കം
മാക്കാൻ,മാക്കാൻ
മാഗധം,മാഗധം
മാഗധി,മാഗധി
മാഘ,മാഘ
മാഘനും,മാഘൻ
മാഘാ,മാഘൻ
മാഘമാസം,മാഘമാസം
മാഘി,മാഘി
മാങ്കായിൽ,മാങ്കായ്
മാങ്ങ,മാങ്ങ
മാങ്ങ,മാങ്ങ
മാച്ചാൻ,മാച്ചാൻ
മാച്ചിൽ,മാച്ചിൽ
മാച്ചില്,മാച്ചിൽ
മാച്ചിൽ,മാച്ചിൽ
മാച്ചില്,മാച്ചിൽ
മാച്ച്,മാച്ച്
മാച്ചിനെ,മാച്ച്
മാച്ചിന്,മാച്ച്
മാച്ചിന്റെ,മാച്ച്
മാച്ചിൽ,മാച്ച്
മാച്ചുകൾ,മാച്ച്
മാച്ചും,മാച്ച്
മാച്ചായ,മാച്ച്
മാട,മാട
മാട,മാട
മാടം,മാടം
മാടത്ത്,മാടം
മാടം,മാടം
മാടത്ത്,മാടം
മാടക്കട,മാടക്കട
മാടത്ത,മാടത്ത
മാടൻ,മാടൻ
മാടന്,മാടൻ
മാടൻ,മാടൻ
മാടന്,മാടൻ
മാടപ്രാവ്,മാടപ്രാവ്
മാടപ്രാവിന്റെ,മാടപ്രാവ്
മാടപ്രാവുകൾ,മാടപ്രാവ്
മാടമ്പി,മാടമ്പി
മാടമ്പ്,മാടമ്പ്
മാടമ്പിനെ,മാടമ്പ്
മാടമ്പിന്,മാടമ്പ്
മാടമ്പ്,മാടമ്പ്
മാടമ്പിനെ,മാടമ്പ്
മാടമ്പിന്,മാടമ്പ്
മാടായി,മാടായി
മാടി,മാടി
മാട്,മാട്
മാടിനെ,മാട്
മാടുകൾ,മാട്
മാടായ,മാട്
മാട്ടാന്,മാട്ടാൻ
മാട്ടുപ്പൊങ്കൽ,മാട്ടുപ്പൊങ്കൽ
മാട്ടിൻ,മാട്ട്
മാട്ടായ,മാട്ട്
മാഡം,മാഡം
മാഡവും,മാഡം
മാണം,മാണം
മാണം,മാണം
മാണി,മാണി
മാണീ,മാണി
മാണിക്കം,മാണിക്കം
മാണിക്കത്ത്,മാണിക്കം
മാണിക്കവാചകർ,മാണിക്കവാചകർ
മാണിക്യ,മാണിക്യ
മാണിക്യം,മാണിക്യം
മാണിക്യങ്ങൾ,മാണിക്യം
മാണിക്യവും,മാണിക്യം
മാണിക്യത്ത്,മാണിക്യം
മാണ്ട,മാണ്ട
മാണ്ഡവി,മാണ്ഡവി
മാണ്ഡവ്യൻ,മാണ്ഡവ്യൻ
മാതംഗ,മാതംഗ
മാതംഗലീല,മാതംഗലീല
മാതംഗി,മാതംഗി
മാതർ,മാതർ
മാതളം,മാതളം
മാതളവും,മാതളം
മാതാ,മാതാ
മാതാപിതാക്കന്മാർ,മാതാപിതാക്കന്മാർ
മാതാപിതാക്കന്മാരെ,മാതാപിതാക്കന്മാർ
മാതാപിതാക്കന്മാരുടെ,മാതാപിതാക്കന്മാർ
മാതാപിതാക്കൾ,മാതാപിതാക്കൾ
മാതാപിതാക്കളെ,മാതാപിതാക്കൾ
മാതാപിതാക്കളോട്,മാതാപിതാക്കൾ
മാതാപിതാക്കളുടെ,മാതാപിതാക്കൾ
മാതാപിതാക്കളിൽ,മാതാപിതാക്കൾ
മാതാപിതാക്കളും,മാതാപിതാക്കൾ
മാതാപിതാക്കളേ,മാതാപിതാക്കൾ
മാതാമഹന്റെ,മാതാമഹൻ
മാതി,മാതി
മാതി,മാതി
മാതിരി,മാതിരി
മാതിരി,മാതിരി
മാതൃ,മാതൃ
മാതൃ,മാതൃ
മാതൃക,മാതൃക
മാതൃക,മാതൃക
മാതൃപാരമ്പര്യവും,മാതൃപാരമ്പര്യം
മാതൃഭാഷ,മാതൃഭാഷ
മാതൃഭൂമി,മാതൃഭൂമി
മാതൃഭൂമീ,മാതൃഭൂമി
മാതൃഹത്യ,മാതൃഹത്യ
മാതേവനും,മാതേവൻ
മാത്,മാത്
മാത്,മാത്
മാത്ര,മാത്ര
മാത്ര,മാത്ര
മാത്രം,മാത്രം
മാത്രങ്ങൾ,മാത്രം
മാത്രവും,മാത്രം
മാത്രം,മാത്രം
മാത്രങ്ങൾ,മാത്രം
മാത്രവും,മാത്രം
മാത്രാ,മാത്രാ
മാത്സര്യം,മാത്സര്യം
മാത്സര്യവും,മാത്സര്യം
മാത്സ്യം,മാത്സ്യം
മാദം,മാദം
മാദക,മാദക
മാദക,മാദക
മാദനം,മാദനം
മാധവൻ,മാധവൻ
മാധവനെ,മാധവൻ
മാധവനോട്,മാധവൻ
മാധവന്,മാധവൻ
മാധവന്റെ,മാധവൻ
മാധവനും,മാധവൻ
മാധവാ,മാധവൻ
മാധവീയ,മാധവീയ
മാധവീലത,മാധവീലത
മാധുരി,മാധുരി
മാധുര്യം,മാധുര്യം
മാധുര്യവും,മാധുര്യം
മാധ്യമ,മാധ്യമ
മാധ്വ,മാധ്വ
മാധ്വി,മാധ്വി
മാന,മാന
മാനം,മാനം
മാനങ്ങൾ,മാനം
മാനവും,മാനം
മാനത്ത്,മാനം
മാനം,മാനം
മാനങ്ങൾ,മാനം
മാനവും,മാനം
മാനത്ത്,മാനം
മാനക്കേട്,മാനക്കേട്
മാനക്കേടും,മാനക്കേട്
മാനദണ്ഡം,മാനദണ്ഡം
മാനദണ്ഡങ്ങൾ,മാനദണ്ഡം
മാനദണ്ഡവും,മാനദണ്ഡം
മാനനഷ്ടം,മാനനഷ്ടം
മാനനഷ്ടവും,മാനനഷ്ടം
മാനനീയ,മാനനീയ
മാനഭംഗം,മാനഭംഗം
മാനഭംഗപ്പെടുത്തി,മാനഭംഗപ്പെടുത്തുക
മാനഭംഗപ്പെടുത്തുന്ന,മാനഭംഗപ്പെടുത്തുക
മാനവ,മാനവ
മാനവ,മാനവ
മാനവനെ,മാനവൻ
മാനവന്,മാനവൻ
മാനവി,മാനവി
മാനവിക്രമൻ,മാനവിക്രമൻ
മാനവിക്രമന്റെ,മാനവിക്രമൻ
മാനവേദൻ,മാനവേദൻ
മാനവേദന്,മാനവേദൻ
മാനവേദനാൽ,മാനവേദൻ
മാനവേന്ദ്രന്,മാനവേന്ദ്രൻ
മാനസ,മാനസ
മാനസ,മാനസ
മാനസം,മാനസം
മാനസാ,മാനസൻ
മാനസപൂജ,മാനസപൂജ
മാനസസരസ്സ്,മാനസസരസ്സ്
മാനസസരസ്സിൽ,മാനസസരസ്സ്
മാനസാന്തരം,മാനസാന്തരം
മാനസാന്തരവും,മാനസാന്തരം
മാനസിക,മാനസിക
മാനഹാനി,മാനഹാനി
മാനി,മാനി
മാനീ,മാനി
മാനി,മാനി
മാനീ,മാനി
മാനിക്കുക,മാനിക്കുക
മാനിച്ചു,മാനിക്കുക
മാനിക്കുന്നു,മാനിക്കുക
മാനിക്കുന്ന,മാനിക്കുക
മാനിനി,മാനിനി
മാനിനെ,മാനിൻ
മാനിന്,മാനിൻ
മാനിന്റെ,മാനിൻ
മാനുഷ,മാനുഷ
മാനുഷം,മാനുഷം
മാനുഷി,മാനുഷി
മാനുഷീ,മാനുഷി
മാനുഷിക,മാനുഷിക
മാന്,മാന്
മാനിനെ,മാന്
മാനിന്,മാന്
മാനിന്റെ,മാന്
മാനിൽ,മാന്
മാനുകൾ,മാന്
മാനും,മാന്
മാന്തൽ,മാന്തൽ
മാന്തി,മാന്തി
മാന്തുക,മാന്തുക
മാന്തുന്ന,മാന്തുക
മാന്തോപ്പിൽ,മാന്തോപ്പ്
മാന്തുക,മാന്ത്
മാന്ത്രികൻ,മാന്ത്രികൻ
മാന്ത്രികനെ,മാന്ത്രികൻ
മാന്ത്രികന്,മാന്ത്രികൻ
മാന്ത്രികന്റെ,മാന്ത്രികൻ
മാന്ത്രികനും,മാന്ത്രികൻ
മാന്ദി,മാന്ദി
മാന്ദ്യ,മാന്ദ്യ
മാന്ദ്യം,മാന്ദ്യം
മാന്ദ്യവും,മാന്ദ്യം
മാന്നി,മാന്നി
മാന്യ,മാന്യ
മാന്യ,മാന്യ
മാന്യം,മാന്യം
മാന്യവും,മാന്യം
മാൻ,മാൻ
മാനെ,മാൻ
മാന്,മാൻ
മാന്റെ,മാൻ
മാനിൽ,മാൻ
മാന്മാർ,മാൻ
മാനുകൾ,മാൻ
മാനും,മാൻ
മാനേ,മാൻ
മാൻ,മാൻ
മാനെ,മാൻ
മാന്,മാൻ
മാന്റെ,മാൻ
മാനിൽ,മാൻ
മാന്മാർ,മാൻ
മാനുകൾ,മാൻ
മാനും,മാൻ
മാനേ,മാൻ
മാൻപേട,മാൻപേട
മാപന,മാപന
മാപനം,മാപനം
മാപ്പിള,മാപ്പിള
മാപ്പിളപ്പാട്ട്,മാപ്പിളപ്പാട്ട്
മാപ്പിളപ്പാട്ടിനെ,മാപ്പിളപ്പാട്ട്
മാപ്പിളപ്പാട്ടിന്റെ,മാപ്പിളപ്പാട്ട്
മാപ്പിളപ്പാട്ടിൽ,മാപ്പിളപ്പാട്ട്
മാപ്പിളപ്പാട്ടുകൾ,മാപ്പിളപ്പാട്ട്
മാപ്പിളപ്പാട്ടും,മാപ്പിളപ്പാട്ട്
മാമക,മാമക
മാമൻ,മാമൻ
മാമനെ,മാമൻ
മാമന്,മാമൻ
മാമനാൽ,മാമൻ
മാമന്റെ,മാമൻ
മാമനും,മാമൻ
മാമാ,മാമൻ
മാമരം,മാമരം
മാമരത്ത്,മാമരം
മാമല,മാമല
മാമാങ്കം,മാമാങ്കം
മാമാങ്കവും,മാമാങ്കം
മാമി,മാമി
മാമുനി,മാമുനി
മായ,മായ
മായ,മായ
മായം,മായം
മായവും,മായം
മായൻ,മായൻ
മായന്,മായൻ
മായനും,മായൻ
മായാ,മായൻ
മായാ,മായാ
മായാതീത,മായാതീത
മായാദേവി,മായാദേവി
മായാപുരി,മായാപുരി
മായാപ്രപഞ്ചം,മായാപ്രപഞ്ചം
മായാവതി,മായാവതി
മായാവി,മായാവി
മായി,മായി
മായിക,മായിക
മായിക,മായിക
മായിൻ,മായിൻ
മായിന്,മായിൻ
മാഞ്ഞു,മായുക
മായുന്നു,മായുക
മായുന്ന,മായുക
മായ്ക്കുക,മായ്ക്കുക
മായ്ച്ചു,മായ്ക്കുക
മായ്ക്കുന്ന,മായ്ക്കുക
മാര,മാര
മാര,മാര
മാരത്ത്,മാരം
മാരക,മാരക
മാരക,മാരക
മാരകം,മാരകം
മാരകവും,മാരകം
മാരകായുധം,മാരകായുധം
മാരകായുധങ്ങൾ,മാരകായുധം
മാരണം,മാരണം
മാരണകർമം,മാരണകർമം
മാരൻ,മാരൻ
മാരനോട്,മാരൻ
മാരന്,മാരൻ
മാരന്റെ,മാരൻ
മാരനും,മാരൻ
മാരാ,മാരൻ
മാരാ,മാരാ
മാരായത്ത്,മാരായം
മാരാരി,മാരാരി
മാരി,മാരി
മാരീ,മാരി
മാരി,മാരി
മാരീ,മാരി
മാരിയമ്മ,മാരിയമ്മ
മാരീ,മാരീ
മാരീച,മാരീച
മാരീചൻ,മാരീചൻ
മാരീചനെ,മാരീചൻ
മാരീചന്,മാരീചൻ
മാരീചന്റെ,മാരീചൻ
മാരീചനും,മാരീചൻ
മാരീചാ,മാരീചൻ
മാരുതി,മാരുതി
മാരുതീ,മാരുതി
മാരുതി,മാരുതി
മാരുതീ,മാരുതി
മാർ,മാർ
മാരെ,മാർ
മാരിനെ,മാർ
മാരിനോട്,മാർ
മാരിന്,മാർ
മാരുടെ,മാർ
മാരിൽ,മാർ
മാരും,മാർ
മാറ്,മാർ
മാരേ,മാർ
മാർ,മാർ
മാരെ,മാർ
മാരിനെ,മാർ
മാരിനോട്,മാർ
മാരിന്,മാർ
മാരുടെ,മാർ
മാരിൽ,മാർ
മാരും,മാർ
മാറ്,മാർ
മാരേ,മാർ
മാർകഴി,മാർകഴി
മാർക്കം,മാർക്കം
മാർക്കണ്ഡേയം,മാർക്കണ്ഡേയം
മാർക്കണ്ഡേയൻ,മാർക്കണ്ഡേയൻ
മാർക്കണ്ഡേയനെ,മാർക്കണ്ഡേയൻ
മാർക്കണ്ഡേയനും,മാർക്കണ്ഡേയൻ
മാർഗ,മാർഗ
മാർഗം,മാർഗം
മാർഗങ്ങൾ,മാർഗം
മാർഗവും,മാർഗം
മാർഗം,മാർഗം
മാർഗങ്ങൾ,മാർഗം
മാർഗവും,മാർഗം
മാർഗദർശകൻ,മാർഗദർശകൻ
മാർഗി,മാർഗി
മാർജാരൻ,മാർജാരൻ
മാർത്താണ്ഡം,മാർത്താണ്ഡം
മാർത്താണ്ഡത്ത്,മാർത്താണ്ഡം
മാർത്തോമ്മാ,മാർത്തോമ്മാ
മാർദവവും,മാർദവം
മാർപ്പാപ്പാ,മാർപ്പാപ്പാ
മാർവിൻ,മാർവ്
മാർവിന്റെ,മാർവ്
മാറാട്ടം,മാറാട്ടം
മാറാട്ടം,മാറാട്ടം
മാറാൻ,മാറാൻ
മാറാന്,മാറാൻ
മാറാനും,മാറാൻ
മാറാപ്പ്,മാറാപ്പ്
മാറാപ്പുകൾ,മാറാപ്പ്
മാറാല,മാറാല
മാറിടം,മാറിടം
മാറിടങ്ങൾ,മാറിടം
മാറിടവും,മാറിടം
മാറുക,മാറുക
മാറി,മാറുക
മാറുന്നു,മാറുക
മാറുന്ന,മാറുക
മാറുക,മാറുക
മാറി,മാറുക
മാറുന്നു,മാറുക
മാറുന്ന,മാറുക
മാറ്,മാറ്
മാറിനെ,മാറ്
മാറിനെ,മാറ്
മാറിനാൽ,മാറ്
മാറിനാൽ,മാറ്
മാറിന്റെ,മാറ്
മാറിന്റെ,മാറ്
മാറിൽ,മാറ്
മാറിൽ,മാറ്
മാറും,മാറ്
മാറാം,മാറ്
മാറുക,മാറ്
മാറ്,മാറ്
മാറിനെ,മാറ്
മാറിനെ,മാറ്
മാറിനാൽ,മാറ്
മാറിനാൽ,മാറ്
മാറിന്റെ,മാറ്
മാറിന്റെ,മാറ്
മാറിൽ,മാറ്
മാറിൽ,മാറ്
മാറും,മാറ്
മാറാം,മാറ്
മാറുക,മാറ്
മാറ്റം,മാറ്റം
മാറ്റങ്ങൾ,മാറ്റം
മാറ്റവും,മാറ്റം
മാറ്റൽ,മാറ്റൽ
മാറ്റല്,മാറ്റൽ
മാറ്റാറ്,മാറ്റാർ
മാറ്റി,മാറ്റി
മാറ്റുക,മാറ്റുക
മാറ്റി,മാറ്റുക
മാറ്റുന്നു,മാറ്റുക
മാറ്റുന്ന,മാറ്റുക
മാറ്റുക,മാറ്റുക
മാറ്റി,മാറ്റുക
മാറ്റുന്നു,മാറ്റുക
മാറ്റുന്ന,മാറ്റുക
മാറ്റ്,മാറ്റ്
മാറ്റിനെ,മാറ്റ്
മാറ്റിനെ,മാറ്റ്
മാറ്റിന്,മാറ്റ്
മാറ്റിന്,മാറ്റ്
മാറ്റിൽ,മാറ്റ്
മാറ്റിൽ,മാറ്റ്
മാറ്റുകൾ,മാറ്റ്
മാറ്റുകൾ,മാറ്റ്
മാറ്റുകൾ,മാറ്റ്
മാറ്റും,മാറ്റ്
മാറ്റാം,മാറ്റ്
മാറ്റുക,മാറ്റ്
മാല,മാല
മാല,മാല
മാലം,മാലം
മാലതി,മാലതി
മാലതീ,മാലതി
മാലതീമാധവം,മാലതീമാധവം
മാലന്,മാലൻ
മാലാ,മാലൻ
മാലയ,മാലയ
മാലാ,മാലാ
മാലി,മാലി
മാലി,മാലി
മാലിക,മാലിക
മാലിനി,മാലിനി
മാലിനീ,മാലിനി
മാലിനീ,മാലിനീ
മാലിന്യം,മാലിന്യം
മാലിന്യങ്ങൾ,മാലിന്യം
മാലിന്യവും,മാലിന്യം
മാലിൻ,മാലിൻ
മാലിന്,മാലിൻ
മാലിന്റെ,മാലിൻ
മാലിനിൽ,മാലിൻ
മാലിനും,മാലിൻ
മാലൈ,മാലൈ
മാൽ,മാൽ
മാല്,മാൽ
മാളം,മാളം
മാളങ്ങൾ,മാളം
മാളവി,മാളവി
മാളവിക,മാളവിക
മാളവികാഗ്നിമിത്രം,മാളവികാഗ്നിമിത്രം
മാളവ്യം,മാളവ്യം
മാളവ്യവും,മാളവ്യം
മാളിക,മാളിക
മാവി,മാവി
മാവേലി,മാവേലി
മാവ്,മാവ്
മാവിനെ,മാവ്
മാവിന്,മാവ്
മാവിൻ,മാവ്
മാവിന്റെ,മാവ്
മാവിൽ,മാവ്
മാവുകൾ,മാവ്
മാവും,മാവ്
മാവാം,മാവ്
മാവായ,മാവ്
മാവ്,മാവ്
മാവിനെ,മാവ്
മാവിന്,മാവ്
മാവിൻ,മാവ്
മാവിന്റെ,മാവ്
മാവിൽ,മാവ്
മാവുകൾ,മാവ്
മാവും,മാവ്
മാവാം,മാവ്
മാവായ,മാവ്
മാശി,മാശി
മാഷം,മാഷം
മാസ,മാസ
മാസം,മാസം
മാസങ്ങൾ,മാസം
മാസവും,മാസം
മാസം,മാസം
മാസങ്ങൾ,മാസം
മാസവും,മാസം
മാസപ്പടി,മാസപ്പടി
മാസവിശേഷം,മാസവിശേഷം
മാസി,മാസി
മാസിക,മാസിക
മാസിക,മാസിക
മാഹാത്മ്യം,മാഹാത്മ്യം
മാഹാത്മ്യങ്ങൾ,മാഹാത്മ്യം
മാഹാത്മ്യവും,മാഹാത്മ്യം
മാഹിഷ്മതി,മാഹിഷ്മതി
മാഹേന്ദ്ര,മാഹേന്ദ്ര
മാഹേശ്വരീ,മാഹേശ്വരി
മിക,മിക
മികച്ച,മികച്ച
മികവ്,മികവ്
മികവിനെ,മികവ്
മികവിന്,മികവ്
മികവിന്റെ,മികവ്
മികവിൽ,മികവ്
മികവുകൾ,മികവ്
മികവും,മികവ്
മിക്ക,മിക്ക
മിക്കതും,മിക്കതും
മിക്കവാറും,മിക്കവാറും
മിച്ചം,മിച്ചം
മിച്ചവും,മിച്ചം
മിടിച്ചു,മിടിക്കുക
മിടിക്കുന്നു,മിടിക്കുക
മിടിക്കുന്ന,മിടിക്കുക
മിടുക്കൻ,മിടുക്കൻ
മിടുക്കനെ,മിടുക്കൻ
മിടുക്കന്,മിടുക്കൻ
മിടുക്കന്റെ,മിടുക്കൻ
മിടുക്കന്മാർ,മിടുക്കൻ
മിടുക്കനും,മിടുക്കൻ
മിടുക്കാ,മിടുക്കൻ
മിടുക്കി,മിടുക്കുക
മിടുക്ക്,മിടുക്ക്
മിടുക്കും,മിടുക്ക്
മിടുമിടുക്കന്,മിടുമിടുക്കൻ
മിണ്ടാട്ടം,മിണ്ടാട്ടം
മിണ്ടാതെ,മിണ്ടാതെ
മിണ്ടാപ്പൂച്ച,മിണ്ടാപ്പൂച്ച
മിണ്ടുക,മിണ്ടുക
മിത,മിത
മിത,മിത
മിതവും,മിതം
മിതവാക്കായ,മിതവാക്ക്
മിതവ്യയം,മിതവ്യയം
മിതി,മിതി
മിതി,മിതി
മിത്ര,മിത്ര
മിത്ര,മിത്ര
മിത്രം,മിത്രം
മിത്രവും,മിത്രം
മിത്രം,മിത്രം
മിത്രവും,മിത്രം
മിത്രൻ,മിത്രൻ
മിത്രനെ,മിത്രൻ
മിത്രന്,മിത്രൻ
മിത്രാ,മിത്രൻ
മിഥില,മിഥില
മിഥു,മിഥു
മിഥുനം,മിഥുനം
മിഥുനങ്ങൾ,മിഥുനം
മിഥുനവും,മിഥുനം
മിഥ്യ,മിഥ്യ
മിഥ്യാഭൂതം,മിഥ്യാഭൂതം
മിന,മിന
മിനക്കെട്ട,മിനക്കെട്ട
മിനിഞ്ഞാന്ന്,മിനിഞ്ഞാന്ന്
മിനുക്കി,മിനുക്കി
മിനുക്കുക,മിനുക്കുക
മിനുക്കുന്നു,മിനുക്കുക
മിനുക്കുന്ന,മിനുക്കുക
മിനുക്കി,മിനുക്കുക
മിനുക്കുക,മിനുക്കുക
മിനുക്കുന്നു,മിനുക്കുക
മിനുക്കുന്ന,മിനുക്കുക
മിനുക്കി,മിനുക്കുക
മിനുങ്ങുന്ന,മിനുങ്ങുക
മിനുങ്ങുന്ന,മിനുങ്ങുക
മിനുസം,മിനുസം
മിനുസവും,മിനുസം
മിന്ന,മിന്ന
മിന്നൽ,മിന്നൽ
മിന്നല്,മിന്നൽ
മിന്നൽപ്പിണർ,മിന്നൽപ്പിണർ
മിന്നൽപ്പിണരുകൾ,മിന്നൽപ്പിണർ
മിന്നാമിനുങ്ങ്,മിന്നാമിനുങ്ങ്
മിന്നാമിനുങ്ങിന്റെ,മിന്നാമിനുങ്ങ്
മിന്നാമിനുങ്ങുകൾ,മിന്നാമിനുങ്ങ്
മിന്നാരം,മിന്നാരം
മിന്നി,മിന്നി
മിന്നീ,മിന്നി
മിന്നുക,മിന്നുക
മിന്നുന്ന,മിന്നുക
മിന്നുക,മിന്നുക
മിന്നുന്ന,മിന്നുക
മിന്ന്,മിന്ന്
മിന്നിനെ,മിന്ന്
മിന്നോട്ട്,മിന്ന്
മിന്നിൻ,മിന്ന്
മിന്നിന്റെ,മിന്ന്
മിന്നും,മിന്ന്
മിന്നുക,മിന്ന്
മിന്ന്,മിന്ന്
മിന്നിനെ,മിന്ന്
മിന്നോട്ട്,മിന്ന്
മിന്നിൻ,മിന്ന്
മിന്നിന്റെ,മിന്ന്
മിന്നും,മിന്ന്
മിന്നുക,മിന്ന്
മിൻ,മിൻ
മിനെ,മിൻ
മിന്,മിൻ
മിന്റെ,മിൻ
മിലന,മിലന
മില്,മില്
മിലും,മില്
മിലും,മില്
മിലേക്ക്,മില്
മിലേക്ക്,മില്
മിഴാവ്,മിഴാവ്
മിഴാവിന്റെ,മിഴാവ്
മിഴാവിൽ,മിഴാവ്
മിഴാവുകൾ,മിഴാവ്
മിഴാവും,മിഴാവ്
മിഴി,മിഴി
മിഴി,മിഴി
മിഴിച്ചു,മിഴിക്കുക
മിഴിവ്,മിഴിവ്
മിഴിവുകൾ,മിഴിവ്
മിഴിവും,മിഴിവ്
മിശ്ര,മിശ്ര
മിശ്ര,മിശ്ര
മിശ്രണ,മിശ്രണ
മിശ്രണം,മിശ്രണം
മിശ്രണവും,മിശ്രണം
മിശ്രിത,മിശ്രിത
മിശ്രിത,മിശ്രിത
മിഷ,മിഷ
മിഷ്,മിഷ്
മീ,മീ
മീ,മീ
മീട്ടുക,മീട്ടുക
മീണ്ടും,മീണ്ട്
മീതെ,മീതെ
മീത്,മീത്
മീതേക്ക്,മീത്
മീത്തൽ,മീത്തൽ
മീത്തല്,മീത്തൽ
മീത്ത്,മീത്ത്
മീനം,മീനം
മീനത്ത്,മീനം
മീനങ്ങാടി,മീനങ്ങാടി
മീനാക്ഷി,മീനാക്ഷി
മീനാക്ഷീ,മീനാക്ഷി
മീനാർ,മീനാർ
മീനെണ്ണ,മീനെണ്ണ
മീൻ,മീൻ
മീനെ,മീൻ
മീന്,മീൻ
മീനിൽ,മീൻ
മീനുകൾ,മീൻ
മീനും,മീൻ
മീനേ,മീൻ
മീമാംസ,മീമാംസ
മീമാംസ,മീമാംസ
മീമാംസാ,മീമാംസാ
മീല്,മീല്
മീലെ,മീല്
മീവൽ,മീവൽ
മീശ,മീശ
മീശ,മീശ
മു,മു
മൂ,മു
മുകൾ,മുകൾ
മുകളിൽ,മുകൾ
മുകളും,മുകൾ
മുകിലൻ,മുകിലൻ
മുകിലനെ,മുകിലൻ
മുകിലന്റെ,മുകിലൻ
മുകിലനും,മുകിലൻ
മുകില്,മുകിൽ
മുകില്,മുകിൽ
മുകുന്ദം,മുകുന്ദം
മുകുന്ദൻ,മുകുന്ദൻ
മുകുന്ദനെ,മുകുന്ദൻ
മുകുന്ദന്,മുകുന്ദൻ
മുകുന്ദന്റെ,മുകുന്ദൻ
മുകുന്ദനും,മുകുന്ദൻ
മുകുന്ദാ,മുകുന്ദൻ
മുകുളം,മുകുളം
മുകുളങ്ങൾ,മുകുളം
മുകുളവും,മുകുളം
മുകുളനം,മുകുളനം
മുക്കണ്ണൻ,മുക്കണ്ണൻ
മുക്കണ്ണി,മുക്കണ്ണി
മുക്കല്,മുക്കൽ
മുക്കവല,മുക്കവല
മുക്കാട്,മുക്കാട്
മുക്കാട്ട്,മുക്കാട്
മുക്കാലി,മുക്കാലി
മുക്കാലും,മുക്കാലും
മുക്കാൽ,മുക്കാൽ
മുക്കാല്,മുക്കാൽ
മുക്കാൽവട്ടം,മുക്കാൽവട്ടം
മുക്കുക,മുക്കുക
മുച്ചു,മുക്കുക
മുക്കുന്നു,മുക്കുക
മുക്കുന്ന,മുക്കുക
മുക്കി,മുക്കുക
മുന്നു,മുക്കുക
മുക്കുടം,മുക്കുടം
മുക്കുടി,മുക്കുടി
മുക്കുടിയൻ,മുക്കുടിയൻ
മുക്കുറ്റി,മുക്കുറ്റി
മുക്കുറ്റീ,മുക്കുറ്റി
മുക്കുവൻ,മുക്കുവൻ
മുക്കുവന്,മുക്കുവൻ
മുക്കുവന്റെ,മുക്കുവൻ
മുക്കുവനും,മുക്കുവൻ
മുക്ക്,മുക്ക്
മുക്കിനെ,മുക്ക്
മുക്കിന്,മുക്ക്
മുക്കാൽ,മുക്ക്
മുക്കിൽ,മുക്ക്
മുക്കും,മുക്ക്
മുക്കുക,മുക്ക്
മുക്ത,മുക്ത
മുക്ത,മുക്ത
മുക്തം,മുക്തം
മുക്തവും,മുക്തം
മുക്തകം,മുക്തകം
മുക്തകണ്ഠ,മുക്തകണ്ഠ
മുക്തന്,മുക്തൻ
മുക്താ,മുക്തൻ
മുക്താ,മുക്താ
മുക്തി,മുക്തി
മുക്തി,മുക്തി
മുക്തിപദം,മുക്തിപദം
മുക്ത്യാർ,മുക്ത്യാർ
മുഖ,മുഖ
മുഖ,മുഖ
മുഖം,മുഖം
മുഖങ്ങൾ,മുഖം
മുഖവും,മുഖം
മുഖത്ത്,മുഖം
മുഖം,മുഖം
മുഖങ്ങൾ,മുഖം
മുഖവും,മുഖം
മുഖത്ത്,മുഖം
മുഖംമൂടി,മുഖംമൂടി
മുഖക്കുരു,മുഖക്കുരു
മുഖച്ഛായ,മുഖച്ഛായ
മുഖൻ,മുഖൻ
മുഖനേ,മുഖൻ
മുഖപടം,മുഖപടം
മുഖപടവും,മുഖപടം
മുഖപത്രം,മുഖപത്രം
മുഖപത്രവും,മുഖപത്രം
മുഖപ്പ്,മുഖപ്പ്
മുഖപ്പിന്,മുഖപ്പ്
മുഖപ്പും,മുഖപ്പ്
മുഖപ്പായ,മുഖപ്പ്
മുഖപ്രസംഗം,മുഖപ്രസംഗം
മുഖപ്രസംഗങ്ങൾ,മുഖപ്രസംഗം
മുഖപ്രസംഗവും,മുഖപ്രസംഗം
മുഖപ്രസാദം,മുഖപ്രസാദം
മുഖമണ്ഡപം,മുഖമണ്ഡപം
മുഖമണ്ഡപവും,മുഖമണ്ഡപം
മുഖരിത,മുഖരിത
മുഖവുര,മുഖവുര
മുഖശ്രീ,മുഖശ്രീ
മുഖസ്തുതി,മുഖസ്തുതി
മുഖാന്തരം,മുഖാന്തരം
മുഖാന്തരവും,മുഖാന്തരം
മുഖാമുഖം,മുഖാമുഖം
മുഖാമുഖങ്ങൾ,മുഖാമുഖം
മുഖാമുഖവും,മുഖാമുഖം
മുഖാരി,മുഖാരി
മുഖാവരണം,മുഖാവരണം
മുഖാവരണവും,മുഖാവരണം
മുഖേന,മുഖേന
മുഖ്,മുഖ്
മുഖ്യ,മുഖ്യ
മുഖ്യ,മുഖ്യ
മുഖ്യം,മുഖ്യം
മുഖ്യവും,മുഖ്യം
മുഖ്യൻ,മുഖ്യൻ
മുഖ്യനെ,മുഖ്യൻ
മുഖ്യന്,മുഖ്യൻ
മുഖ്യന്റെ,മുഖ്യൻ
മുഖ്യനും,മുഖ്യൻ
മുഖ്യാ,മുഖ്യൻ
മുഖ്യമന്ത്രി,മുഖ്യമന്ത്രി
മുഖ്യമന്ത്രീ,മുഖ്യമന്ത്രി
മുഗ്ദ്ധ,മുഗ്ദ്ധ
മുഗ്ധ,മുഗ്ധ
മുഗ്ധ,മുഗ്ധ
മുങ്ങൽ,മുങ്ങൽ
മുങ്ങല്,മുങ്ങൽ
മുങ്ങിക്കപ്പൽ,മുങ്ങിക്കപ്പൽ
മുങ്ങിക്കപ്പല്,മുങ്ങിക്കപ്പൽ
മുങ്ങുക,മുങ്ങുക
മുങ്ങുന്നു,മുങ്ങുക
മുങ്ങുന്ന,മുങ്ങുക
മുചുകുന്ദനോട്,മുചുകുന്ദൻ
മുചുകുന്ദന്,മുചുകുന്ദൻ
മുചുകുന്ദന്റെ,മുചുകുന്ദൻ
മുച്ചാൺ,മുച്ചാൺ
മുച്ചീ,മുച്ചി
മുച്ചിറി,മുച്ചിറി
മുച്ചുണ്ടും,മുച്ചുണ്ട്
മുച്ചൂടും,മുച്ചൂടും
മുഞ്ഞ,മുഞ്ഞ
മുടക്കം,മുടക്കം
മുടക്കവും,മുടക്കം
മുടക്കുക,മുടക്കുക
മുടക്കുന്നു,മുടക്കുക
മുടക്കുന്ന,മുടക്കുക
മുടക്കി,മുടക്കുക
മുടക്കുമുതൽ,മുടക്കുമുതൽ
മുടക്കുമുതല്,മുടക്കുമുതൽ
മുടങ്ങുക,മുടങ്ങുക
മുടങ്ങുന്നു,മുടങ്ങുക
മുടങ്ങുന്ന,മുടങ്ങുക
മുടങ്ങും,മുടങ്ങ്
മുടങ്ങാം,മുടങ്ങ്
മുടങ്ങുക,മുടങ്ങ്
മുടി,മുടി
മുടി,മുടി
മുടിച്ചു,മുടിക്കുക
മുടിക്കുന്ന,മുടിക്കുക
മുടിപ്പിൻ,മുടിപ്പ്
മുടിയന്,മുടിയൻ
മുടിയിഴ,മുടിയിഴ
മുടിഞ്ഞു,മുടിയുക
മുടിയുന്ന,മുടിയുക
മുടിയേറ്റ്,മുടിയേറ്റ്
മുടിയേറ്റിന്റെ,മുടിയേറ്റ്
മുടിയേറ്റിന്റെ,മുടിയേറ്റ്
മുടിയേറ്റും,മുടിയേറ്റ്
മുടുമ്പിൽ,മുടുമ്പ്
മുട്ട,മുട്ട
മുട്ട,മുട്ട
മുട്ടം,മുട്ടം
മുട്ടവും,മുട്ടം
മുട്ടത്ത്,മുട്ടം
മുട്ടൻ,മുട്ടൻ
മുട്ടന്,മുട്ടൻ
മുട്ടാ,മുട്ടൻ
മുട്ടൻ,മുട്ടൻ
മുട്ടന്,മുട്ടൻ
മുട്ടാ,മുട്ടൻ
മുട്ടൽ,മുട്ടൽ
മുട്ടല്,മുട്ടൽ
മുട്ടാറിന്,മുട്ടാറ്
മുട്ടാറിന്,മുട്ടാറ്
മുട്ടാറിൽ,മുട്ടാറ്
മുട്ടാറിൽ,മുട്ടാറ്
മുട്ടി,മുട്ടി
മുട്ടി,മുട്ടി
മുട്ടിക്കുക,മുട്ടിക്കുക
മുട്ടിച്ചു,മുട്ടിക്കുക
മുട്ടിക്കുന്നു,മുട്ടിക്കുക
മുട്ടിക്കുന്ന,മുട്ടിക്കുക
മുട്ടുന്നു,മുട്ടുക
മുട്ടുന്ന,മുട്ടുക
മുട്ടുന്നു,മുട്ടുക
മുട്ടുന്ന,മുട്ടുക
മുട്ടെ,മുട്ടെ
മുട്ട്,മുട്ട്
മുട്ടിനെ,മുട്ട്
മുട്ടിന്,മുട്ട്
മുട്ടിന്റെ,മുട്ട്
മുട്ടിൽ,മുട്ട്
മുട്ടുകൾ,മുട്ട്
മുട്ടും,മുട്ട്
മുട്ട്,മുട്ട്
മുട്ടിനെ,മുട്ട്
മുട്ടിന്,മുട്ട്
മുട്ടിന്റെ,മുട്ട്
മുട്ടിൽ,മുട്ട്
മുട്ടുകൾ,മുട്ട്
മുട്ടും,മുട്ട്
മുണ്ട,മുണ്ട
മുണ്ടത്ത്,മുണ്ടം
മുണ്ടകം,മുണ്ടകം
മുണ്ടകൻ,മുണ്ടകൻ
മുണ്ടകന്,മുണ്ടകൻ
മുണ്ടകനും,മുണ്ടകൻ
മുണ്ടകൻ,മുണ്ടകൻ
മുണ്ടകന്,മുണ്ടകൻ
മുണ്ടകനും,മുണ്ടകൻ
മുണ്ടൻ,മുണ്ടൻ
മുണ്ടന്,മുണ്ടൻ
മുണ്ടാ,മുണ്ടൻ
മുണ്ടൻ,മുണ്ടൻ
മുണ്ടന്,മുണ്ടൻ
മുണ്ടാ,മുണ്ടൻ
മുണ്ടപ്പള്ളി,മുണ്ടപ്പള്ളി
മുണ്ടാണി,മുണ്ടാണി
മുണ്ടി,മുണ്ടി
മുണ്ടി,മുണ്ടി
മുണ്ടിനീര്,മുണ്ടിനീര്
മുണ്ട്,മുണ്ട്
മുണ്ടിനോട്,മുണ്ട്
മുണ്ടോട്ട്,മുണ്ട്
മുണ്ടിന്റെ,മുണ്ട്
മുണ്ടിൽ,മുണ്ട്
മുണ്ടുകൾ,മുണ്ട്
മുണ്ടും,മുണ്ട്
മുണ്ടേക്ക്,മുണ്ട്
മുണ്ടായ,മുണ്ട്
മുണ്ട്,മുണ്ട്
മുണ്ടിനോട്,മുണ്ട്
മുണ്ടോട്ട്,മുണ്ട്
മുണ്ടിന്റെ,മുണ്ട്
മുണ്ടിൽ,മുണ്ട്
മുണ്ടുകൾ,മുണ്ട്
മുണ്ടും,മുണ്ട്
മുണ്ടേക്ക്,മുണ്ട്
മുണ്ടായ,മുണ്ട്
മുണ്ഡ,മുണ്ഡ
മുണ്ഡവും,മുണ്ഡം
മുണ്ഡകം,മുണ്ഡകം
മുണ്ഡനം,മുണ്ഡനം
മുണ്ഡൻ,മുണ്ഡൻ
മുണ്ഡനും,മുണ്ഡൻ
മുണ്ഡിത,മുണ്ഡിത
മുത,മുത
മുതല,മുതല
മുതലായ,മുതലായ
മുതലാളി,മുതലാളി
മുതലാളീ,മുതലാളി
മുതലിയാർ,മുതലിയാർ
മുതലിയാരുടെ,മുതലിയാർ
മുതലിയാരും,മുതലിയാർ
മുതലെടുപ്പ്,മുതലെടുപ്പ്
മുതലെടുപ്പിന്,മുതലെടുപ്പ്
മുതലെടുപ്പിന്റെ,മുതലെടുപ്പ്
മുതലെടുപ്പും,മുതലെടുപ്പ്
മുതൽ,മുതൽ
മുതല്,മുതൽ
മുതൽ,മുതൽ
മുതല്,മുതൽ
മുതൽക്കൂട്ട്,മുതൽക്കൂട്ട്
മുതൽക്കൂട്ടായ,മുതൽക്കൂട്ട്
മുതൽക്ക്,മുതൽക്ക്
മുതൽക്കും,മുതൽക്ക്
മുതൽപേർ,മുതൽപേർ
മുതിര,മുതിര
മുതിരുക,മുതിരുക
മുതിർന്നു,മുതിരുക
മുതിര്ന്നു,മുതിരുക
മുതിരുന്നു,മുതിരുക
മുതിരുന്ന,മുതിരുക
മുതിർന്നു,മുതിർക്കുക
മുതിർന്ന,മുതിർന്ന
മുതു,മുതു
മുതുക്,മുതുക്
മുതുകിനെ,മുതുക്
മുതുകിന്,മുതുക്
മുതുകിന്റെ,മുതുക്
മുതുകിൽ,മുതുക്
മുതുകും,മുതുക്
മുതുക്കന്,മുതുക്കൻ
മുതുമുത്തച്ഛൻ,മുതുമുത്തച്ഛൻ
മുതുമുത്തച്ഛനെ,മുതുമുത്തച്ഛൻ
മുതുമുത്തച്ഛന്,മുതുമുത്തച്ഛൻ
മുതുവാ,മുതുവൻ
മുതുവാൻ,മുതുവാൻ
മുതുവാന്,മുതുവാൻ
മുത്തം,മുത്തം
മുത്തവും,മുത്തം
മുത്തങ്ങ,മുത്തങ്ങ
മുത്തങ്ങാ,മുത്തങ്ങാ
മുത്തച്ഛൻ,മുത്തച്ഛൻ
മുത്തച്ഛനെ,മുത്തച്ഛൻ
മുത്തച്ഛനോട്,മുത്തച്ഛൻ
മുത്തച്ഛന്,മുത്തച്ഛൻ
മുത്തച്ഛന്റെ,മുത്തച്ഛൻ
മുത്തച്ഛനിൽ,മുത്തച്ഛൻ
മുത്തച്ഛന്മാർ,മുത്തച്ഛൻ
മുത്തച്ഛനും,മുത്തച്ഛൻ
മുത്തൻ,മുത്തൻ
മുത്തനെ,മുത്തൻ
മുത്തന്റെ,മുത്തൻ
മുത്തപ്പൻ,മുത്തപ്പൻ
മുത്തപ്പനെ,മുത്തപ്പൻ
മുത്തപ്പന്,മുത്തപ്പൻ
മുത്തപ്പന്റെ,മുത്തപ്പൻ
മുത്തപ്പനും,മുത്തപ്പൻ
മുത്തപ്പാ,മുത്തപ്പൻ
മുത്തയ്യൻ,മുത്തയ്യൻ
മുത്തയ്യാ,മുത്തയ്യൻ
മുത്തശ്ശൻ,മുത്തശ്ശൻ
മുത്തശ്ശനെ,മുത്തശ്ശൻ
മുത്തശ്ശന്,മുത്തശ്ശൻ
മുത്തശ്ശന്റെ,മുത്തശ്ശൻ
മുത്തശ്ശന്മാർ,മുത്തശ്ശൻ
മുത്തശ്ശനും,മുത്തശ്ശൻ
മുത്താരം,മുത്താരം
മുത്തി,മുത്തി
മുത്തി,മുത്തുക
മുത്തുക്കുട,മുത്തുക്കുട
മുത്തുച്ചിപ്പി,മുത്തുച്ചിപ്പി
മുത്തുമാല,മുത്തുമാല
മുത്ത്,മുത്ത്
മുത്തിനെ,മുത്ത്
മുത്തിന്റെ,മുത്ത്
മുത്തുകൾ,മുത്ത്
മുത്തും,മുത്ത്
മുദി,മുദി
മുദിത,മുദിത
മുദിത,മുദിത
മുദ്ര,മുദ്ര
മുദ്ര,മുദ്ര
മുദ്രണം,മുദ്രണം
മുദ്രണാലയം,മുദ്രണാലയം
മുദ്രയരക്ക്,മുദ്രയരക്ക്
മുദ്രാ,മുദ്രാ
മുദ്രാലയം,മുദ്രാലയം
മുദ്രാവാക്യം,മുദ്രാവാക്യം
മുദ്രാവാക്യങ്ങൾ,മുദ്രാവാക്യം
മുദ്രാവാക്യവും,മുദ്രാവാക്യം
മുന,മുന
മുന,മുന
മുനമ്പ്,മുനമ്പ്
മുനമ്പിനെ,മുനമ്പ്
മുനമ്പിന്,മുനമ്പ്
മുനമ്പിനാൽ,മുനമ്പ്
മുനമ്പിന്റെ,മുനമ്പ്
മുനമ്പിൽ,മുനമ്പ്
മുനമ്പും,മുനമ്പ്
മുനമ്പായ,മുനമ്പ്
മുനി,മുനി
മുനി,മുനി
മുനിയറ,മുനിയറ
മുനീശ്വരൻ,മുനീശ്വരൻ
മുനീശ്വരനോട്,മുനീശ്വരൻ
മുനീശ്വരന്,മുനീശ്വരൻ
മുന്തി,മുന്തി
മുന്തിയ,മുന്തിയ
മുന്തിരി,മുന്തിരി
മുന്തിരിങ്ങാ,മുന്തിരിങ്ങാ
മുന്തൂക്കം,മുന്തൂക്കം
മുന്തൂക്കവും,മുന്തൂക്കം
മുന്നം,മുന്നം
മുന്നം,മുന്നം
മുന്നണി,മുന്നണി
മുന്നറിയിപ്പ്,മുന്നറിയിപ്പ്
മുന്നറിയിപ്പിനെ,മുന്നറിയിപ്പ്
മുന്നറിയിപ്പിന്,മുന്നറിയിപ്പ്
മുന്നറിയിപ്പിന്റെ,മുന്നറിയിപ്പ്
മുന്നറിയിപ്പിൽ,മുന്നറിയിപ്പ്
മുന്നറിയിപ്പുകൾ,മുന്നറിയിപ്പ്
മുന്നറിയിപ്പും,മുന്നറിയിപ്പ്
മുന്നറിയിപ്പായ,മുന്നറിയിപ്പ്
മുന്നറിവ്,മുന്നറിവ്
മുന്നല്,മുന്നൽ
മുന്നി,മുന്നി
മുന്നീ,മുന്നി
മുന്നില,മുന്നില
മുന്നിൽ,മുന്നിൽ
മുന്നില്,മുന്നിൽ
മുന്നൂറ്,മുന്നൂറ്
മുന്നൂറിന്,മുന്നൂറ്
മുന്നൂറിന്,മുന്നൂറ്
മുന്നൂറിൽ,മുന്നൂറ്
മുന്നൂറിൽ,മുന്നൂറ്
മുന്നൂറും,മുന്നൂറ്
മുന്നൂറാം,മുന്നൂറ്
മുന്നേ,മുന്നേ
മുന്നേറ്റം,മുന്നേറ്റം
മുന്നേറ്റങ്ങൾ,മുന്നേറ്റം
മുന്നേറ്റവും,മുന്നേറ്റം
മുൻ,മുൻ
മുന്,മുൻ
മുനേ,മുൻ
മുൻകൈ,മുൻകൈ
മുൻഗാമി,മുൻഗാമി
മുൻഭാഗം,മുൻഭാഗം
മുൻഭാഗവും,മുൻഭാഗം
മുൻഭാഗത്ത്,മുൻഭാഗം
മുൻവിധി,മുൻവിധി
മുൻവിനയെച്ചം,മുൻവിനയെച്ചം
മുപ്പത്,മുപ്പത്
മുപ്പതിന്,മുപ്പത്
മുപ്പതിന്റെ,മുപ്പത്
മുപ്പതിൽ,മുപ്പത്
മുപ്പതും,മുപ്പത്
മുപ്പതാം,മുപ്പത്
മുപ്പതായ,മുപ്പത്
മുമ്പൻ,മുമ്പൻ
മുമ്പന്,മുമ്പൻ
മുമ്പൻ,മുമ്പൻ
മുമ്പന്,മുമ്പൻ
മുമ്പാകെ,മുമ്പാകെ
മുമ്പായി,മുമ്പായി
മുമ്പിലത്തെ,മുമ്പിലത്തെ
മുമ്പിൽ,മുമ്പിൽ
മുമ്പില്,മുമ്പിൽ
മുമ്പേ,മുമ്പേ
മുമ്പ്,മുമ്പ്
മുമ്പോട്ട്,മുമ്പ്
മുമ്പിൽ,മുമ്പ്
മുമ്പും,മുമ്പ്
മുമ്മുടി,മുമ്മുടി
മുമ്മുല,മുമ്മുല
മുമ്മൂന്ന്,മുമ്മൂന്ന്
മുയൽ,മുയൽ
മുയല്,മുയൽ
മുരത്ത്,മുരം
മുരടന്,മുരടൻ
മുരടിച്ചു,മുരടിക്കുക
മുരടിക്കുന്നു,മുരടിക്കുക
മുരട്,മുരട്
മുരട്ട്,മുരട്
മുരൻ,മുരൻ
മുരനെ,മുരൻ
മുരന്,മുരൻ
മുരളി,മുരളി
മുരളീ,മുരളി
മുരളീധരൻ,മുരളീധരൻ
മുരളീധരനെ,മുരളീധരൻ
മുരളീധരനോട്,മുരളീധരൻ
മുരളീധരന്,മുരളീധരൻ
മുരളീധരന്റെ,മുരളീധരൻ
മുരളീധരനും,മുരളീധരൻ
മുരളീധരാ,മുരളീധരൻ
മുരളുക,മുരളുക
മുരൾച്ച,മുരൾച്ച
മുരശ്,മുരശ്
മുരാരി,മുരാരി
മുരി,മുരി
മുരീ,മുരി
മുരിക്ക്,മുരിക്ക്
മുരിക്കാൽ,മുരിക്ക്
മുരിക്കിന്റെ,മുരിക്ക്
മുരിക്കും,മുരിക്ക്
മുരിങ്ങ,മുരിങ്ങ
മുരു,മുരു
മുരുകൻ,മുരുകൻ
മുരുകനെ,മുരുകൻ
മുരുകന്,മുരുകൻ
മുരുകന്റെ,മുരുകൻ
മുരുകനും,മുരുകൻ
മുരുകാ,മുരുകൻ
മുരുപ്പ്,മുരുപ്പ്
മുറ,മുറ
മുറ,മുറ
മുറം,മുറം
മുറവും,മുറം
മുറത്ത്,മുറം
മുറം,മുറം
മുറവും,മുറം
മുറത്ത്,മുറം
മുറച്ചെറുക്കൻ,മുറച്ചെറുക്കൻ
മുറച്ചെറുക്കനെ,മുറച്ചെറുക്കൻ
മുറച്ചെറുക്കന്റെ,മുറച്ചെറുക്കൻ
മുറച്ചെറുക്കനും,മുറച്ചെറുക്കൻ
മുറജപം,മുറജപം
മുറജപവും,മുറജപം
മുറപ്പെണ്ണായ,മുറപ്പെണ്ണ്
മുറവിളി,മുറവിളി
മുറി,മുറി
മുറി,മുറി
മുറിക്കുക,മുറിക്കുക
മുറിച്ചു,മുറിക്കുക
മുറിക്കുന്നു,മുറിക്കുക
മുറിക്കുന്ന,മുറിക്കുക
മുറിക്കി,മുറിക്കുക
മുറിപ്പാട്,മുറിപ്പാട്
മുറിപ്പാടിൽ,മുറിപ്പാട്
മുറിപ്പാടുകൾ,മുറിപ്പാട്
മുറിയന്,മുറിയൻ
മുറിഞ്ഞു,മുറിയുക
മുറിയുന്നു,മുറിയുക
മുറിയുന്ന,മുറിയുക
മുറിയെ,മുറിയെ
മുറിവൈദ്യന്റെ,മുറിവൈദ്യൻ
മുറിവ്,മുറിവ്
മുറിവിനെ,മുറിവ്
മുറിവിന്,മുറിവ്
മുറിവിൻ,മുറിവ്
മുറിവിന്റെ,മുറിവ്
മുറിവിൽ,മുറിവ്
മുറിവുകൾ,മുറിവ്
മുറിവും,മുറിവ്
മുറിവായ,മുറിവ്
മുറുകുന്നു,മുറുകുക
മുറുകുന്ന,മുറുകുക
മുറുകെ,മുറുകെ
മുറുക്കം,മുറുക്കം
മുറുക്കവും,മുറുക്കം
മുറുക്കൽ,മുറുക്കൽ
മുറുക്കാൻ,മുറുക്കാൻ
മുറുക്കാന്,മുറുക്കാൻ
മുറുക്കാനും,മുറുക്കാൻ
മുറുക്കാനേ,മുറുക്കാൻ
മുറുക്കി,മുറുക്കി
മുറുക്കുന്നു,മുറുക്കുക
മുറുക്കുന്ന,മുറുക്കുക
മുറുക്കി,മുറുക്കുക
മുറുക്ക്,മുറുക്ക്
മുറുക്കും,മുറുക്ക്
മുറുക്കാം,മുറുക്ക്
മുറുമുറുക്കുക,മുറുമുറുക്കുക
മുറ്റം,മുറ്റം
മുറ്റവും,മുറ്റം
മുറ്റത്ത്,മുറ്റം
മുറ്റിയ,മുറ്റിയ
മുറ്റും,മുറ്റും
മുറ്റി,മുറ്റുക
മുറ്റുന്ന,മുറ്റുക
മുറ്റി,മുറ്റുക
മുറ്റുന്ന,മുറ്റുക
മുറ്റും,മുറ്റ്
മുല,മുല
മുലക്കണ്ണ്,മുലക്കണ്ണ്
മുലക്കണ്ണിൽ,മുലക്കണ്ണ്
മുലക്കാമ്പ്,മുലക്കാമ്പ്
മുലക്കാമ്പിനോട്,മുലക്കാമ്പ്
മുലക്കാമ്പിന്റെ,മുലക്കാമ്പ്
മുലപ്പണം,മുലപ്പണം
മുല്ല,മുല്ല
മുല്ല,മുല്ല
മുല്ലൈ,മുല്ലൈ
മുള,മുള
മുള,മുള
മുളക്,മുളക്
മുളകിനെ,മുളക്
മുളകിന്,മുളക്
മുളകിന്റെ,മുളക്
മുളകുകൾ,മുളക്
മുളകും,മുളക്
മുളകായ,മുളക്
മുളനെല്ല്,മുളനെല്ല്
മുളനെല്ലും,മുളനെല്ല്
മുളനെല്ലും,മുളനെല്ല്
മുളപ്പിച്ചു,മുളപ്പിക്കുക
മുളപ്പിക്കുന്ന,മുളപ്പിക്കുക
മുളയ്ക്കുക,മുളയ്ക്കുക
മുളയ്ക്കുന്നു,മുളയ്ക്കുക
മുളയ്ക്കുന്ന,മുളയ്ക്കുക
മുളയ്ക്കുക,മുളയ്ക്കുക
മുളയ്ക്കുന്നു,മുളയ്ക്കുക
മുളയ്ക്കുന്ന,മുളയ്ക്കുക
മുളി,മുളി
മുള്ളങ്കി,മുള്ളങ്കി
മുള്ളൻ,മുള്ളൻ
മുള്ളന്,മുള്ളൻ
മുള്ളി,മുള്ളി
മുള്ളിലവ്,മുള്ളിലവ്
മുള്ളിലവിൻ,മുള്ളിലവ്
മുള്ളിലവിന്റെ,മുള്ളിലവ്
മുള്ളുവേലി,മുള്ളുവേലി
മുള്ള്,മുള്ള്
മുള്ളോട്ട്,മുള്ള്
മുള്ളിന്,മുള്ള്
മുള്ളിന്റെ,മുള്ള്
മുള്ളുകൾ,മുള്ള്
മുള്ളും,മുള്ള്
മുള്ള്,മുള്ള്
മുള്ളോട്ട്,മുള്ള്
മുള്ളിന്,മുള്ള്
മുള്ളിന്റെ,മുള്ള്
മുള്ളുകൾ,മുള്ള്
മുള്ളും,മുള്ള്
മുൾ,മുൾ
മുളെ,മുൾ
മുൾപ്പടർപ്പിൽ,മുൾപ്പടർപ്പ്
മുൾപ്പടർപ്പുകൾ,മുൾപ്പടർപ്പ്
മുഴ,മുഴ
മുഴം,മുഴം
മുഴക്കം,മുഴക്കം
മുഴക്കം,മുഴക്കം
മുഴക്കുക,മുഴക്കുക
മുഴച്ചു,മുഴക്കുക
മുഴക്കുന്നു,മുഴക്കുക
മുഴക്കുന്ന,മുഴക്കുക
മുഴക്കി,മുഴക്കുക
മുഴക്കും,മുഴക്ക്
മുഴക്കുക,മുഴക്ക്
മുഴങ്ങുന്നു,മുഴങ്ങുക
മുഴങ്ങുന്ന,മുഴങ്ങുക
മുഴയന്,മുഴയൻ
മുഴി,മുഴി
മുഴു,മുഴു
മുഴുകുക,മുഴുകുക
മുഴുകുന്നു,മുഴുകുക
മുഴുകുന്ന,മുഴുകുക
മുഴുക്കൈ,മുഴുക്കൈ
മുഴുത്ത,മുഴുത്ത
മുഴുപ്പിൽ,മുഴുപ്പ്
മുഴുപ്പും,മുഴുപ്പ്
മുഴുവനും,മുഴുവനും
മുഴുവൻ,മുഴുവൻ
മുഴുവനെ,മുഴുവൻ
മുഴുവന്,മുഴുവൻ
മുഴുവനും,മുഴുവൻ
മുഷി,മുഷി
മുഷിച്ചിൽ,മുഷിച്ചിൽ
മുഷിച്ചില്,മുഷിച്ചിൽ
മുഷിപ്പിക്കുന്നു,മുഷിപ്പിക്കുക
മുഷിപ്പിക്കുന്ന,മുഷിപ്പിക്കുക
മുഷിഞ്ഞു,മുഷിയുക
മുഷിയുന്ന,മുഷിയുക
മുഷ്ക്കും,മുഷ്ക്ക്
മുഷ്ടി,മുഷ്ടി
മുഷ്ടി,മുഷ്ടി
മുഷ്ടികനെ,മുഷ്ടികൻ
മുഷ്ടികന്,മുഷ്ടികൻ
മുഷ്ടിയുദ്ധം,മുഷ്ടിയുദ്ധം
മുസലം,മുസലം
മുസലിയാർ,മുസലിയാർ
മുസലിയാരെ,മുസലിയാർ
മുസലിയാരുടെ,മുസലിയാർ
മുസാവരി,മുസാവരി
മുസ്താ,മുസ്താ
മുഹൂർത്തം,മുഹൂർത്തം
മുഹൂർത്തങ്ങൾ,മുഹൂർത്തം
മുഹൂർത്തവും,മുഹൂർത്തം
മുഹ്,മുഹ്
മൂ,മൂ
മൂക,മൂക
മൂകൻ,മൂകൻ
മൂകനെ,മൂകൻ
മൂകനും,മൂകൻ
മൂകാംബിക,മൂകാംബിക
മൂക്കൻ,മൂക്കൻ
മൂക്കന്,മൂക്കൻ
മൂക്കൻ,മൂക്കൻ
മൂക്കന്,മൂക്കൻ
മൂക്കറ്റം,മൂക്കറ്റം
മൂച്ചു,മൂക്കുക
മൂക്കുന്നു,മൂക്കുക
മൂന്നു,മൂക്കുക
മൂക്ക്,മൂക്ക്
മൂക്കിനെ,മൂക്ക്
മൂക്കിനോട്,മൂക്ക്
മൂക്കിന്,മൂക്ക്
മൂക്കിന്റെ,മൂക്ക്
മൂക്കിൽ,മൂക്ക്
മൂക്കുകൾ,മൂക്ക്
മൂക്കും,മൂക്ക്
മൂച്ച്,മൂച്ച്
മൂട,മൂട
മൂടൽ,മൂടൽ
മൂടല്,മൂടൽ
മൂടൽമഞ്ഞ്,മൂടൽമഞ്ഞ്
മൂടൽമഞ്ഞിനെ,മൂടൽമഞ്ഞ്
മൂടൽമഞ്ഞിന്റെ,മൂടൽമഞ്ഞ്
മൂടൽമഞ്ഞിൽ,മൂടൽമഞ്ഞ്
മൂടൽമഞ്ഞും,മൂടൽമഞ്ഞ്
മൂടി,മൂടി
മൂടീ,മൂടി
മൂടി,മൂടി
മൂടീ,മൂടി
മൂടുക,മൂടുക
മൂടുന്നു,മൂടുക
മൂടുന്ന,മൂടുക
മൂടുക,മൂടുക
മൂടുന്നു,മൂടുക
മൂടുന്ന,മൂടുക
മൂടുപടം,മൂടുപടം
മൂടുപടങ്ങൾ,മൂടുപടം
മൂടുപടവും,മൂടുപടം
മൂട്,മൂട്
മൂടാൽ,മൂട്
മൂടും,മൂട്
മൂടുക,മൂട്
മൂട്ട്,മൂട്
മൂട്ട,മൂട്ട
മൂഢ,മൂഢ
മൂഢ,മൂഢ
മൂഢനെ,മൂഢൻ
മൂഢന്,മൂഢൻ
മൂഢന്റെ,മൂഢൻ
മൂഢവിശ്വാസം,മൂഢവിശ്വാസം
മൂത്ത,മൂത്ത
മൂത്തത്,മൂത്തത്
മൂത്തതിന്റെ,മൂത്തത്
മൂത്തതും,മൂത്തത്
മൂത്തതായ,മൂത്തത്
മൂത്തമ്മ,മൂത്തമ്മ
മൂത്രക്കല്ല്,മൂത്രക്കല്ല്
മൂത്രക്കല്ലിനെ,മൂത്രക്കല്ല്
മൂത്രക്കല്ലിനെ,മൂത്രക്കല്ല്
മൂത്രിക്കുന്ന,മൂത്രിക്കുക
മൂന്നാം,മൂന്നാം
മൂന്നാംസ്ഥാനം,മൂന്നാംസ്ഥാനം
മൂന്നാംസ്ഥാനവും,മൂന്നാംസ്ഥാനം
മൂന്നാംസ്ഥാനത്ത്,മൂന്നാംസ്ഥാനം
മൂന്ന്,മൂന്ന്
മൂന്നിനെ,മൂന്ന്
മൂന്നോട്ട്,മൂന്ന്
മൂന്നിന്,മൂന്ന്
മൂന്നിന്റെ,മൂന്ന്
മൂന്നിൽ,മൂന്ന്
മൂന്നും,മൂന്ന്
മൂന്നാം,മൂന്ന്
മൂപ്പത്തി,മൂപ്പത്തി
മൂപ്പൻ,മൂപ്പൻ
മൂപ്പനെ,മൂപ്പൻ
മൂപ്പന്,മൂപ്പൻ
മൂപ്പന്റെ,മൂപ്പൻ
മൂപ്പന്മാർ,മൂപ്പൻ
മൂപ്പനും,മൂപ്പൻ
മൂപ്പൻ,മൂപ്പൻ
മൂപ്പനെ,മൂപ്പൻ
മൂപ്പന്,മൂപ്പൻ
മൂപ്പന്റെ,മൂപ്പൻ
മൂപ്പന്മാർ,മൂപ്പൻ
മൂപ്പനും,മൂപ്പൻ
മൂപ്പിക്കുക,മൂപ്പിക്കുക
മൂപ്പിച്ചു,മൂപ്പിക്കുക
മൂപ്പ്,മൂപ്പ്
മൂപ്പിനെ,മൂപ്പ്
മൂപ്പിൽ,മൂപ്പ്
മൂപ്പും,മൂപ്പ്
മൂരാച്ചി,മൂരാച്ചി
മൂർഖ,മൂർഖ
മൂർഖൻ,മൂർഖൻ
മൂർഖനെ,മൂർഖൻ
മൂർഖൻ,മൂർഖൻ
മൂർഖനെ,മൂർഖൻ
മൂർച്ച,മൂർച്ച
മൂർച്ഛ,മൂർച്ഛ
മൂർച്ഛന,മൂർച്ഛന
മൂർച്ഛിച്ചു,മൂർച്ഛിക്കുക
മൂർച്ഛിക്കുന്നു,മൂർച്ഛിക്കുക
മൂർച്ഛിത,മൂർച്ഛിത
മൂർച്ഛിത,മൂർച്ഛിത
മൂർത്ത,മൂർത്ത
മൂർത്തവും,മൂർത്തം
മൂർത്തി,മൂർത്തി
മൂർത്തീ,മൂർത്തി
മൂർത്തി,മൂർത്തി
മൂർത്തീ,മൂർത്തി
മൂർധാവിൽ,മൂർധാവ്
മൂല,മൂല
മൂല,മൂല
മൂലം,മൂലം
മൂലവും,മൂലം
മൂലത്ത്,മൂലം
മൂലം,മൂലം
മൂലവും,മൂലം
മൂലത്ത്,മൂലം
മൂലക,മൂലക
മൂലക,മൂലക
മൂലകം,മൂലകം
മൂലകങ്ങൾ,മൂലകം
മൂലകവും,മൂലകം
മൂലകാരണം,മൂലകാരണം
മൂലകാരണങ്ങൾ,മൂലകാരണം
മൂലകാരണവും,മൂലകാരണം
മൂലക്കല്ല്,മൂലക്കല്ല്
മൂലക്കല്ലും,മൂലക്കല്ല്
മൂലക്കല്ലും,മൂലക്കല്ല്
മൂലഗ്രന്ഥം,മൂലഗ്രന്ഥം
മൂലധനം,മൂലധനം
മൂലധനവും,മൂലധനം
മൂലപ്രകൃതി,മൂലപ്രകൃതി
മൂലമന്ത്രം,മൂലമന്ത്രം
മൂലമന്ത്രവും,മൂലമന്ത്രം
മൂലസ്ഥാനം,മൂലസ്ഥാനം
മൂലസ്ഥാനവും,മൂലസ്ഥാനം
മൂലസ്ഥാനത്ത്,മൂലസ്ഥാനം
മൂലാധാരം,മൂലാധാരം
മൂലിനും,മൂലിൻ
മൂല്യ,മൂല്യ
മൂല്യ,മൂല്യ
മൂല്യം,മൂല്യം
മൂല്യങ്ങൾ,മൂല്യം
മൂല്യവും,മൂല്യം
മൂല്യവത്തും,മൂല്യവത്ത്
മൂല്യവത്തായ,മൂല്യവത്ത്
മൂള,മൂള
മൂളല്,മൂളൽ
മൂളി,മൂളി
മൂളി,മൂളി
മൂളുക,മൂളുക
മൂളുന്നു,മൂളുക
മൂളുന്ന,മൂളുക
മൂളുക,മൂളുക
മൂളുന്നു,മൂളുക
മൂളുന്ന,മൂളുക
മൂഴി,മൂഴി
മൂവരശർ,മൂവരശർ
മൂവാണ്ടൻ,മൂവാണ്ടൻ
മൂവാണ്ടന്,മൂവാണ്ടൻ
മൂവാണ്ടനും,മൂവാണ്ടൻ
മൂശ,മൂശ
മൂശാരി,മൂശാരി
മൂഷകൻ,മൂഷകൻ
മൂഷിക,മൂഷിക
മൂഷിക,മൂഷിക
മൂഷികൻ,മൂഷികൻ
മൂഷികനെ,മൂഷികൻ
മൂഷികന്,മൂഷികൻ
മൂഷികന്റെ,മൂഷികൻ
മൂഷികരാജ്യം,മൂഷികരാജ്യം
മൃഗ,മൃഗ
മൃഗം,മൃഗം
മൃഗങ്ങൾ,മൃഗം
മൃഗവും,മൃഗം
മൃഗണ്ഡു,മൃഗണ്ഡു
മൃഗത്വം,മൃഗത്വം
മൃഗവാഹനന്,മൃഗവാഹനൻ
മൃഗശാല,മൃഗശാല
മൃഗാക്ഷീ,മൃഗാക്ഷി
മൃഗാങ്കന്,മൃഗാങ്കൻ
മൃഗി,മൃഗി
മൃഗീ,മൃഗി
മൃഗീയ,മൃഗീയ
മൃച്ഛകടികം,മൃച്ഛകടികം
മൃഡാനീ,മൃഡാനി
മൃണാളിനി,മൃണാളിനി
മൃത,മൃത
മൃതം,മൃതം
മൃതവും,മൃതം
മൃതസഞ്ജീവിനി,മൃതസഞ്ജീവിനി
മൃത്യു,മൃത്യു
മൃത്യു,മൃത്യു
മൃത്യുഞ്ജയൻ,മൃത്യുഞ്ജയൻ
മൃത്യുഞ്ജയന്,മൃത്യുഞ്ജയൻ
മൃദംഗം,മൃദംഗം
മൃദംഗവും,മൃദംഗം
മൃദു,മൃദു
മൃദുല,മൃദുല
മൃദുലം,മൃദുലം
മൃദുലവും,മൃദുലം
മൃഷ്ടാന്നം,മൃഷ്ടാന്നം
മൃഷ്ടി,മൃഷ്ടി
മെച്ചം,മെച്ചം
മെച്ചവും,മെച്ചം
മെടഞ്ഞു,മെടയുക
മെതി,മെതി
മെതിച്ചു,മെതിക്കുക
മെതിക്കുന്നു,മെതിക്കുക
മെതിക്കുന്ന,മെതിക്കുക
മെതിയടി,മെതിയടി
മെത്ത,മെത്ത
മെത്തുന്ന,മെത്തുക
മെത്തുന്ന,മെത്തുക
മെന,മെന
മെയ്,മെയ്
മെയിന്,മെയ്
മെയിൻ,മെയ്
മെയിൽ,മെയ്
മെയ്യെഴുത്ത്,മെയ്യെഴുത്ത്
മെയ്യെഴുത്തിന്റെ,മെയ്യെഴുത്ത്
മെയ്യെഴുത്തും,മെയ്യെഴുത്ത്
മെയ്യ്,മെയ്യ്
മെയ്യിൽ,മെയ്യ്
മെയ്യും,മെയ്യ്
മെരുക്കുന്നു,മെരുക്കുക
മെരുക്കുന്ന,മെരുക്കുക
മെരുക്കി,മെരുക്കുക
മെലിച്ചിൽ,മെലിച്ചിൽ
മെലിച്ചില്,മെലിച്ചിൽ
മെലിയുക,മെലിയുക
മെലിഞ്ഞു,മെലിയുക
മെലിയുന്നു,മെലിയുക
മെലിയുന്ന,മെലിയുക
മെല്ലുളി,മെല്ലുളി
മെല്ലെ,മെല്ലെ
മെൽ,മെൽ
മെല്,മെൽ
മെഴുകുന്ന,മെഴുകുക
മെഴുകുതിരി,മെഴുകുതിരി
മെഴുക്കി,മെഴുക്കുക
മെഴുക്കും,മെഴുക്ക്
മൊട്ടക്കുന്ന്,മൊട്ടക്കുന്ന്
മൊത്തം,മൊത്തം
മൊഴി,മൊഴി
മൊഴി,മൊഴി
മേ,മേ
മേക്ക്,മേക്ക്
മേക്കാൽ,മേക്ക്
മേക്കിന്റെ,മേക്ക്
മേഖല,മേഖല
മേഖലാ,മേഖലാ
മേഘം,മേഘം
മേഘങ്ങൾ,മേഘം
മേഘവും,മേഘം
മേഘദൂതം,മേഘദൂതം
മേഘനാദൻ,മേഘനാദൻ
മേഘമാല,മേഘമാല
മേഘലാ,മേഘലാ
മേഘവാഹനന്റെ,മേഘവാഹനൻ
മേച്ചിൽ,മേച്ചിൽ
മേച്ചില്,മേച്ചിൽ
മേച്ചിൽപ്പുറം,മേച്ചിൽപ്പുറം
മേച്ചിൽപ്പുറങ്ങൾ,മേച്ചിൽപ്പുറം
മേച്ചിൽപ്പുറവും,മേച്ചിൽപ്പുറം
മേട,മേട
മേടം,മേടം
മേടവിഷു,മേടവിഷു
മേടിക്കുക,മേടിക്കുക
മേടിച്ചു,മേടിക്കുക
മേടിക്കുന്ന,മേടിക്കുക
മേട്,മേട്
മേടുകൾ,മേട്
മേടും,മേട്
മേട്,മേട്
മേടുകൾ,മേട്
മേടും,മേട്
മേഥി,മേഥി
മേദക,മേദക
മേദസ്,മേദസ്
മേദസ്സ്,മേദസ്സ്
മേദിനി,മേദിനി
മേദിനീ,മേദിനി
മേധ,മേധ
മേധ,മേധ
മേധാവി,മേധാവി
മേന,മേന
മേനക,മേനക
മേനവൻ,മേനവൻ
മേനി,മേനി
മേന്മ,മേന്മ
മേൻ,മേൻ
മേനെ,മേൻ
മേന്,മേൻ
മേപ്പടി,മേപ്പടി
മേഞ്ഞു,മേയുക
മേയുന്നു,മേയുക
മേയുന്ന,മേയുക
മേഞ്ഞു,മേയുക
മേയുന്നു,മേയുക
മേയുന്ന,മേയുക
മേയ്ക്കൽ,മേയ്ക്കൽ
മേയ്ക്കുക,മേയ്ക്കുക
മേയ്ച്ചു,മേയ്ക്കുക
മേയ്ക്കുന്ന,മേയ്ക്കുക
മേരു,മേരു
മേരു,മേരു
മേല,മേല
മേല,മേല
മേലങ്കി,മേലങ്കി
മേലധികാരം,മേലധികാരം
മേലധികാരി,മേലധികാരി
മേലാ,മേലാ
മേലാ,മേലാ
മേലാക്കം,മേലാക്കം
മേലാക്കത്ത്,മേലാക്കം
മേലാപ്പ്,മേലാപ്പ്
മേലാപ്പുകൾ,മേലാപ്പ്
മേലാപ്പും,മേലാപ്പ്
മേലാരാം,മേലാര്
മേലാവിനെ,മേലാവ്
മേലും,മേലും
മേലെ,മേലെ
മേലേടം,മേലേടം
മേലേടത്ത്,മേലേടം
മേലേതിൽ,മേലേത്
മേൽ,മേൽ
മേല്,മേൽ
മേൽ,മേൽ
മേല്,മേൽ
മേൽക്കുമേൽ,മേൽക്കുമേൽ
മേൽക്കൂടിന്,മേൽക്കൂട്
മേൽക്കൂട്ട്,മേൽക്കൂട്
മേൽക്കോയ്മ,മേൽക്കോയ്മ
മേൽത്തട്ട്,മേൽത്തട്ട്
മേൽത്തട്ടിൽ,മേൽത്തട്ട്
മേൽത്തട്ടും,മേൽത്തട്ട്
മേൽപ്പറഞ്ഞ,മേൽപ്പറഞ്ഞ
മേൽപ്പാടം,മേൽപ്പാടം
മേൽപ്പുര,മേൽപ്പുര
മേൽപ്രകാരം,മേൽപ്രകാരം
മേൽമുണ്ട്,മേൽമുണ്ട്
മേൽമുണ്ടും,മേൽമുണ്ട്
മേൽവിലാസം,മേൽവിലാസം
മേൽവിലാസവും,മേൽവിലാസം
മേൽശാന്തി,മേൽശാന്തി
മേള,മേള
മേളം,മേളം
മേളങ്ങൾ,മേളം
മേളവും,മേളം
മേളനം,മേളനം
മേളിച്ചു,മേളിക്കുക
മേളിക്കുന്ന,മേളിക്കുക
മേവുന്നു,മേവുക
മോചന,മോചന
മോചനം,മോചനം
മോചനവും,മോചനം
മോതിരം,മോതിരം
മോതിരവും,മോതിരം
മോദിക്കുക,മോദിക്കുക
മോനെ,മോൻ
മോന്,മോൻ
മോനേ,മോൻ
മോർ,മോർ
മോൾ,മോൾ
മോളെ,മോൾ
മോശം,മോശം
മോഷണം,മോഷണം
മോഷണവും,മോഷണം
മോഷ്ടിച്ചു,മോഷ്ടിക്കുക
മോഹം,മോഹം
മോഹന,മോഹന
മോഹന,മോഹന
മോഹനൻ,മോഹനൻ
മോഹനനെ,മോഹനൻ
മോഹനന്,മോഹനൻ
മോഹനന്റെ,മോഹനൻ
മോഹനനും,മോഹനൻ
മോഹിനിയാട്ടം,മോഹിനിയാട്ടം
മൈ,മൈ
മൈത്ര,മൈത്ര
മൈത്രയീ,മൈത്രയി
മൈത്രി,മൈത്രി
മൈത്രീ,മൈത്രി
മൈത്രീ,മൈത്രീ
മൈഥിലി,മൈഥിലി
മൈഥുനം,മൈഥുനം
മൈഥുനവും,മൈഥുനം
മൈനാകം,മൈനാകം
മൈല,മൈല
മൈസൂർ,മൈസൂർ
മൈസൂരിനെ,മൈസൂർ
മൈസൂരിനോട്,മൈസൂർ
മൈസൂരിന്,മൈസൂർ
മൈസൂരിൽ,മൈസൂർ
മൈസൂരും,മൈസൂർ
മ്,മ്
മിനെ,മ്
മോട്ട്,മ്
മിന്,മ്
മിൻ,മ്
മാൽ,മ്
മിന്റെ,മ്
മിൽ,മ്
മുകൾ,മ്
മും,മ്
മാം,മ്
മുക,മ്
മേക്ക്,മ്
മായ,മ്
മ്ലാനത,മ്ലാനത
മ്ലേച്ഛ,മ്ലേച്ഛ
മ്ലേച്ഛം,മ്ലേച്ഛം
മ്ലേച്ഛവും,മ്ലേച്ഛം
മ്ലേച്ഛാ,മ്ലേച്ഛൻ
മൗഢ്യം,മൗഢ്യം
മൗഢ്യവും,മൗഢ്യം
മൗന,മൗന
മൗനം,മൗനം
മൗനവും,മൗനം
മൗനവ്രതം,മൗനവ്രതം
മൗനവ്രതവും,മൗനവ്രതം
മൗനാനുവാദം,മൗനാനുവാദം
മൗനാനുവാദങ്ങൾ,മൗനാനുവാദം
മൗനാനുവാദവും,മൗനാനുവാദം
മൗനി,മൗനി
മൗര്യൻ,മൗര്യൻ
മൗര്യന്,മൗര്യൻ
മൗര്യന്റെ,മൗര്യൻ
മൗല,മൗല
മൗലാ,മൗലൻ
മൗലി,മൗലി
മൗലി,മൗലി
മൗലിക,മൗലിക
മൗലിന്,മൗലിൻ
മൗസലം,മൗസലം
യ,യ
യം,യം
യവും,യം
യക്ഷ,യക്ഷ
യക്ഷൻ,യക്ഷൻ
യക്ഷനെ,യക്ഷൻ
യക്ഷന്,യക്ഷൻ
യക്ഷന്റെ,യക്ഷൻ
യക്ഷനും,യക്ഷൻ
യക്ഷരാജന്,യക്ഷരാജൻ
യക്ഷി,യക്ഷി
യക്ഷീ,യക്ഷി
യക്ഷി,യക്ഷി
യക്ഷീ,യക്ഷി
യക്ഷിണി,യക്ഷിണി
യക്ഷീ,യക്ഷീ
യജനം,യജനം
യജമാന,യജമാന
യജമാന,യജമാന
യജുർവേദ,യജുർവേദ
യജുർവേദം,യജുർവേദം
യജുർവേദവും,യജുർവേദം
യജുസ്,യജുസ്
യജുസ്സ്,യജുസ്സ്
യജ്ഞ,യജ്ഞ
യജ്ഞം,യജ്ഞം
യജ്ഞങ്ങൾ,യജ്ഞം
യജ്ഞവും,യജ്ഞം
യജ്ഞബാഹു,യജ്ഞബാഹു
യത,യത
യത,യത
യതി,യതി
യതി,യതി
യതിഭംഗം,യതിഭംഗം
യത്,യത്
യതിൻ,യത്
യതിന്റെ,യത്
യതും,യത്
യത്,യത്
യതിൻ,യത്
യതിന്റെ,യത്
യതും,യത്
യത്നം,യത്നം
യത്നങ്ങൾ,യത്നം
യത്നം,യത്നം
യത്നങ്ങൾ,യത്നം
യത്നിക്കുക,യത്നിക്കുക
യത്നിച്ചു,യത്നിക്കുക
യത്നിക്കുന്നു,യത്നിക്കുക
യത്നിക്കുന്ന,യത്നിക്കുക
യത്ര,യത്ര
യഥാ,യഥാ
യഥാ,യഥാ
യഥാകാലം,യഥാകാലം
യഥാക്രമം,യഥാക്രമം
യഥാതഥ,യഥാതഥ
യഥാർഥ,യഥാർഥ
യഥാർഥ,യഥാർഥ
യഥാർഥം,യഥാർഥം
യഥാർഥവും,യഥാർഥം
യഥാവിധി,യഥാവിധി
യഥാശക്തി,യഥാശക്തി
യഥാസമയം,യഥാസമയം
യഥാസമയത്ത്,യഥാസമയം
യഥാസ്ഥാനം,യഥാസ്ഥാനം
യഥാസ്ഥാനത്ത്,യഥാസ്ഥാനം
യഥേഷ്ട,യഥേഷ്ട
യഥേഷ്ടം,യഥേഷ്ടം
യദാ,യദാ
യദി,യദി
യദു,യദു
യദുകുലം,യദുകുലം
യദുവംശം,യദുവംശം
യദൃച്ഛയാ,യദൃച്ഛയാ
യദൃച്ഛയാ,യദൃച്ഛയാ
യദ്,യദ്
യന്തു,യന്തു
യന്ത്ര,യന്ത്ര
യന്ത്രം,യന്ത്രം
യന്ത്രങ്ങൾ,യന്ത്രം
യന്ത്രവും,യന്ത്രം
യന്ത്രം,യന്ത്രം
യന്ത്രങ്ങൾ,യന്ത്രം
യന്ത്രവും,യന്ത്രം
യന്ത്രത്തറി,യന്ത്രത്തറി
യന്ത്രവത്കരണം,യന്ത്രവത്കരണം
യന്ത്രവത്കൃത,യന്ത്രവത്കൃത
യാ,യൻ
യമ,യമ
യമ,യമ
യമം,യമം
യമക,യമക
യമകം,യമകം
യമകിങ്കരൻ,യമകിങ്കരൻ
യമന,യമന
യമന,യമന
യമനം,യമനം
യമനി,യമനി
യമനീ,യമനി
യമൻ,യമൻ
യമനെ,യമൻ
യമന്,യമൻ
യമന്റെ,യമൻ
യമനിൽ,യമൻ
യമനും,യമൻ
യമുന,യമുന
യമുനാകല്യാണി,യമുനാകല്യാണി
യമായ,യമ്
യയാതി,യയാതി
യവ,യവ
യവം,യവം
യവന,യവന
യവന,യവന
യവനന്,യവനൻ
യവനന്മാർ,യവനൻ
യവനിക,യവനിക
യശഃ,യശഃ
യശസ്,യശസ്
യശസിന്,യശസ്
യശസ്വി,യശസ്വി
യശസ്വിനി,യശസ്വിനി
യശസ്സ്,യശസ്സ്
യശസ്സും,യശസ്സ്
യസിന്,യസ്
യഹൂദൻ,യഹൂദൻ
യഹൂദന്മാർ,യഹൂദൻ
യഹൂദനും,യഹൂദൻ
യഹൂദാ,യഹൂദൻ
യഹൂദമതം,യഹൂദമതം
യാ,യാ
യാ,യാ
യാക്കി,യാക്കുക
യാക്ക്,യാക്ക്
യാക്കിൻ,യാക്ക്
യാക്കിന്റെ,യാക്ക്
യാക്കുകൾ,യാക്ക്
യാഗ,യാഗ
യാഗം,യാഗം
യാഗങ്ങൾ,യാഗം
യാഗവും,യാഗം
യാഗശാല,യാഗശാല
യാചക,യാചക
യാചക,യാചക
യാചകൻ,യാചകൻ
യാചകനെ,യാചകൻ
യാചകന്,യാചകൻ
യാചകന്റെ,യാചകൻ
യാചകനും,യാചകൻ
യാചന,യാചന
യാചനം,യാചനം
യാചിച്ചു,യാചിക്കുക
യാചിക്കുന്നു,യാചിക്കുക
യാചിക്കുന്ന,യാചിക്കുക
യാജനം,യാജനം
യാൺ,യാൺ
യാത,യാത
യാത,യാത
യാതന,യാതന
യാതനങ്ങൾ,യാതനം
യാതി,യാതി
യാതി,യാതി
യാതൊന്നും,യാതൊന്ന്
യാതൊരു,യാതൊരു
യാത്ര,യാത്ര
യാത്ര,യാത്ര
യാത്രക്കാരൻ,യാത്രക്കാരൻ
യാത്രക്കാരനെ,യാത്രക്കാരൻ
യാത്രക്കാരനോട്,യാത്രക്കാരൻ
യാത്രക്കാരന്,യാത്രക്കാരൻ
യാത്രക്കാരന്റെ,യാത്രക്കാരൻ
യാത്രക്കാരനിൽ,യാത്രക്കാരൻ
യാത്രക്കാരനും,യാത്രക്കാരൻ
യാത്രക്കാരാ,യാത്രക്കാരൻ
യാത്രാ,യാത്രാ
യാത്രി,യാത്രി
യാത്രിക,യാത്രിക
യാത്രിക,യാത്രിക
യാത്രികൻ,യാത്രികൻ
യാത്രികനെ,യാത്രികൻ
യാത്രികനോട്,യാത്രികൻ
യാത്രികന്,യാത്രികൻ
യാത്രികന്റെ,യാത്രികൻ
യാത്രികനും,യാത്രികൻ
യാഥാർഥ്യം,യാഥാർഥ്യം
യാഥാർഥ്യങ്ങൾ,യാഥാർഥ്യം
യാഥാർഥ്യവും,യാഥാർഥ്യം
യാഥാസ്ഥിതിക,യാഥാസ്ഥിതിക
യാഥാസ്ഥിതികത്വം,യാഥാസ്ഥിതികത്വം
യാഥാസ്ഥിതികത്വവും,യാഥാസ്ഥിതികത്വം
യാഥാസ്ഥിതികൻ,യാഥാസ്ഥിതികൻ
യാഥാസ്ഥിതികന്,യാഥാസ്ഥിതികൻ
യാഥാസ്ഥിതികന്റെ,യാഥാസ്ഥിതികൻ
യാദവ,യാദവ
യാദവം,യാദവം
യാദവവും,യാദവം
യാദവൻ,യാദവൻ
യാദവന്,യാദവൻ
യാദവന്മാർ,യാദവൻ
യാദസ്സ്,യാദസ്സ്
യാദസ്സിന്,യാദസ്സ്
യാദു,യാദു
യാദൃച്ഛിക,യാദൃച്ഛിക
യാന,യാന
യാനം,യാനം
യാനങ്ങൾ,യാനം
യാനത്ത്,യാനം
യാനിനെ,യാനിൻ
യാനിന്റെ,യാനിൻ
യാന്ത്രിക,യാന്ത്രിക
യാൻ,യാൻ
യാന്,യാൻ
യാന്റെ,യാൻ
യാപ്പ്,യാപ്പ്
യാമ,യാമ
യാമ,യാമ
യാമം,യാമം
യാമങ്ങൾ,യാമം
യാമി,യാമി
യാമിനി,യാമിനി
യാമിൻ,യാമിൻ
യാമിന്,യാമിൻ
യായി,യായി
യാൾ,യാൾ
യാളെ,യാൾ
യാളുടെ,യാൾ
യാളിന്റെ,യാൾ
യാവജ്ജീവം,യാവജ്ജീവം
യാവത്,യാവത്
യാവരും,യാവർ
യാസിൻ,യാസിൻ
യാസിനെ,യാസിൻ
യാസിന്,യാസിൻ
യാസിന്റെ,യാസിൻ
യാസിനും,യാസിൻ
യാസ്കന്,യാസ്കൻ
യാഹ്,യാഹ്
യു,യു
യൂ,യു
യുക്ത,യുക്ത
യുക്ത,യുക്ത
യുക്തം,യുക്തം
യുക്തവും,യുക്തം
യുക്തി,യുക്തി
യുക്തി,യുക്തി
യുക്തിവാദം,യുക്തിവാദം
യുക്തിവാദവും,യുക്തിവാദം
യുക്തിവാദി,യുക്തിവാദി
യുഗ,യുഗ
യുഗം,യുഗം
യുഗങ്ങൾ,യുഗം
യുഗവും,യുഗം
യുഗത്ത്,യുഗം
യുഗം,യുഗം
യുഗങ്ങൾ,യുഗം
യുഗവും,യുഗം
യുഗത്ത്,യുഗം
യുഗ്മ,യുഗ്മ
യുജിന്,യുജ്
യുജിൻ,യുജ്
യുദ്ധ,യുദ്ധ
യുദ്ധം,യുദ്ധം
യുദ്ധങ്ങൾ,യുദ്ധം
യുദ്ധവും,യുദ്ധം
യുദ്ധക്കളം,യുദ്ധക്കളം
യുദ്ധക്കളങ്ങൾ,യുദ്ധക്കളം
യുദ്ധരംഗം,യുദ്ധരംഗം
യുദ്ധരംഗങ്ങൾ,യുദ്ധരംഗം
യുദ്ധരംഗത്ത്,യുദ്ധരംഗം
യുദ്ധവീരന്,യുദ്ധവീരൻ
യുദ്ധവീരനും,യുദ്ധവീരൻ
യുധിഷ്ഠിരൻ,യുധിഷ്ഠിരൻ
യുധിഷ്ഠിരനെ,യുധിഷ്ഠിരൻ
യുധിഷ്ഠിരനോട്,യുധിഷ്ഠിരൻ
യുധിഷ്ഠിരന്,യുധിഷ്ഠിരൻ
യുധിഷ്ഠിരന്റെ,യുധിഷ്ഠിരൻ
യുധിഷ്ഠിരനിൽ,യുധിഷ്ഠിരൻ
യുധിഷ്ഠിരനും,യുധിഷ്ഠിരൻ
യുയു,യുയു
യുവ,യുവ
യുവത,യുവത
യുവതി,യുവതി
യുവതീ,യുവതി
യുവത്വം,യുവത്വം
യുവത്വങ്ങൾ,യുവത്വം
യുവത്വവും,യുവത്വം
യുവൻ,യുവൻ
യുവന്,യുവൻ
യുവാ,യുവൻ
യുവരാജാവ്,യുവരാജാവ്
യുവരാജാവിന്റെ,യുവരാജാവ്
യുവരാജാവായ,യുവരാജാവ്
യുവാവ്,യുവാവ്
യുവാവിനെ,യുവാവ്
യുവാവിനോട്,യുവാവ്
യുവാവിന്,യുവാവ്
യുവാവിന്റെ,യുവാവ്
യുവാവിൽ,യുവാവ്
യുവാവും,യുവാവ്
യുവാവായ,യുവാവ്
യൂജിനെ,യൂജ്
യൂജിന്,യൂജ്
യൂജിൻ,യൂജ്
യൂദാ,യൂദൻ
യൂപം,യൂപം
യേ,യേ
യേന,യേന
യോഗ,യോഗ
യോഗം,യോഗം
യോഗങ്ങൾ,യോഗം
യോഗാചാര്യൻ,യോഗാചാര്യൻ
യോഗി,യോഗി
യോഗ്യത,യോഗ്യത
യോജന,യോജന
യോജന,യോജന
യോജിക്കുന്നു,യോജിക്കുക
യൗഗികങ്ങൾ,യൗഗികം
യൗധേയൻ,യൗധേയൻ
യൗവന,യൗവന
യൗവനം,യൗവനം
യൗവനവും,യൗവനം
യൗവരാജ്യം,യൗവരാജ്യം
ര,ര
രം,രം
രങ്ങൾ,രം
രവും,രം
രം,രം
രങ്ങൾ,രം
രവും,രം
രംഗ,രംഗ
രംഗം,രംഗം
രംഗങ്ങൾ,രംഗം
രംഗവും,രംഗം
രംഗത്തു്,രംഗം
രംഗത്ത്,രംഗം
രംഗനാഥൻ,രംഗനാഥൻ
രംഗനാഥനെ,രംഗനാഥൻ
രംഗനാഥന്,രംഗനാഥൻ
രംഗനാഥന്റെ,രംഗനാഥൻ
രംഗനാഥനും,രംഗനാഥൻ
രംഗപ്രവേശം,രംഗപ്രവേശം
രംഗപ്രവേശവും,രംഗപ്രവേശം
രംഗഭൂമി,രംഗഭൂമി
രംഗവേദി,രംഗവേദി
രംഗശാല,രംഗശാല
രംഭ,രംഭ
രംഭ,രംഭ
രക്ത,രക്ത
രക്ത,രക്ത
രക്തം,രക്തം
രക്തവും,രക്തം
രക്തകണ്ഠ,രക്തകണ്ഠ
രക്തചന്ദനം,രക്തചന്ദനം
രക്തചന്ദനവും,രക്തചന്ദനം
രക്തദാഹി,രക്തദാഹി
രക്തപിത്തം,രക്തപിത്തം
രക്തപുഷ്പം,രക്തപുഷ്പം
രക്തബന്ധം,രക്തബന്ധം
രക്തബന്ധങ്ങൾ,രക്തബന്ധം
രക്തസാക്ഷി,രക്തസാക്ഷി
രക്താർബുദം,രക്താർബുദം
രക്ഷ,രക്ഷ
രക്ഷ,രക്ഷ
രക്ഷക,രക്ഷക
രക്ഷക,രക്ഷക
രക്ഷകൻ,രക്ഷകൻ
രക്ഷകനെ,രക്ഷകൻ
രക്ഷകന്,രക്ഷകൻ
രക്ഷകന്റെ,രക്ഷകൻ
രക്ഷകനും,രക്ഷകൻ
രക്ഷകാ,രക്ഷകൻ
രക്ഷണ,രക്ഷണ
രക്ഷസ്,രക്ഷസ്
രക്ഷസിന്,രക്ഷസ്
രക്ഷസ്സ്,രക്ഷസ്സ്
രക്ഷസ്സിന്,രക്ഷസ്സ്
രക്ഷസ്സിന്റെ,രക്ഷസ്സ്
രക്ഷസ്സും,രക്ഷസ്സ്
രക്ഷാ,രക്ഷാ
രക്ഷാകർത്താവ്,രക്ഷാകർത്താവ്
രക്ഷാകർത്താവിന്,രക്ഷാകർത്താവ്
രക്ഷാകർത്തൃത്വവും,രക്ഷാകർത്തൃത്വം
രക്ഷാധികാരം,രക്ഷാധികാരം
രക്ഷാധികാരവും,രക്ഷാധികാരം
രക്ഷാധികാരി,രക്ഷാധികാരി
രക്ഷിക്കുക,രക്ഷിക്കുക
രക്ഷിച്ചു,രക്ഷിക്കുക
രക്ഷിക്കുന്നു,രക്ഷിക്കുക
രക്ഷിക്കുന്ന,രക്ഷിക്കുക
രക്ഷിത,രക്ഷിത
രക്ഷിത,രക്ഷിത
രഗണം,രഗണം
രഗണവും,രഗണം
രഘു,രഘു
രഘുനന്ദനൻ,രഘുനന്ദനൻ
രഘുനന്ദനന്,രഘുനന്ദനൻ
രഘുനാഥൻ,രഘുനാഥൻ
രഘുനാഥന്,രഘുനാഥൻ
രഘുനാഥന്റെ,രഘുനാഥൻ
രഘുവംശം,രഘുവംശം
രഘുവരൻ,രഘുവരൻ
രഘുവരനെ,രഘുവരൻ
രഘുവരന്,രഘുവരൻ
രഘുവരന്റെ,രഘുവരൻ
രഘുവരനും,രഘുവരൻ
രങ്കൻ,രങ്കൻ
രങ്കനും,രങ്കൻ
രചന,രചന
രചനാ,രചനാ
രചയിതാവ്,രചയിതാവ്
രചയിതാവിനെ,രചയിതാവ്
രചയിതാവിനോട്,രചയിതാവ്
രചയിതാവിന്,രചയിതാവ്
രചയിതാവിന്റെ,രചയിതാവ്
രചയിതാവും,രചയിതാവ്
രചയിതാവായ,രചയിതാവ്
രചിക്കുക,രചിക്കുക
രചിച്ചു,രചിക്കുക
രചിക്കുന്നു,രചിക്കുക
രചിക്കുന്ന,രചിക്കുക
രചിത,രചിത
രചിത,രചിത
രജം,രജം
രജത്ത്,രജം
രജകന്,രജകൻ
രജകനും,രജകൻ
രജത,രജത
രജതം,രജതം
രജതജൂബിലി,രജതജൂബിലി
രജനി,രജനി
രജനീ,രജനി
രജപുത്രൻ,രജപുത്രൻ
രജസ്,രജസ്
രജസ്സ്,രജസ്സ്
രജസ്സിന്റെ,രജസ്സ്
രജസ്സും,രജസ്സ്
രജ്ജു,രജ്ജു
രജ്ജൂ,രജ്ജു
രജ്ജു,രജ്ജു
രജ്ജൂ,രജ്ജു
രഞ്ജന,രഞ്ജന
രഞ്ജന,രഞ്ജന
രഞ്ജിത,രഞ്ജിത
രഞ്ജിന്,രഞ്ജ്
രണ,രണ
രണം,രണം
രണങ്ങൾ,രണം
രണത്തിന്റെ,രണത്ത്
രണാങ്കണം,രണാങ്കണം
രണ്ടാം,രണ്ടാം
രണ്ടാനമ്മ,രണ്ടാനമ്മ
രണ്ടാമൻ,രണ്ടാമൻ
രണ്ടാമനെ,രണ്ടാമൻ
രണ്ടാമനോട്,രണ്ടാമൻ
രണ്ടാമന്,രണ്ടാമൻ
രണ്ടാമന്റെ,രണ്ടാമൻ
രണ്ടാമനിൽ,രണ്ടാമൻ
രണ്ടാമനും,രണ്ടാമൻ
രണ്ടായിരം,രണ്ടായിരം
രണ്ടായിരവും,രണ്ടായിരം
രണ്ട്,രണ്ട്
രണ്ടിനെ,രണ്ട്
രണ്ടിന്,രണ്ട്
രണ്ടാൽ,രണ്ട്
രണ്ടിന്റെ,രണ്ട്
രണ്ടിൽ,രണ്ട്
രണ്ടും,രണ്ട്
രണ്ടാം,രണ്ട്
രണ്ട്ട്,രണ്ട്
രണ്ട്,രണ്ട്
രണ്ടിനെ,രണ്ട്
രണ്ടിന്,രണ്ട്
രണ്ടാൽ,രണ്ട്
രണ്ടിന്റെ,രണ്ട്
രണ്ടിൽ,രണ്ട്
രണ്ടും,രണ്ട്
രണ്ടാം,രണ്ട്
രണ്ട്ട്,രണ്ട്
രത,രത
രത,രത
രതി,രതി
രതി,രതി
രത്ന,രത്ന
രത്നം,രത്നം
രത്നങ്ങൾ,രത്നം
രത്നവും,രത്നം
രത്നച്ചുരുക്കം,രത്നച്ചുരുക്കം
രത്നാകരം,രത്നാകരം
രത്നാകരവും,രത്നാകരം
രത്നാവലി,രത്നാവലി
രഥ,രഥ
രഥം,രഥം
രഥങ്ങൾ,രഥം
രഥവും,രഥം
രഥബന്ധം,രഥബന്ധം
രന്ധ്രങ്ങൾ,രന്ധ്രം
രന്ധ്രവും,രന്ധ്രം
രമ,രമ
രമ,രമ
രമണ,രമണ
രമണ,രമണ
രമണം,രമണം
രമണൻ,രമണൻ
രമണനെ,രമണൻ
രമണന്,രമണൻ
രമണന്റെ,രമണൻ
രമണനും,രമണൻ
രമണി,രമണി
രമണീ,രമണി
രമണീ,രമണീ
രമണീയ,രമണീയ
രമണീയം,രമണീയം
രമണീയത,രമണീയത
രമൻ,രമൻ
രമാ,രമൻ
രമാകാന്തൻ,രമാകാന്തൻ
രമിക്കുക,രമിക്കുക
രമിച്ചു,രമിക്കുക
രമിക്കുന്നു,രമിക്കുക
രമിക്കുന്ന,രമിക്കുക
രമേശൻ,രമേശൻ
രമേശനെ,രമേശൻ
രമേശനോട്,രമേശൻ
രമേശന്,രമേശൻ
രമേശന്റെ,രമേശൻ
രമേശനും,രമേശൻ
രമ്യ,രമ്യ
രമ്യ,രമ്യ
രമ്യത,രമ്യത
രവി,രവി
രവീ,രവി
രവി,രവി
രവീ,രവി
രശ്മി,രശ്മി
രശ്മി,രശ്മി
രസ,രസ
രസം,രസം
രസവും,രസം
രസച്ചരട്,രസച്ചരട്
രസതന്ത്രം,രസതന്ത്രം
രസതന്ത്രവും,രസതന്ത്രം
രസധാതു,രസധാതു
രസന,രസന
രസനം,രസനം
രസനേന്ദ്രിയം,രസനേന്ദ്രിയം
രസശാസ്ത്രവും,രസശാസ്ത്രം
രസാ,രസാ
രസാതലം,രസാതലം
രസായനം,രസായനം
രസായനവും,രസായനം
രസിക,രസിക
രസിക,രസിക
രസികൻ,രസികൻ
രസികന്,രസികൻ
രസിക്കുക,രസിക്കുക
രസിച്ചു,രസിക്കുക
രസിക്കുന്നു,രസിക്കുക
രസിക്കുന്ന,രസിക്കുക
രസിത,രസിത
രസിത,രസിത
രസിപ്പിക്കുക,രസിപ്പിക്കുക
രസിപ്പിച്ചു,രസിപ്പിക്കുക
രസിപ്പിക്കുന്നു,രസിപ്പിക്കുക
രസിപ്പിക്കുന്ന,രസിപ്പിക്കുക
രസ്യങ്ങൾ,രസ്യം
രഹസ്യ,രഹസ്യ
രഹസ്യം,രഹസ്യം
രഹസ്യങ്ങൾ,രഹസ്യം
രഹസ്യവും,രഹസ്യം
രഹസ്സ്,രഹസ്സ്
രഹിത,രഹിത
രഹിത,രഹിത
രാ,രാ
രാക്ഷസ,രാക്ഷസ
രാക്ഷസൻ,രാക്ഷസൻ
രാക്ഷസനെ,രാക്ഷസൻ
രാക്ഷസന്,രാക്ഷസൻ
രാക്ഷസന്റെ,രാക്ഷസൻ
രാക്ഷസന്മാർ,രാക്ഷസൻ
രാക്ഷസനും,രാക്ഷസൻ
രാക്ഷസി,രാക്ഷസി
രാഗ,രാഗ
രാഗം,രാഗം
രാഗങ്ങൾ,രാഗം
രാഗവും,രാഗം
രാഗൻ,രാഗൻ
രാഗമാലിക,രാഗമാലിക
രാഗി,രാഗി
രാഗിണി,രാഗിണി
രാഘവൻ,രാഘവൻ
രാഘവനെ,രാഘവൻ
രാഘവനോട്,രാഘവൻ
രാഘവന്,രാഘവൻ
രാഘവന്റെ,രാഘവൻ
രാഘവനും,രാഘവൻ
രാഘവാ,രാഘവൻ
രാജ,രാജ
രാജക,രാജക
രാജക,രാജക
രാജകീയ,രാജകീയ
രാജകുമാരൻ,രാജകുമാരൻ
രാജകുമാരനെ,രാജകുമാരൻ
രാജകുമാരനോട്,രാജകുമാരൻ
രാജകുമാരന്,രാജകുമാരൻ
രാജകുമാരന്റെ,രാജകുമാരൻ
രാജകുമാരനിൽ,രാജകുമാരൻ
രാജകുമാരന്മാർ,രാജകുമാരൻ
രാജകുമാരനും,രാജകുമാരൻ
രാജതരംഗിണി,രാജതരംഗിണി
രാജത്വം,രാജത്വം
രാജധാനി,രാജധാനി
രാജൻ,രാജൻ
രാജനെ,രാജൻ
രാജനോട്,രാജൻ
രാജന്,രാജൻ
രാജന്റെ,രാജൻ
രാജനിൽ,രാജൻ
രാജനും,രാജൻ
രാജാ,രാജൻ
രാജൻ,രാജൻ
രാജനെ,രാജൻ
രാജനോട്,രാജൻ
രാജന്,രാജൻ
രാജന്റെ,രാജൻ
രാജനിൽ,രാജൻ
രാജനും,രാജൻ
രാജാ,രാജൻ
രാജപാത,രാജപാത
രാജഭക്തി,രാജഭക്തി
രാജഭാഷ,രാജഭാഷ
രാജമുദ്ര,രാജമുദ്ര
രാജരത്നം,രാജരത്നം
രാജരാജൻ,രാജരാജൻ
രാജരാജന്,രാജരാജൻ
രാജരാജന്റെ,രാജരാജൻ
രാജരാജേശ്വരി,രാജരാജേശ്വരി
രാജർഷി,രാജർഷി
രാജവംശം,രാജവംശം
രാജവംശങ്ങൾ,രാജവംശം
രാജവംശവും,രാജവംശം
രാജശാസനം,രാജശാസനം
രാജശേഖരൻ,രാജശേഖരൻ
രാജശേഖരനെ,രാജശേഖരൻ
രാജശേഖരന്,രാജശേഖരൻ
രാജശേഖരന്റെ,രാജശേഖരൻ
രാജശേഖരനും,രാജശേഖരൻ
രാജശ്രീ,രാജശ്രീ
രാജസ,രാജസ
രാജസം,രാജസം
രാജസിംഹം,രാജസിംഹം
രാജസൂയം,രാജസൂയം
രാജസ്ഥാനം,രാജസ്ഥാനം
രാജസ്ഥാനങ്ങൾ,രാജസ്ഥാനം
രാജഹംസം,രാജഹംസം
രാജാ,രാജാ
രാജാജ്ഞ,രാജാജ്ഞ
രാജാധിരാജാ,രാജാധിരാജൻ
രാജാഭിഷേകം,രാജാഭിഷേകം
രാജാവ്,രാജാവ്
രാജാവിനെ,രാജാവ്
രാജാവിനോട്,രാജാവ്
രാജാവിന്,രാജാവ്
രാജാവിനാൽ,രാജാവ്
രാജാവിന്റെ,രാജാവ്
രാജാവിൽ,രാജാവ്
രാജാവും,രാജാവ്
രാജാവായ,രാജാവ്
രാജി,രാജി
രാജി,രാജി
രാജിക,രാജിക
രാജിനെ,രാജിൻ
രാജിനോട്,രാജിൻ
രാജിന്,രാജിൻ
രാജിന്റെ,രാജിൻ
രാജിനും,രാജിൻ
രാജേന്ദു,രാജേന്ദു
രാജ്,രാജ്
രാജിനെ,രാജ്
രാജിനോട്,രാജ്
രാജിന്,രാജ്
രാജിന്റെ,രാജ്
രാജിൽ,രാജ്
രാജും,രാജ്
രാജ്ഞി,രാജ്ഞി
രാജ്ഞീ,രാജ്ഞി
രാജ്യ,രാജ്യ
രാജ്യം,രാജ്യം
രാജ്യങ്ങൾ,രാജ്യം
രാജ്യവും,രാജ്യം
രാജ്യത്തു്,രാജ്യം
രാജ്യത്ത്,രാജ്യം
രാജ്യതന്ത്രം,രാജ്യതന്ത്രം
രാജ്യഭരണം,രാജ്യഭരണം
രാജ്യഭരണവും,രാജ്യഭരണം
രാജ്യസഭ,രാജ്യസഭ
രാത്ര,രാത്ര
രാത്രം,രാത്രം
രാത്രം,രാത്രം
രാത്രി,രാത്രി
രാത്രീ,രാത്രി
രാധ,രാധ
രാധ,രാധ
രാധാ,രാധാ
രാധാരമണൻ,രാധാരമണൻ
രാപ്പകൽ,രാപ്പകൽ
രാപ്പകല്,രാപ്പകൽ
രാമ,രാമ
രാമ,രാമ
രാമത്ത്,രാമം
രാമകഥപ്പാട്ട്,രാമകഥപ്പാട്ട്
രാമകഥപ്പാട്ടിന്റെ,രാമകഥപ്പാട്ട്
രാമചന്ദ്രൻ,രാമചന്ദ്രൻ
രാമചന്ദ്രനെ,രാമചന്ദ്രൻ
രാമചന്ദ്രനോട്,രാമചന്ദ്രൻ
രാമചന്ദ്രന്,രാമചന്ദ്രൻ
രാമചന്ദ്രന്റെ,രാമചന്ദ്രൻ
രാമചന്ദ്രനും,രാമചന്ദ്രൻ
രാമചരിതം,രാമചരിതം
രാമചരിതവും,രാമചരിതം
രാമച്ചം,രാമച്ചം
രാമച്ചവും,രാമച്ചം
രാമനാട്ടം,രാമനാട്ടം
രാമനാട്ടവും,രാമനാട്ടം
രാമൻ,രാമൻ
രാമനെ,രാമൻ
രാമനോട്,രാമൻ
രാമന്,രാമൻ
രാമനാൽ,രാമൻ
രാമന്റെ,രാമൻ
രാമനിൽ,രാമൻ
രാമനും,രാമൻ
രാമാ,രാമൻ
രാമബാണം,രാമബാണം
രാമരാജ്യം,രാമരാജ്യം
രാമരാജ്യവും,രാമരാജ്യം
രാമലക്ഷ്മണന്മാരെ,രാമലക്ഷ്മണന്മാർ
രാമലക്ഷ്മണന്മാരാൽ,രാമലക്ഷ്മണന്മാർ
രാമലക്ഷ്മണന്മാരുടെ,രാമലക്ഷ്മണന്മാർ
രാമലക്ഷ്മണന്മാരും,രാമലക്ഷ്മണന്മാർ
രാമസേതു,രാമസേതു
രാമാനുജൻ,രാമാനുജൻ
രാമാനുജന്,രാമാനുജൻ
രാമാനുജന്റെ,രാമാനുജൻ
രാമാനുജനും,രാമാനുജൻ
രാമായണ,രാമായണ
രാമായണം,രാമായണം
രാമായണങ്ങൾ,രാമായണം
രാമായണവും,രാമായണം
രാമിനെ,രാമിൻ
രാമിന്റെ,രാമിൻ
രാമേശ്വരം,രാമേശ്വരം
രാമേശ്വരവും,രാമേശ്വരം
രാമേശ്വരത്ത്,രാമേശ്വരം
രായ,രായ
രായത്ത്,രായം
രായൻ,രായൻ
രായ്ക്കുരാമാനം,രായ്ക്കുരാമാനം
രാവണ,രാവണ
രാവണ,രാവണ
രാവണൻ,രാവണൻ
രാവണനെ,രാവണൻ
രാവണനോട്,രാവണൻ
രാവണന്,രാവണൻ
രാവണന്റെ,രാവണൻ
രാവണനിൽ,രാവണൻ
രാവണനും,രാവണൻ
രാവണി,രാവണി
രാവിനെ,രാവിൻ
രാവിന്,രാവിൻ
രാവിന്റെ,രാവിൻ
രാവിനും,രാവിൻ
രാവിലെ,രാവിലെ
രാവ്,രാവ്
രാവിനെ,രാവ്
രാവിന്,രാവ്
രാവിന്റെ,രാവ്
രാവിൽ,രാവ്
രാവുകൾ,രാവ്
രാവും,രാവ്
രാവായ,രാവ്
രാശി,രാശി
രാശി,രാശി
രാശിചക്രം,രാശിചക്രം
രാഷ്ട്ര,രാഷ്ട്ര
രാഷ്ട്രം,രാഷ്ട്രം
രാഷ്ട്രങ്ങൾ,രാഷ്ട്രം
രാഷ്ട്രവും,രാഷ്ട്രം
രാഷ്ട്രതന്ത്രം,രാഷ്ട്രതന്ത്രം
രാഷ്ട്രതന്ത്രവും,രാഷ്ട്രതന്ത്രം
രാഷ്ട്രപതി,രാഷ്ട്രപതി
രാഷ്ട്രപിതാവ്,രാഷ്ട്രപിതാവ്
രാഷ്ട്രപിതാവിനെ,രാഷ്ട്രപിതാവ്
രാഷ്ട്രപിതാവിന്,രാഷ്ട്രപിതാവ്
രാഷ്ട്രപിതാവിന്റെ,രാഷ്ട്രപിതാവ്
രാഷ്ട്രപിതാവും,രാഷ്ട്രപിതാവ്
രാഷ്ട്രപിതാവായ,രാഷ്ട്രപിതാവ്
രാഷ്ട്രിയ,രാഷ്ട്രിയ
രാഷ്ട്രീയ,രാഷ്ട്രീയ
രാഷ്ട്രീയം,രാഷ്ട്രീയം
രാഷ്ട്രീയങ്ങൾ,രാഷ്ട്രീയം
രാഷ്ട്രീയവും,രാഷ്ട്രീയം
രാസ,രാസ
രാസകേളി,രാസകേളി
രാസകേളീ,രാസകേളി
രാസക്രീഡ,രാസക്രീഡ
രാസവളം,രാസവളം
രാസവളങ്ങൾ,രാസവളം
രാസവളവും,രാസവളം
രാഹിത്യം,രാഹിത്യം
രാഹിത്യവും,രാഹിത്യം
രാഹു,രാഹു
രാഹുകാലം,രാഹുകാലം
രാഹുരത്നം,രാഹുരത്നം
രിപു,രിപു
രിപു,രിപു
രിരി,രിരി
രീ,രീ
രീതി,രീതി
രീതി,രീതി
രു,രു
രൂ,രു
ര്ന്നു,രുക
രുന്നു,രുക
രുന്ന,രുക
രുക്,രുക്
രുക്മം,രുക്മം
രുക്മവതി,രുക്മവതി
രുക്മാംഗദനെ,രുക്മാംഗദൻ
രുക്മി,രുക്മി
രുക്മിണി,രുക്മിണി
രുക്മിണീ,രുക്മിണി
രുചക,രുചക
രുചി,രുചി
രുചി,രുചി
രുചിക്കുക,രുചിക്കുക
രുചിച്ചു,രുചിക്കുക
രുചിക്കുന്ന,രുചിക്കുക
രുചിരാ,രുചിരാ
രുജ,രുജ
രുജ,രുജ
രുദ്ര,രുദ്ര
രുദ്ര,രുദ്ര
രുദ്രൻ,രുദ്രൻ
രുദ്രനെ,രുദ്രൻ
രുദ്രന്,രുദ്രൻ
രുദ്രന്റെ,രുദ്രൻ
രുദ്രനും,രുദ്രൻ
രുദ്രപതി,രുദ്രപതി
രുദ്രവീണ,രുദ്രവീണ
രുദ്രാക്ഷം,രുദ്രാക്ഷം
രുദ്രാക്ഷവും,രുദ്രാക്ഷം
രുദ്രാക്ഷമാല,രുദ്രാക്ഷമാല
രുദ്രാണി,രുദ്രാണി
രുധിര,രുധിര
രുധിരം,രുധിരം
രുധിരം,രുധിരം
രുരു,രുരു
രുവ,രുവ
രൂക്ഷ,രൂക്ഷ
രൂക്ഷ,രൂക്ഷ
രൂക്ഷം,രൂക്ഷം
രൂക്ഷവും,രൂക്ഷം
രൂക്ഷത,രൂക്ഷത
രൂപ,രൂപ
രൂപ,രൂപ
രൂപം,രൂപം
രൂപങ്ങൾ,രൂപം
രൂപവും,രൂപം
രൂപത്ത്,രൂപം
രൂപം,രൂപം
രൂപങ്ങൾ,രൂപം
രൂപവും,രൂപം
രൂപത്ത്,രൂപം
രൂപക,രൂപക
രൂപക,രൂപക
രൂപകം,രൂപകം
രൂപകങ്ങൾ,രൂപകം
രൂപകവും,രൂപകം
രൂപകം,രൂപകം
രൂപകങ്ങൾ,രൂപകം
രൂപകവും,രൂപകം
രൂപണം,രൂപണം
രൂപത,രൂപത
രൂപതാ,രൂപതാ
രൂപവതി,രൂപവതി
രൂപവത്കരിക്കുക,രൂപവത്കരിക്കുക
രൂപവത്കരിച്ചു,രൂപവത്കരിക്കുക
രൂപവത്കരിക്കുന്നു,രൂപവത്കരിക്കുക
രൂപവത്കരിക്കുന്ന,രൂപവത്കരിക്കുക
രൂപസാദൃശ്യം,രൂപസാദൃശ്യം
രൂപസാദൃശ്യവും,രൂപസാദൃശ്യം
രൂപാ,രൂപാ
രൂപാന്തരം,രൂപാന്തരം
രൂപാന്തരങ്ങൾ,രൂപാന്തരം
രൂപാന്തരവും,രൂപാന്തരം
രൂപാന്തരണം,രൂപാന്തരണം
രൂപാന്തരണവും,രൂപാന്തരണം
രൂപാന്തരപ്പെടുന്നു,രൂപാന്തരപ്പെടുക
രൂപാന്തരപ്പെടുന്ന,രൂപാന്തരപ്പെടുക
രൂപാന്തരീകരണം,രൂപാന്തരീകരണം
രൂപീ,രൂപി
രൂപീ,രൂപി
രൂപിണി,രൂപിണി
രൂപിണീ,രൂപിണി
രൂപിനെ,രൂപിൻ
രൂപിമം,രൂപിമം
രൂപിമങ്ങൾ,രൂപിമം
രൂപീകരിക്കുക,രൂപീകരിക്കുക
രൂപീകരിച്ചു,രൂപീകരിക്കുക
രൂപീകരിക്കുന്നു,രൂപീകരിക്കുക
രൂപീകരിക്കുന്ന,രൂപീകരിക്കുക
രൂപ്,രൂപ്
രൂപിനെ,രൂപ്
രേ,രേ
രേഖ,രേഖ
രേഖ,രേഖ
രേഖാ,രേഖാ
രേഖാമൂലം,രേഖാമൂലം
രേഖാമൂലവും,രേഖാമൂലം
രേഖീയ,രേഖീയ
രേചകം,രേചകം
രേചകവും,രേചകം
രേണു,രേണു
രേണൂ,രേണു
രേണു,രേണു
രേണൂ,രേണു
രേണുക,രേണുക
രേണുക,രേണുക
രേതസ്,രേതസ്
രേതസ്സ്,രേതസ്സ്
രേഫം,രേഫം
രേവ,രേവ
രേവഗുപ്തി,രേവഗുപ്തി
രേവതന്,രേവതൻ
രേവതന്റെ,രേവതൻ
രേവതി,രേവതി
രേവതി,രേവതി
രേവന്തന്,രേവന്തൻ
രോഗ,രോഗ
രോഗം,രോഗം
രോഗങ്ങൾ,രോഗം
രോഗം,രോഗം
രോഗങ്ങൾ,രോഗം
രോഗി,രോഗി
രോഹിണി,രോഹിണി
രോഹിണി,രോഹിണി
രൗദ്ര,രൗദ്ര
രൗദ്രം,രൗദ്രം
രൗദ്രവും,രൗദ്രം
രൗദ്രത,രൗദ്രത
രൗഹിണേയന്,രൗഹിണേയൻ
റകാരം,റകാരം
റമ്പാൻ,റമ്പാൻ
റമ്പാനെ,റമ്പാൻ
റമ്പാന്,റമ്പാൻ
റമ്പാന്റെ,റമ്പാൻ
റമ്പാന്മാർ,റമ്പാൻ
റവ,റവ
റാഞ്ചൽ,റാഞ്ചൽ
റാഞ്ചല്,റാഞ്ചൽ
റാഞ്ചി,റാഞ്ചി
റാട്ട്,റാട്ട്
റാട്ടിന്റെ,റാട്ട്
റാവുത്തർ,റാവുത്തർ
റാവുത്തരെ,റാവുത്തർ
റാവുത്തരുടെ,റാവുത്തർ
റുപ്പിക,റുപ്പിക
റൂമി,റൂമി
റെ,റെ
റിനെ,റ്
റിനെ,റ്
റോട്ട്,റ്
റാൽ,റ്
റിന്റെ,റ്
റിന്റെ,റ്
റുകൾ,റ്
റുകൾ,റ്
റുകൾ,റ്
റും,റ്
റാം,റ്
റേക്ക്,റ്
റായ,റ്
റേ,റ്
റ്റ,റ്റ
റ്റാറ്റാ,റ്റാറ്റാ
ല,ല
ലംഘനം,ലംഘനം
ലംഘനങ്ങൾ,ലംഘനം
ലംഘനവും,ലംഘനം
ലംബ,ലംബ
ലംബ,ലംബ
ലംബം,ലംബം
ലംബവും,ലംബം
ലംബകങ്ങൾ,ലംബകം
ലംബകവും,ലംബകം
ലംബി,ലംബി
ലംബും,ലംബ്
ലകാരം,ലകാരം
ലക്കം,ലക്കം
ലക്കങ്ങൾ,ലക്കം
ലക്കവും,ലക്കം
ലക്കത്ത്,ലക്കം
ലക്ക്,ലക്ക്
ലക്കോട്ട്,ലക്ക്
ലക്കും,ലക്ക്
ലക്ത,ലക്ത
ലക്ഷ,ലക്ഷ
ലക്ഷം,ലക്ഷം
ലക്ഷങ്ങൾ,ലക്ഷം
ലക്ഷവും,ലക്ഷം
ലക്ഷണ,ലക്ഷണ
ലക്ഷണ,ലക്ഷണ
ലക്ഷണം,ലക്ഷണം
ലക്ഷണങ്ങൾ,ലക്ഷണം
ലക്ഷണവും,ലക്ഷണം
ലക്ഷദീപം,ലക്ഷദീപം
ലക്ഷദീപവും,ലക്ഷദീപം
ലക്ഷാധിപതി,ലക്ഷാധിപതി
ലക്ഷി,ലക്ഷി
ലക്ഷാം,ലക്ഷ്
ലക്ഷ്മണ,ലക്ഷ്മണ
ലക്ഷ്മണൻ,ലക്ഷ്മണൻ
ലക്ഷ്മണനെ,ലക്ഷ്മണൻ
ലക്ഷ്മണനോട്,ലക്ഷ്മണൻ
ലക്ഷ്മണന്,ലക്ഷ്മണൻ
ലക്ഷ്മണന്റെ,ലക്ഷ്മണൻ
ലക്ഷ്മണനും,ലക്ഷ്മണൻ
ലക്ഷ്മണാ,ലക്ഷ്മണൻ
ലക്ഷ്മന്,ലക്ഷ്മൻ
ലക്ഷ്മാ,ലക്ഷ്മൻ
ലക്ഷ്മി,ലക്ഷ്മി
ലക്ഷ്മീ,ലക്ഷ്മി
ലക്ഷ്മി,ലക്ഷ്മി
ലക്ഷ്മീ,ലക്ഷ്മി
ലക്ഷ്മീ,ലക്ഷ്മീ
ലക്ഷ്മീകടാക്ഷം,ലക്ഷ്മീകടാക്ഷം
ലക്ഷ്മീപതി,ലക്ഷ്മീപതി
ലക്ഷ്യ,ലക്ഷ്യ
ലക്ഷ്യ,ലക്ഷ്യ
ലക്ഷ്യം,ലക്ഷ്യം
ലക്ഷ്യങ്ങൾ,ലക്ഷ്യം
ലക്ഷ്യവും,ലക്ഷ്യം
ലഗ്ന,ലഗ്ന
ലഗ്ന,ലഗ്ന
ലഗ്നം,ലഗ്നം
ലഗ്നവും,ലഗ്നം
ലഗ്നാധിപൻ,ലഗ്നാധിപൻ
ലഗ്നാധിപന്,ലഗ്നാധിപൻ
ലഗ്നാധിപന്റെ,ലഗ്നാധിപൻ
ലഘു,ലഘു
ലഘു,ലഘു
ലഘുതമ,ലഘുതമ
ലഘുഭക്ഷണം,ലഘുഭക്ഷണം
ലഘുഭക്ഷണങ്ങൾ,ലഘുഭക്ഷണം
ലഘുഭക്ഷണവും,ലഘുഭക്ഷണം
ലഘൂകരിക്കുക,ലഘൂകരിക്കുക
ലഘൂകരിച്ചു,ലഘൂകരിക്കുക
ലഘൂകരിക്കുന്നു,ലഘൂകരിക്കുക
ലഘൂകരിക്കുന്ന,ലഘൂകരിക്കുക
ലങ്ക,ലങ്ക
ലങ്കാ,ലങ്കാ
ലങ്കാധിപതി,ലങ്കാധിപതി
ലങ്കാലക്ഷ്മി,ലങ്കാലക്ഷ്മി
ലജ്ജ,ലജ്ജ
ലജ്ജ,ലജ്ജ
ലജ്ജാലു,ലജ്ജാലു
ലജ്ജിച്ചു,ലജ്ജിക്കുക
ലജ്ജിക്കുന്നു,ലജ്ജിക്കുക
ലജ്ജിപ്പിക്കുന്നു,ലജ്ജിപ്പിക്കുക
ലജ്ജിപ്പിക്കുന്ന,ലജ്ജിപ്പിക്കുക
ലത,ലത
ലതാ,ലതാ
ലതിക,ലതിക
ലത്തീൻ,ലത്തീൻ
ലത്തീന്,ലത്തീൻ
ലത്തീനിൽ,ലത്തീൻ
ലത്തീനും,ലത്തീൻ
ലൻ,ലൻ
ലന്,ലൻ
ലനും,ലൻ
ലാ,ലൻ
ലബ്ധ,ലബ്ധ
ലബ്ധ,ലബ്ധ
ലബ്ധി,ലബ്ധി
ലബ്ധി,ലബ്ധി
ലഭിക്കുക,ലഭിക്കുക
ലഭിച്ചു,ലഭിക്കുക
ലഭിക്കുന്നു,ലഭിക്കുക
ലഭിക്കുന്ന,ലഭിക്കുക
ലഭ്,ലഭ്
ലഭ്യ,ലഭ്യ
ലഭ്യ,ലഭ്യ
ലമ്പടനും,ലമ്പടൻ
ലയ,ലയ
ലയം,ലയം
ലയവും,ലയം
ലയന,ലയന
ലയനം,ലയനം
ലയനങ്ങൾ,ലയനം
ലയനവും,ലയനം
ലയിക്കുക,ലയിക്കുക
ലയിച്ചു,ലയിക്കുക
ലയിക്കുന്നു,ലയിക്കുക
ലയിക്കുന്ന,ലയിക്കുക
ലല,ലല
ലളിത,ലളിത
ലളിതം,ലളിതം
ലളിതവും,ലളിതം
ലവണ,ലവണ
ലവണ,ലവണ
ലവണം,ലവണം
ലവണങ്ങൾ,ലവണം
ലവണവും,ലവണം
ലവണത,ലവണത
ലവലേശം,ലവലേശം
ലവി,ലവി
ലസിക,ലസിക
ലസിത,ലസിത
ലസിത,ലസിത
ലസ്,ലസ്
ലഹരി,ലഹരി
ലഹരി,ലഹരി
ലഹള,ലഹള
ലാ,ലാ
ലാക്ക്,ലാക്ക്
ലാക്കും,ലാക്ക്
ലാക്ഷ,ലാക്ഷ
ലാഖ,ലാഖ
ലാഘവ,ലാഘവ
ലാഘവം,ലാഘവം
ലാഘവവും,ലാഘവം
ലാഞ്ഛന,ലാഞ്ഛന
ലാട,ലാട
ലാടനും,ലാടൻ
ലാത്തി,ലാത്തുക
ലാത്തി,ലാത്തുക
ലാപ,ലാപ
ലാബു,ലാബു
ലാഭ,ലാഭ
ലാഭം,ലാഭം
ലാഭങ്ങൾ,ലാഭം
ലാഭവും,ലാഭം
ലാഭസ്ഥാനത്ത്,ലാഭസ്ഥാനം
ലായനി,ലായനി
ലാലാ,ലാലാ
ലാലാ,ലാലാ
ലാലി,ലാലി
ലാലീ,ലാലി
ലാളനവും,ലാളനം
ലാളിച്ചു,ലാളിക്കുക
ലാളിക്കുന്ന,ലാളിക്കുക
ലാളിത്യം,ലാളിത്യം
ലാളിത്യവും,ലാളിത്യം
ലാവ,ലാവ
ലാവണം,ലാവണം
ലാവണ്യം,ലാവണ്യം
ലാവണ്യവും,ലാവണ്യം
ലാസ,ലാസ
ലാസി,ലാസി
ലാസി,ലാസി
ലാസ്യ,ലാസ്യ
ലാസ്യം,ലാസ്യം
ലാസ്യവും,ലാസ്യം
ലാഹരി,ലാഹരി
ലിംഗ,ലിംഗ
ലിംഗം,ലിംഗം
ലിംഗങ്ങൾ,ലിംഗം
ലിംഗവും,ലിംഗം
ലിംഗപുരാണം,ലിംഗപുരാണം
ലിംഗിന്,ലിംഗിൻ
ലിംഗ്,ലിംഗ്
ലിംഗിന്,ലിംഗ്
ലിഖ,ലിഖ
ലിഖിത,ലിഖിത
ലിഖിത,ലിഖിത
ലിഖിതം,ലിഖിതം
ലിഖിതങ്ങൾ,ലിഖിതം
ലിഖിതവും,ലിഖിതം
ലിഖിൽ,ലിഖ്
ലിഖ്യ,ലിഖ്യ
ലിപി,ലിപി
ലിപി,ലിപി
ലിപ്,ലിപ്
ലിപിൻ,ലിപ്
ലിമ്പ്,ലിമ്പ്
ലീ,ലീ
ലീ,ലീ
ലീക,ലീക
ലീന,ലീന
ലീന,ലീന
ലീയ,ലീയ
ലീല,ലീല
ലീലയാ,ലീലയാ
ലീലാ,ലീലാ
ലീലാതിലകം,ലീലാതിലകം
ലീലാവതി,ലീലാവതി
ലു,ലു
ലൂ,ലു
ലുക്,ലുക്
ലുണ്ട്,ലുണ്ട്
ലുണ്ടായ,ലുണ്ട്
ലുന,ലുന
ലുപ്തം,ലുപ്തം
ലുബാൻ,ലുബാൻ
ലുബാന്,ലുബാൻ
ലുബാനും,ലുബാൻ
ലുബ്ധൻ,ലുബ്ധൻ
ലുബ്ധനും,ലുബ്ധൻ
ലുല,ലുല
ലൂന,ലൂന
ലൂന,ലൂന
ലേഖ,ലേഖ
ലേഖ,ലേഖ
ലേഖകൻ,ലേഖകൻ
ലേഖകനെ,ലേഖകൻ
ലേഖകനോട്,ലേഖകൻ
ലേഖകന്,ലേഖകൻ
ലേഖകന്റെ,ലേഖകൻ
ലേഖകന്മാർ,ലേഖകൻ
ലേഖകനും,ലേഖകൻ
ലേഖന,ലേഖന
ലേഖനം,ലേഖനം
ലേഖനങ്ങൾ,ലേഖനം
ലേഖനവും,ലേഖനം
ലേഖന്,ലേഖൻ
ലേഖാ,ലേഖൻ
ലേഖാ,ലേഖാ
ലേഖിക,ലേഖിക
ലേഖ്,ലേഖ്
ലേപന,ലേപന
ലേപന,ലേപന
ലേപനം,ലേപനം
ലേപനങ്ങൾ,ലേപനം
ലേപനവും,ലേപനം
ലേയവും,ലേയം
ലേലംവിളി,ലേലംവിളി
ലേശം,ലേശം
ലേശവും,ലേശം
ലേഹനം,ലേഹനം
ലേഹി,ലേഹി
ലേഹ്യം,ലേഹ്യം
ലോക,ലോക
ലോകം,ലോകം
ലോകവും,ലോകം
ലോകത്ത്,ലോകം
ലോക്,ലോക്
ലോഡ്,ലോഡ്
ലോല,ലോല
ലോല,ലോല
ലൈംഗിക,ലൈംഗിക
ല്,ല്
ലെ,ല്
ലോട്ട്,ല്
ലിന്,ല്
ലിൻ,ല്
ലിന്,ല്
ലാൽ,ല്
ലാൽ,ല്
ലുടെ,ല്
ലിന്റെ,ല്
ലിന്റെ,ല്
ലിൽ,ല്
ലിൽ,ല്
ലും,ല്
ലും,ല്
ലാം,ല്
ലേക്ക്,ല്
ലേക്ക്,ല്
ലേയ്ക്ക്,ല്
ലായ,ല്
ല്യ,ല്യ
ലൗകിക,ലൗകിക
ലൗകിക,ലൗകിക
ലൗകികവും,ലൗകികം
ലൗഹ,ലൗഹ
ളാ,ളൻ
ഴ്,ഴ്
ഴും,ഴ്
വ,വ
വംഗ,വംഗ
വംഗ,വംഗ
വംശ,വംശ
വംശം,വംശം
വംശങ്ങൾ,വംശം
വംശവും,വംശം
വംശജ,വംശജ
വംശപരമ്പര,വംശപരമ്പര
വംശസ്ഥവും,വംശസ്ഥം
വംശാവലി,വംശാവലി
വംശി,വംശി
വംശീ,വംശി
വക,വക
വക,വക
വകതിരിവ്,വകതിരിവ്
വകഭേദം,വകഭേദം
വകഭേദങ്ങൾ,വകഭേദം
വകഭേദവും,വകഭേദം
വകഞ്ഞു,വകയുക
വകു,വകു
വകുപ്പ്,വകുപ്പ്
വകുപ്പിനെ,വകുപ്പ്
വകുപ്പിനോട്,വകുപ്പ്
വകുപ്പിന്,വകുപ്പ്
വകുപ്പിൻ,വകുപ്പ്
വകുപ്പിന്റെ,വകുപ്പ്
വകുപ്പിൽ,വകുപ്പ്
വകുപ്പുകൾ,വകുപ്പ്
വകുപ്പും,വകുപ്പ്
വകുപ്പായ,വകുപ്പ്
വകുപ്പ്,വകുപ്പ്
വകുപ്പിനെ,വകുപ്പ്
വകുപ്പിനോട്,വകുപ്പ്
വകുപ്പിന്,വകുപ്പ്
വകുപ്പിൻ,വകുപ്പ്
വകുപ്പിന്റെ,വകുപ്പ്
വകുപ്പിൽ,വകുപ്പ്
വകുപ്പുകൾ,വകുപ്പ്
വകുപ്പും,വകുപ്പ്
വകുപ്പായ,വകുപ്പ്
വക്ക,വക്ക
വക്കണം,വക്കണം
വക്കൽ,വക്കൽ
വക്കാണം,വക്കാണം
വക്കാണവും,വക്കാണം
വക്കീൽ,വക്കീൽ
വക്കീല്,വക്കീൽ
വക്കുക,വക്കുക
വച്ചു,വക്കുക
വക്കുന്നു,വക്കുക
വക്കുന്ന,വക്കുക
വന്നു,വക്കുക
വക്ക്,വക്ക്
വക്കിനെ,വക്ക്
വക്കിന്,വക്ക്
വക്കിൽ,വക്ക്
വക്കുകൾ,വക്ക്
വക്കും,വക്ക്
വക്കാം,വക്ക്
വക്കുക,വക്ക്
വക്താവ്,വക്താവ്
വക്താവിനെ,വക്താവ്
വക്താവിന്റെ,വക്താവ്
വക്താവിൽ,വക്താവ്
വക്താവും,വക്താവ്
വക്താവായ,വക്താവ്
വക്ത്രം,വക്ത്രം
വക്ര,വക്ര
വക്ര,വക്ര
വക്രം,വക്രം
വക്രങ്ങൾ,വക്രം
വക്രഗതി,വക്രഗതി
വക്രത,വക്രത
വക്രത,വക്രത
വക്രിക്കുക,വക്രിക്കുക
വക്രിച്ചു,വക്രിക്കുക
വങ്ക്,വങ്ക്
വങ്കും,വങ്ക്
വചന,വചന
വചനം,വചനം
വചനങ്ങൾ,വചനം
വചനവും,വചനം
വചാ,വചൻ
വചസ്,വചസ്
വചസ്സ്,വചസ്സ്
വച്,വച്
വജ്ര,വജ്ര
വജ്ര,വജ്ര
വജ്രം,വജ്രം
വജ്രങ്ങൾ,വജ്രം
വജ്രവും,വജ്രം
വജ്രജൂബിലി,വജ്രജൂബിലി
വജ്രപാണി,വജ്രപാണി
വജ്രപ്പശ,വജ്രപ്പശ
വജ്രസൂചി,വജ്രസൂചി
വജ്രഹാരം,വജ്രഹാരം
വഞ്ചകന്,വഞ്ചകൻ
വഞ്ചന,വഞ്ചന
വഞ്ചനാ,വഞ്ചനാ
വഞ്ചി,വഞ്ചി
വഞ്ചി,വഞ്ചി
വഞ്ചിക്കുക,വഞ്ചിക്കുക
വഞ്ചിച്ചു,വഞ്ചിക്കുക
വഞ്ചിക്കുന്നു,വഞ്ചിക്കുക
വഞ്ചിക്കുന്ന,വഞ്ചിക്കുക
വഞ്ചിനാട്,വഞ്ചിനാട്
വഞ്ചിപ്പാട്ട്,വഞ്ചിപ്പാട്ട്
വഞ്ചിപ്പാട്ടിന്റെ,വഞ്ചിപ്പാട്ട്
വഞ്ചിപ്പാട്ടിൽ,വഞ്ചിപ്പാട്ട്
വഞ്ചിപ്പാട്ടും,വഞ്ചിപ്പാട്ട്
വഞ്ഞി,വഞ്ഞി
വട,വട
വട,വട
വടം,വടം
വടങ്ങൾ,വടം
വടവും,വടം
വടക,വടക
വടകം,വടകം
വടക്കതിൽ,വടക്കത്
വടക്കൻ,വടക്കൻ
വടക്കനെ,വടക്കൻ
വടക്കനോട്,വടക്കൻ
വടക്കന്,വടക്കൻ
വടക്കന്റെ,വടക്കൻ
വടക്കനും,വടക്കൻ
വടക്കൻപാട്ട്,വടക്കൻപാട്ട്
വടക്കൻപാട്ടുകൾ,വടക്കൻപാട്ട്
വടക്കിനി,വടക്കിനി
വടക്കുന്നാഥൻ,വടക്കുന്നാഥൻ
വടക്കുന്നാഥനെ,വടക്കുന്നാഥൻ
വടക്കുന്നാഥന്,വടക്കുന്നാഥൻ
വടക്കുന്നാഥന്റെ,വടക്കുന്നാഥൻ
വടക്കെ,വടക്കെ
വടക്കേതിൽ,വടക്കേത്
വടക്കേതും,വടക്കേത്
വടക്ക്,വടക്ക്
വടക്കോട്ട്,വടക്ക്
വടക്കിന്,വടക്ക്
വടക്കിന്റെ,വടക്ക്
വടക്കും,വടക്ക്
വടപത്രശായി,വടപത്രശായി
വടമ,വടമ
വടവൃക്ഷം,വടവൃക്ഷം
വടവൃക്ഷവും,വടവൃക്ഷം
വടി,വടി
വടി,വടി
വടിച്ചു,വടിക്കുക
വടിവാൾ,വടിവാൾ
വടിവാളിന്റെ,വടിവാൾ
വടിവാളിൽ,വടിവാൾ
വടിവാളുകൾ,വടിവാൾ
വടിവാളും,വടിവാൾ
വടിവ്,വടിവ്
വടിവിൽ,വടിവ്
വടിവും,വടിവ്
വടിവ്,വടിവ്
വടിവിൽ,വടിവ്
വടിവും,വടിവ്
വടു,വടു
വടു,വടു
വടുരൂപീ,വടുരൂപി
വട്ട,വട്ട
വട്ടം,വട്ടം
വട്ടങ്ങൾ,വട്ടം
വട്ടവും,വട്ടം
വട്ടം,വട്ടം
വട്ടങ്ങൾ,വട്ടം
വട്ടവും,വട്ടം
വട്ടക്കണ്ണി,വട്ടക്കണ്ണി
വട്ടക്കളി,വട്ടക്കളി
വട്ടത്തിന്,വട്ടത്ത്
വട്ടത്തിൽ,വട്ടത്ത്
വട്ടൻ,വട്ടൻ
വട്ടാ,വട്ടൻ
വട്ടയില,വട്ടയില
വട്ടളം,വട്ടളം
വട്ടളത്ത്,വട്ടളം
വട്ടി,വട്ടി
വട്ടിക,വട്ടിക
വട്ടെഴുത്ത്,വട്ടെഴുത്ത്
വട്ടെഴുത്തിന്റെ,വട്ടെഴുത്ത്
വട്ടെഴുത്തും,വട്ടെഴുത്ത്
വട്ട്,വട്ട്
വട്ടാം,വട്ട്
വണം,വണം
വണക്കം,വണക്കം
വണക്കവും,വണക്കം
വണങ്ങുക,വണങ്ങുക
വണങ്ങുന്നു,വണങ്ങുക
വണങ്ങുന്ന,വണങ്ങുക
വണിക്ക്,വണിക്ക്
വണിക്കുകൾ,വണിക്ക്
വണ്ടകം,വണ്ടകം
വണ്ടന്,വണ്ടൻ
വണ്ടാനം,വണ്ടാനം
വണ്ടി,വണ്ടി
വണ്ടി,വണ്ടി
വണ്ട്,വണ്ട്
വണ്ടിനെ,വണ്ട്
വണ്ടിന്റെ,വണ്ട്
വണ്ടിൽ,വണ്ട്
വണ്ടുകൾ,വണ്ട്
വണ്ണ,വണ്ണ
വണ്ണം,വണ്ണം
വണ്ണവും,വണ്ണം
വണ്ണം,വണ്ണം
വണ്ണവും,വണ്ണം
വണ്ണത്താൻ,വണ്ണത്താൻ
വണ്ണാത്തി,വണ്ണാത്തി
വണ്ണാൻ,വണ്ണാൻ
വണ്ണാന്മാർ,വണ്ണാൻ
വണ്ണാനും,വണ്ണാൻ
വതു,വതു
വത്തിക്കാൻ,വത്തിക്കാൻ
വത്തിക്കാനോട്,വത്തിക്കാൻ
വത്തിക്കാന്,വത്തിക്കാൻ
വത്തിക്കാന്റെ,വത്തിക്കാൻ
വത്തിക്കാനിൽ,വത്തിക്കാൻ
വത്തിക്കാനും,വത്തിക്കാൻ
വത്സ,വത്സ
വത്സ,വത്സ
വത്സൻ,വത്സൻ
വത്സനെ,വത്സൻ
വത്സന്,വത്സൻ
വത്സന്റെ,വത്സൻ
വത്സനും,വത്സൻ
വത്സാ,വത്സൻ
വത്സര,വത്സര
വത്സരം,വത്സരം
വത്സല,വത്സല
വദ,വദ
വദന,വദന
വദനം,വദനം
വദിച്ചു,വദിക്കുക
വധ,വധ
വധം,വധം
വധവും,വധം
വധു,വധു
വധൂ,വധു
വധു,വധു
വധൂ,വധു
വധൂ,വധൂ
വധൂവരന്മാർ,വധൂവരന്മാർ
വധൂവരന്മാരെ,വധൂവരന്മാർ
വധൂവരന്മാരുടെ,വധൂവരന്മാർ
വധൂവരന്മാരും,വധൂവരന്മാർ
വന,വന
വനം,വനം
വനങ്ങൾ,വനം
വനവും,വനം
വനജ,വനജ
വനജീവി,വനജീവി
വനദേവത,വനദേവത
വനമാല,വനമാല
വനമാലി,വനമാലി
വനവാസം,വനവാസം
വനവാസവും,വനവാസം
വനവാസി,വനവാസി
വനസ്ഥലി,വനസ്ഥലി
വനസ്പതി,വനസ്പതി
വനാന്തരങ്ങൾ,വനാന്തരം
വനിത,വനിത
വനിതാ,വനിതാ
വന്ദന,വന്ദന
വന്ദനം,വന്ദനം
വന്ദനീയ,വന്ദനീയ
വന്ദനീയ,വന്ദനീയ
വന്ദിക്കുക,വന്ദിക്കുക
വന്ദിച്ചു,വന്ദിക്കുക
വന്ദിക്കുന്നു,വന്ദിക്കുക
വന്ദിക്കുന്ന,വന്ദിക്കുക
വന്ദിത,വന്ദിത
വന്ദ്യ,വന്ദ്യ
വന്ദ്യ,വന്ദ്യ
വന്ദ്യാ,വന്ദ്യാ
വന്ധ്യംകരണം,വന്ധ്യംകരണം
വന്ധ്യംകരണവും,വന്ധ്യംകരണം
വന്നല,വന്നല
വന്നി,വന്നി
വന്യ,വന്യ
വന്യം,വന്യം
വന്യവും,വന്യം
വൻ,വൻ
വന്,വൻ
വന്റെ,വൻ
വാ,വൻ
വൻകിട,വൻകിട
വപ്പ്,വപ്പ്
വമന,വമന
വമനം,വമനം
വമിച്ചു,വമിക്കുക
വമിക്കുന്നു,വമിക്കുക
വമിക്കുന്ന,വമിക്കുക
വമ്പ്,വമ്പ്
വയം,വയം
വയാ,വയൻ
വയമ്പ്,വയമ്പ്
വയമ്പിൽ,വയമ്പ്
വയമ്പും,വയമ്പ്
വയറ്,വയറ്
വയറിനെ,വയറ്
വയറിനെ,വയറ്
വയറിന്,വയറ്
വയറിന്,വയറ്
വയറിന്റെ,വയറ്
വയറിന്റെ,വയറ്
വയറിൽ,വയറ്
വയറിൽ,വയറ്
വയറുകൾ,വയറ്
വയറുകൾ,വയറ്
വയറുകൾ,വയറ്
വയറും,വയറ്
വയറ്,വയറ്
വയറിനെ,വയറ്
വയറിനെ,വയറ്
വയറിന്,വയറ്
വയറിന്,വയറ്
വയറിന്റെ,വയറ്
വയറിന്റെ,വയറ്
വയറിൽ,വയറ്
വയറിൽ,വയറ്
വയറുകൾ,വയറ്
വയറുകൾ,വയറ്
വയറുകൾ,വയറ്
വയറും,വയറ്
വയറ്റാട്ടി,വയറ്റാട്ടി
വയൽ,വയൽ
വയല്,വയൽ
വയൽ,വയൽ
വയല്,വയൽ
വയസ്,വയസ്
വയസിനെ,വയസ്
വയസിന്,വയസ്
വയസിന്റെ,വയസ്
വയസിൽ,വയസ്
വയസും,വയസ്
വയസാം,വയസ്
വയസായ,വയസ്
വയസ്ക,വയസ്ക
വയസ്കൻ,വയസ്കൻ
വയസ്കനെ,വയസ്കൻ
വയസ്കന്റെ,വയസ്കൻ
വയസ്സ്,വയസ്സ്
വയസ്സിനോട്,വയസ്സ്
വയസ്സിന്,വയസ്സ്
വയസ്സിന്റെ,വയസ്സ്
വയസ്സിൽ,വയസ്സ്
വയസ്സും,വയസ്സ്
വയസ്സായ,വയസ്സ്
വയോധിക,വയോധിക
വയ്ക്കുക,വയ്ക്കുക
വയ്ച്ചു,വയ്ക്കുക
വയ്ക്കുന്നു,വയ്ക്കുക
വയ്ക്കുന്ന,വയ്ക്കുക
വയ്ക്കുക,വയ്ക്കുക
വയ്ച്ചു,വയ്ക്കുക
വയ്ക്കുന്നു,വയ്ക്കുക
വയ്ക്കുന്ന,വയ്ക്കുക
വയ്പ്,വയ്പ്
വയ്യാ,വയ്യാ
വയ്യാവേലി,വയ്യാവേലി
വര,വര
വര,വര
വരം,വരം
വരങ്ങൾ,വരം
വരവും,വരം
വരത്ത്,വരം
വരട്ട്,വരട്
വരട്ടുക,വരട്ടുക
വരട്ടെ,വരട്ടെ
വരണ,വരണ
വരണം,വരണം
വരണമാല്യം,വരണമാല്യം
വരണമാല്യവും,വരണമാല്യം
വരണ്ട,വരണ്ട
വരതനു,വരതനു
വരത്തൻ,വരത്തൻ
വരത്തനെ,വരത്തൻ
വരത്തന്,വരത്തൻ
വരത്തന്റെ,വരത്തൻ
വരത്തനിൽ,വരത്തൻ
വരത്തനും,വരത്തൻ
വരദ,വരദ
വരദക്ഷിണ,വരദക്ഷിണ
വരദാനം,വരദാനം
വരദാനവും,വരദാനം
വരൻ,വരൻ
വരനെ,വരൻ
വരനോട്,വരൻ
വരന്,വരൻ
വരന്റെ,വരൻ
വരനും,വരൻ
വരാ,വരൻ
വരപ്രസാദം,വരപ്രസാദം
വരമ്പ്,വരമ്പ്
വരമ്പിനോട്,വരമ്പ്
വരമ്പിന്,വരമ്പ്
വരമ്പിന്റെ,വരമ്പ്
വരമ്പിൽ,വരമ്പ്
വരമ്പുകൾ,വരമ്പ്
വരമ്പും,വരമ്പ്
വരയൻ,വരയൻ
വരയന്,വരയൻ
വരയ്ക്കുക,വരയ്ക്കുക
വരയ്ക്കുന്നു,വരയ്ക്കുക
വരയ്ക്കുന്ന,വരയ്ക്കുക
വരരുചി,വരരുചി
വരളുക,വരളുക
വരളുന്നു,വരളുക
വരളുന്ന,വരളുക
വരളും,വരൾ
വരവ്,വരവ്
വരവിനെ,വരവ്
വരവിനോട്,വരവ്
വരവിന്,വരവ്
വരവിന്റെ,വരവ്
വരവിൽ,വരവ്
വരവുകൾ,വരവ്
വരവും,വരവ്
വരവായ,വരവ്
വരാളി,വരാളി
വരാഹ,വരാഹ
വരാഹം,വരാഹം
വരാഹൻ,വരാഹൻ
വരാഹപുരാണം,വരാഹപുരാണം
വരാഹമിഹിരൻ,വരാഹമിഹിരൻ
വരാഹമിഹിരന്റെ,വരാഹമിഹിരൻ
വരാഹമൂർത്തി,വരാഹമൂർത്തി
വരാഹാവതാരം,വരാഹാവതാരം
വരി,വരി
വരി,വരി
വരിക്ക,വരിക്ക
വരിക്കാർ,വരിക്കാർ
വരിക്കാരെ,വരിക്കാർ
വരിക്കാരുടെ,വരിക്കാർ
വരിക്കാരും,വരിക്കാർ
വരിനെല്ല്,വരിനെല്ല്
വരിഞ്ഞു,വരിയുക
വരിസംഖ്യ,വരിസംഖ്യ
വരു,വരു
വരൂ,വരു
വരുണം,വരുണം
വരുണൻ,വരുണൻ
വരുണനെ,വരുണൻ
വരുണനോട്,വരുണൻ
വരുണന്,വരുണൻ
വരുണന്റെ,വരുണൻ
വരുണനിൽ,വരുണൻ
വരുണനും,വരുണൻ
വരുതി,വരുതി
വരുത്തുക,വരുത്തുക
വരുത്തി,വരുത്തുക
വരുത്തുന്നു,വരുത്തുക
വരുത്തുന്ന,വരുത്തുക
വരുന്ന,വരുന്ന
വരുമാനം,വരുമാനം
വരുമാനങ്ങൾ,വരുമാനം
വരുമാനവും,വരുമാനം
വരെ,വരെ
വരേണ്യ,വരേണ്യ
വര്യൻ,വര്യൻ
വര്യനാൽ,വര്യൻ
വര്യന്മാർ,വര്യൻ
വര്യനും,വര്യൻ
വർഗ,വർഗ
വർഗം,വർഗം
വർഗങ്ങൾ,വർഗം
വർഗവും,വർഗം
വർജന,വർജന
വർജന,വർജന
വർജ്യ,വർജ്യ
വർജ്യ,വർജ്യ
വർണ,വർണ
വർണം,വർണം
വർണങ്ങൾ,വർണം
വർണവും,വർണം
വർണകം,വർണകം
വർണന,വർണന
വർണന,വർണന
വർണപ്പകിട്ടിന്റെ,വർണപ്പകിട്ട്
വർണിച്ചു,വർണിക്കുക
വർണിക്കുന്നു,വർണിക്കുക
വർണിക്കുന്ന,വർണിക്കുക
വർത്തമാന,വർത്തമാന
വർത്തമാനം,വർത്തമാനം
വർത്തമാനങ്ങൾ,വർത്തമാനം
വർത്തമാനവും,വർത്തമാനം
വർത്തിക്കുക,വർത്തിക്കുക
വർത്തിച്ചു,വർത്തിക്കുക
വർത്തിക്കുന്നു,വർത്തിക്കുക
വർത്തിക്കുന്ന,വർത്തിക്കുക
വർത്തുള,വർത്തുള
വർത്തുളം,വർത്തുളം
വർധക,വർധക
വർധക,വർധക
വർധന,വർധന
വർധന,വർധന
വർധനവും,വർധനം
വർധനവ്,വർധനവ്
വർധനവിന്,വർധനവ്
വർധനവിന്റെ,വർധനവ്
വർധനവുകൾ,വർധനവ്
വർധനവും,വർധനവ്
വർധിക്കുക,വർധിക്കുക
വർധിച്ചു,വർധിക്കുക
വർധിക്കുന്നു,വർധിക്കുക
വർധിക്കുന്ന,വർധിക്കുക
വർധിത,വർധിത
വർമ,വർമ
വർമൻ,വർമൻ
വർവരാ,വർവരൻ
വർഷ,വർഷ
വർഷ,വർഷ
വർഷം,വർഷം
വർഷങ്ങൾ,വർഷം
വർഷവും,വർഷം
വർഷത്ത്,വർഷം
വർഷകാലം,വർഷകാലം
വർഷകാലവും,വർഷകാലം
വർഷകാലത്ത്,വർഷകാലം
വർഷാശനം,വർഷാശനം
വർഷിച്ചു,വർഷിക്കുക
വർഷിക്കുന്നു,വർഷിക്കുക
വർഷിക്കുന്ന,വർഷിക്കുക
വറ,വറ
വറക്കുക,വറക്കുക
വറക്കുന്ന,വറക്കുക
വറവും,വറവ്
വറുക്കുക,വറുക്കുക
വറുതി,വറുതി
വറ്റൽ,വറ്റൽ
വറ്റല്,വറ്റൽ
വറ്റി,വറ്റുക
വറ്റുന്നു,വറ്റുക
വറ്റുന്ന,വറ്റുക
വറ്റ്,വറ്റ്
വറ്റാൽ,വറ്റ്
വറ്റും,വറ്റ്
വല,വല
വല,വല
വലം,വലം
വലവും,വലം
വലത്ത്,വലം
വലങ്കൈ,വലങ്കൈ
വലജം,വലജം
വലഞ്ഞ,വലഞ്ഞ
വലത്ത്,വലത്ത്
വലത്തോട്ട്,വലത്ത്
വലത്തും,വലത്ത്
വലത്തേക്ക്,വലത്ത്
വലപ്പാട്,വലപ്പാട്
വലപ്പാടും,വലപ്പാട്
വലപ്പാട്ട്,വലപ്പാട്
വലയ,വലയ
വലയം,വലയം
വലയങ്ങൾ,വലയം
വലയവും,വലയം
വലയുക,വലയുക
വലഞ്ഞു,വലയുക
വലയുന്നു,വലയുക
വലയുന്ന,വലയുക
വലയ്ക്കുക,വലയ്ക്കുക
വലയ്ക്കുന്നു,വലയ്ക്കുക
വലയ്ക്കുന്ന,വലയ്ക്കുക
വലി,വലി
വലി,വലി
വലിക്കുക,വലിക്കുക
വലിച്ചു,വലിക്കുക
വലിക്കുന്നു,വലിക്കുക
വലിക്കുന്ന,വലിക്കുക
വലിക്കുക,വലിക്കുക
വലിച്ചു,വലിക്കുക
വലിക്കുന്നു,വലിക്കുക
വലിക്കുന്ന,വലിക്കുക
വലിച്ച,വലിച്ച
വലിപ്പിൽ,വലിപ്പ്
വലിപ്പും,വലിപ്പ്
വലിയ,വലിയ
വലിയച്ഛനും,വലിയച്ഛൻ
വലിയമ്മ,വലിയമ്മ
വലിയുക,വലിയുക
വലിഞ്ഞു,വലിയുക
വലിയുന്നു,വലിയുക
വലിയെ,വലിയെ
വലിവ്,വലിവ്
വലിവിനെ,വലിവ്
വലിവിന്റെ,വലിവ്
വലിവും,വലിവ്
വലിവ്,വലിവ്
വലിവിനെ,വലിവ്
വലിവിന്റെ,വലിവ്
വലിവും,വലിവ്
വലുത്,വലുത്
വലുതിന്,വലുത്
വലുതിൽ,വലുത്
വലുതും,വലുത്
വലുതായ,വലുത്
വല്,വല്
വല്യ,വല്യ
വല്ല,വല്ല
വല്ലം,വല്ലം
വല്ലത്ത്,വല്ലം
വല്ലം,വല്ലം
വല്ലത്ത്,വല്ലം
വല്ലതും,വല്ലതും
വല്ലഭ,വല്ലഭ
വല്ലഭ,വല്ലഭ
വല്ലഭൻ,വല്ലഭൻ
വല്ലഭനെ,വല്ലഭൻ
വല്ലഭന്,വല്ലഭൻ
വല്ലഭന്റെ,വല്ലഭൻ
വല്ലഭനും,വല്ലഭൻ
വല്ലയം,വല്ലയം
വല്ലരി,വല്ലരി
വല്ലവിധവും,വല്ലവിധവും
വല്ലാ,വല്ലാ
വല്ലാതെ,വല്ലാതെ
വല്ലായ്മ,വല്ലായ്മ
വല്ലി,വല്ലി
വല്ലി,വല്ലി
വള,വള
വള,വള
വളം,വളം
വളങ്ങൾ,വളം
വളവും,വളം
വളം,വളം
വളങ്ങൾ,വളം
വളവും,വളം
വളഞ്ഞ,വളഞ്ഞ
വളപ്പ്,വളപ്പ്
വളപ്പിന്,വളപ്പ്
വളപ്പിന്റെ,വളപ്പ്
വളപ്പിൽ,വളപ്പ്
വളപ്പും,വളപ്പ്
വളപ്പായ,വളപ്പ്
വളഭി,വളഭി
വളയം,വളയം
വളയങ്ങൾ,വളയം
വളയവും,വളയം
വളയത്ത്,വളയം
വളയൻ,വളയൻ
വളയൽ,വളയൽ
വളയല്,വളയൽ
വളയുക,വളയുക
വളഞ്ഞു,വളയുക
വളയുന്നു,വളയുക
വളയുന്ന,വളയുക
വളയ്ക്കുക,വളയ്ക്കുക
വളരുക,വളരുക
വളർന്നു,വളരുക
വളര്ന്നു,വളരുക
വളരുന്നു,വളരുക
വളരുന്ന,വളരുക
വളരെ,വളരെ
വളരെ,വളർ
വളരും,വളർ
വളരേ,വളർ
വളർന്നു,വളർക്കുക
വളർച്ച,വളർച്ച
വളർത്തുക,വളർത്തുക
വളർത്തി,വളർത്തുക
വളർത്തുന്നു,വളർത്തുക
വളർത്തുന്ന,വളർത്തുക
വളവനാൽ,വളവൻ
വളവ്,വളവ്
വളവിനെ,വളവ്
വളവിന്,വളവ്
വളവിൽ,വളവ്
വളവുകൾ,വളവ്
വളവും,വളവ്
വളാകവും,വളാകം
വളിച്ചു,വളിക്കുക
വളിക്കുന്നു,വളിക്കുക
വള്ള,വള്ള
വള്ളം,വള്ളം
വള്ളങ്ങൾ,വള്ളം
വള്ളവും,വള്ളം
വള്ളക്കാരന്,വള്ളക്കാരൻ
വള്ളക്കാരന്റെ,വള്ളക്കാരൻ
വള്ളപ്പാട്ട്,വള്ളപ്പാട്ട്
വള്ളപ്പാട്ടിന്റെ,വള്ളപ്പാട്ട്
വള്ളപ്പാട്ടും,വള്ളപ്പാട്ട്
വള്ളല്,വള്ളൽ
വള്ളി,വള്ളി
വള്ളി,വള്ളി
വള്ളിക്കിഴങ്ങും,വള്ളിക്കിഴങ്ങ്
വള്ളിയത്ത്,വള്ളിയം
വള്ളുവൻ,വള്ളുവൻ
വള്ളുവന്റെ,വള്ളുവൻ
വള്ളുവാ,വള്ളുവൻ
വള്ളുവൻ,വള്ളുവൻ
വള്ളുവന്റെ,വള്ളുവൻ
വള്ളുവാ,വള്ളുവൻ
വള്ളിൽ,വള്ള്
വഴക്കം,വഴക്കം
വഴക്കങ്ങൾ,വഴക്കം
വഴക്കവും,വഴക്കം
വഴക്കാളി,വഴക്കാളി
വഴക്ക്,വഴക്ക്
വഴക്കിനെ,വഴക്ക്
വഴക്കിന്,വഴക്ക്
വഴക്കിന്റെ,വഴക്ക്
വഴക്കിൽ,വഴക്ക്
വഴക്കുകൾ,വഴക്ക്
വഴക്കും,വഴക്ക്
വഴക്ക്,വഴക്ക്
വഴക്കിനെ,വഴക്ക്
വഴക്കിന്,വഴക്ക്
വഴക്കിന്റെ,വഴക്ക്
വഴക്കിൽ,വഴക്ക്
വഴക്കുകൾ,വഴക്ക്
വഴക്കും,വഴക്ക്
വഴങ്ങുക,വഴങ്ങുക
വഴങ്ങുന്നു,വഴങ്ങുക
വഴങ്ങുന്ന,വഴങ്ങുക
വഴങ്ങുക,വഴങ്ങുക
വഴങ്ങുന്നു,വഴങ്ങുക
വഴങ്ങുന്ന,വഴങ്ങുക
വഴന,വഴന
വഴി,വഴി
വഴി,വഴി
വഴികാട്ടി,വഴികാട്ടി
വഴിച്ചെലവിന്,വഴിച്ചെലവ്
വഴിച്ചേരി,വഴിച്ചേരി
വഴിത്തല,വഴിത്തല
വഴിത്താര,വഴിത്താര
വഴിപാട്,വഴിപാട്
വഴിപാടിന്,വഴിപാട്
വഴിപാടിൽ,വഴിപാട്
വഴിപാടുകൾ,വഴിപാട്
വഴിപാടും,വഴിപാട്
വഴിപാടായ,വഴിപാട്
വഴിപ്പെടുന്ന,വഴിപ്പെടുക
വഴിയമ്പലം,വഴിയമ്പലം
വഴിയമ്പലങ്ങൾ,വഴിയമ്പലം
വഴിയമ്പലവും,വഴിയമ്പലം
വഴിയമ്പലത്ത്,വഴിയമ്പലം
വഴിയുന്ന,വഴിയുക
വഴിയുന്ന,വഴിയുക
വഴിയെ,വഴിയെ
വഴിയേത്,വഴിയെ
വഴിവാണിഭം,വഴിവാണിഭം
വഴുക,വഴുക
വഴുക്ക,വഴുക്ക
വഴുക്കൽ,വഴുക്കൽ
വഴുക്കല്,വഴുക്കൽ
വഴുക്കുന്ന,വഴുക്കുക
വഴുതിന,വഴുതിന
വഴുതുന്നു,വഴുതുക
വഴുതുന്ന,വഴുതുക
വഴുതിന്,വഴുത്
വഴുതും,വഴുത്
വഴുപ്പും,വഴുപ്പ്
വഴുവഴുപ്പ്,വഴുവഴുപ്പ്
വവ്വാൽ,വവ്വാൽ
വവ്വാല്,വവ്വാൽ
വശ,വശ
വശ,വശ
വശം,വശം
വശങ്ങൾ,വശം
വശവും,വശം
വശത്തു്,വശം
വശമ്,വശം
വശത്ത്,വശം
വശീകരണം,വശീകരണം
വശീകരിച്ചു,വശീകരിക്കുക
വശീകരിക്കുന്നു,വശീകരിക്കുക
വശീകരിക്കുന്ന,വശീകരിക്കുക
വശ്യ,വശ്യ
വശ്യ,വശ്യ
വശ്യം,വശ്യം
വശ്യവും,വശ്യം
വഷളത്തം,വഷളത്തം
വഷളൻ,വഷളൻ
വഷളന്,വഷളൻ
വഷളന്മാർ,വഷളൻ
വസ,വസ
വസ,വസ
വസതി,വസതി
വസതി,വസതി
വസനം,വസനം
വസന്ത,വസന്ത
വസന്ത,വസന്ത
വസന്തം,വസന്തം
വസന്തങ്ങൾ,വസന്തം
വസന്തവും,വസന്തം
വസന്തൻ,വസന്തൻ
വസന്തന്,വസന്തൻ
വസന്തനും,വസന്തൻ
വസന്താ,വസന്തൻ
വസന്തപഞ്ചമി,വസന്തപഞ്ചമി
വസി,വസി
വസിക്കുക,വസിക്കുക
വസിച്ചു,വസിക്കുക
വസിക്കുന്നു,വസിക്കുക
വസിക്കുന്ന,വസിക്കുക
വസിഷ്ഠൻ,വസിഷ്ഠൻ
വസിഷ്ഠനെ,വസിഷ്ഠൻ
വസിഷ്ഠനോട്,വസിഷ്ഠൻ
വസിഷ്ഠന്,വസിഷ്ഠൻ
വസിഷ്ഠന്റെ,വസിഷ്ഠൻ
വസിഷ്ഠനും,വസിഷ്ഠൻ
വസു,വസു
വസു,വസു
വസുദേവൻ,വസുദേവൻ
വസുദേവനോട്,വസുദേവൻ
വസുദേവന്,വസുദേവൻ
വസുദേവന്റെ,വസുദേവൻ
വസുധ,വസുധ
വസുന്ധര,വസുന്ധര
വസുഭദ്രന്,വസുഭദ്രൻ
വസുമതി,വസുമതി
വസൂരി,വസൂരി
വസൂരിക്കല,വസൂരിക്കല
വസൂരിമാല,വസൂരിമാല
വസ്,വസ്
വസ്ത,വസ്ത
വസ്തി,വസ്തി
വസ്തി,വസ്തി
വസ്തു,വസ്തു
വസ്തു,വസ്തു
വസ്തുത,വസ്തുത
വസ്തുനിഷ്ഠ,വസ്തുനിഷ്ഠ
വസ്ത്ര,വസ്ത്ര
വസ്ത്രം,വസ്ത്രം
വസ്ത്രങ്ങൾ,വസ്ത്രം
വസ്ത്രവും,വസ്ത്രം
വസ്ത്രം,വസ്ത്രം
വസ്ത്രങ്ങൾ,വസ്ത്രം
വസ്ത്രവും,വസ്ത്രം
വസ്ഥ,വസ്ഥ
വഹ,വഹ
വഹ,വഹ
വഹനം,വഹനം
വഹനങ്ങൾ,വഹനം
വഹാ,വഹാ
വഹിക്കുക,വഹിക്കുക
വഹിച്ചു,വഹിക്കുക
വഹിക്കുന്നു,വഹിക്കുക
വഹിക്കുന്ന,വഹിക്കുക
വഹ്,വഹ്
വഹിൻ,വഹ്
വാ,വാ
വാ,വാ
വാക,വാക
വാക,വാക
വാകാ,വാകൻ
വാക്,വാക്
വാകായ,വാക്
വാക്കത്തി,വാക്കത്തി
വാക്കാ,വാക്കൻ
വാക്കേറ്റം,വാക്കേറ്റം
വാക്കേറ്റങ്ങൾ,വാക്കേറ്റം
വാക്കേറ്റവും,വാക്കേറ്റം
വാക്ക്,വാക്ക്
വാക്കിനെ,വാക്ക്
വാക്കിനോട്,വാക്ക്
വാക്കിന്,വാക്ക്
വാക്കാൽ,വാക്ക്
വാക്കിനാൽ,വാക്ക്
വാക്കിന്റെ,വാക്ക്
വാക്കിൽ,വാക്ക്
വാക്കുകൾ,വാക്ക്
വാക്കും,വാക്ക്
വാക്കായ,വാക്ക്
വാക്ക്,വാക്ക്
വാക്കിനെ,വാക്ക്
വാക്കിനോട്,വാക്ക്
വാക്കിന്,വാക്ക്
വാക്കാൽ,വാക്ക്
വാക്കിനാൽ,വാക്ക്
വാക്കിന്റെ,വാക്ക്
വാക്കിൽ,വാക്ക്
വാക്കുകൾ,വാക്ക്
വാക്കും,വാക്ക്
വാക്കായ,വാക്ക്
വാക്ചാതുര്യം,വാക്ചാതുര്യം
വാക്ചാതുര്യവും,വാക്ചാതുര്യം
വാക്യ,വാക്യ
വാക്യം,വാക്യം
വാക്യങ്ങൾ,വാക്യം
വാക്യവും,വാക്യം
വാക്യം,വാക്യം
വാക്യങ്ങൾ,വാക്യം
വാക്യവും,വാക്യം
വാക്യഘടന,വാക്യഘടന
വാഗ,വാഗ
വാഗീശ്വരി,വാഗീശ്വരി
വാഗ്ദത്ത,വാഗ്ദത്ത
വാഗ്ദാനം,വാഗ്ദാനം
വാഗ്ദാനങ്ങൾ,വാഗ്ദാനം
വാഗ്ദാനവും,വാഗ്ദാനം
വാഗ്ദേവത,വാഗ്ദേവത
വാഗ്ഭടന്,വാഗ്ഭടൻ
വാഗ്മി,വാഗ്മി
വാഗ്വാദം,വാഗ്വാദം
വാഗ്വാദങ്ങൾ,വാഗ്വാദം
വാഗ്വാദവും,വാഗ്വാദം
വാഗ്വിലാസം,വാഗ്വിലാസം
വാങ്ങിക്കുക,വാങ്ങിക്കുക
വാങ്ങിച്ചു,വാങ്ങിക്കുക
വാങ്ങിക്കുന്ന,വാങ്ങിക്കുക
വാങ്ങുക,വാങ്ങുക
വാങ്ങുന്നു,വാങ്ങുക
വാങ്ങുന്ന,വാങ്ങുക
വാങ്ങുക,വാങ്ങുക
വാങ്ങുന്നു,വാങ്ങുക
വാങ്ങുന്ന,വാങ്ങുക
വാങ്മയ,വാങ്മയ
വാങ്മയം,വാങ്മയം
വാചക,വാചക
വാചകം,വാചകം
വാചകങ്ങൾ,വാചകം
വാചകവും,വാചകം
വാചാല,വാചാല
വാചികം,വാചികം
വാച്ചിൽ,വാച്ചിൽ
വാച്ചില്,വാച്ചിൽ
വാച്യവും,വാച്യം
വാച്യാർഥം,വാച്യാർഥം
വാജപേയ,വാജപേയ
വാജി,വാജി
വാജീകരണവും,വാജീകരണം
വാട,വാട
വാട,വാട
വാടക,വാടക
വാടക,വാടക
വാടപ്പുറം,വാടപ്പുറം
വാടാ,വാടാ
വാടി,വാടി
വാടിക,വാടിക
വാടിക,വാടിക
വാടുന്നു,വാടുക
വാടുന്ന,വാടുക
വാടുന്നു,വാടുക
വാടുന്ന,വാടുക
വാട്,വാട്
വാടിനെ,വാട്
വാടിന്റെ,വാട്
വാടും,വാട്
വാട്ട്,വാട്
വാട്ടം,വാട്ടം
വാട്ടവും,വാട്ടം
വാഡ,വാഡ
വാണ,വാണ
വാണം,വാണം
വാണാ,വാണാ
വാണി,വാണി
വാണിനി,വാണിനി
വാണിഭം,വാണിഭം
വാണിയ,വാണിയ
വാണിയം,വാണിയം
വാണിയൻ,വാണിയൻ
വാണിയന്,വാണിയൻ
വാണിയൻ,വാണിയൻ
വാണിയന്,വാണിയൻ
വാത,വാത
വാത,വാത
വാതം,വാതം
വാതങ്ങൾ,വാതം
വാതവും,വാതം
വാതം,വാതം
വാതങ്ങൾ,വാതം
വാതവും,വാതം
വാതക,വാതക
വാതകം,വാതകം
വാതകങ്ങൾ,വാതകം
വാതകവും,വാതകം
വാതപ്പനി,വാതപ്പനി
വാതരക്തം,വാതരക്തം
വാതാനുകൂലനം,വാതാനുകൂലനം
വാതാപി,വാതാപി
വാതായനം,വാതായനം
വാതായനങ്ങൾ,വാതായനം
വാതിൽ,വാതിൽ
വാതില്,വാതിൽ
വാതിൽ,വാതിൽ
വാതില്,വാതിൽ
വാതിൽമാടം,വാതിൽമാടം
വാതിൽമാടങ്ങൾ,വാതിൽമാടം
വാത്,വാത്
വാതിൽ,വാത്
വാത്ത,വാത്ത
വാത്തി,വാത്തി
വാത്തി,വാത്തി
വാത്ത്,വാത്ത്
വാത്തുകൾ,വാത്ത്
വാത്സല്യം,വാത്സല്യം
വാത്സല്യവും,വാത്സല്യം
വാത്സ്യായനന്,വാത്സ്യായനൻ
വാത്സ്യായനന്റെ,വാത്സ്യായനൻ
വാദ,വാദ
വാദം,വാദം
വാദങ്ങൾ,വാദം
വാദവും,വാദം
വാദക,വാദക
വാദകൻ,വാദകൻ
വാദകന്,വാദകൻ
വാദകന്റെ,വാദകൻ
വാദകനും,വാദകൻ
വാദന,വാദന
വാദനം,വാദനം
വാദനവും,വാദനം
വാദപ്രതിവാദം,വാദപ്രതിവാദം
വാദപ്രതിവാദങ്ങൾ,വാദപ്രതിവാദം
വാദപ്രതിവാദവും,വാദപ്രതിവാദം
വാദി,വാദി
വാദീ,വാദി
വാദിക്കുക,വാദിക്കുക
വാദിച്ചു,വാദിക്കുക
വാദിക്കുന്നു,വാദിക്കുക
വാദിക്കുന്ന,വാദിക്കുക
വാദിന്,വാദിൻ
വാദിന്റെ,വാദിൻ
വാദ്യ,വാദ്യ
വാദ്യ,വാദ്യ
വാദ്യം,വാദ്യം
വാദ്യങ്ങൾ,വാദ്യം
വാദ്യവും,വാദ്യം
വാദ്യമേളം,വാദ്യമേളം
വാദ്യമേളങ്ങൾ,വാദ്യമേളം
വാധ്യാൻ,വാധ്യാൻ
വാധ്യാന്മാർ,വാധ്യാൻ
വാന,വാന
വാന,വാന
വാനം,വാനം
വാനവും,വാനം
വാനത്ത്,വാനം
വാനം,വാനം
വാനവും,വാനം
വാനത്ത്,വാനം
വാനപ്രസ്ഥം,വാനപ്രസ്ഥം
വാനപ്രസ്ഥൻ,വാനപ്രസ്ഥൻ
വാനമ്പാടി,വാനമ്പാടി
വാനരൻ,വാനരൻ
വാനരനെ,വാനരൻ
വാനരന്,വാനരൻ
വാനരന്മാർ,വാനരൻ
വാനരനും,വാനരൻ
വാനവൻ,വാനവൻ
വാനവില്ലേ,വാനവില്ല്
വാൻ,വാൻ
വാന്,വാൻ
വാന്റെ,വാൻ
വാനിൽ,വാൻ
വാനുകൾ,വാൻ
വാനും,വാൻ
വാനേ,വാൻ
വാൻ,വാൻ
വാന്,വാൻ
വാന്റെ,വാൻ
വാനിൽ,വാൻ
വാനുകൾ,വാൻ
വാനും,വാൻ
വാനേ,വാൻ
വാപി,വാപി
വാമ,വാമ
വാമദേവൻ,വാമദേവൻ
വാമദേവന്,വാമദേവൻ
വാമദേവന്റെ,വാമദേവൻ
വാമന,വാമന
വാമനൻ,വാമനൻ
വാമനനെ,വാമനൻ
വാമനനോട്,വാമനൻ
വാമനന്,വാമനൻ
വാമനന്റെ,വാമനൻ
വാമനനും,വാമനൻ
വാമൻ,വാമൻ
വാമന്,വാമൻ
വാമാ,വാമൻ
വാമഭാഗം,വാമഭാഗം
വാമി,വാമി
വാമിക,വാമിക
വായ,വായ
വായന,വായന
വായനാ,വായനൻ
വായൻ,വായൻ
വായാടി,വായാടി
വായിക്കുക,വായിക്കുക
വായിച്ചു,വായിക്കുക
വായിക്കുന്നു,വായിക്കുക
വായിക്കുന്ന,വായിക്കുക
വായു,വായു
വായൂ,വായു
വായു,വായു
വായൂ,വായു
വായുപുരാണം,വായുപുരാണം
വായുമണ്ഡലം,വായുമണ്ഡലം
വായുസ്തംഭനം,വായുസ്തംഭനം
വായൂ,വായൂ
വായ്,വായ്
വായിൽ,വായ്
വായും,വായ്
വായ്ക്കര,വായ്ക്കര
വായ്ക്കരി,വായ്ക്കരി
വായ്ച്ചു,വായ്ക്കുക
വായ്ച്ചു,വായ്ക്കുക
വായ്ത്തല,വായ്ത്തല
വായ്ത്താരി,വായ്ത്താരി
വായ്പ്പ,വായ്പ്പ
വാര,വാര
വാരം,വാരം
വാരങ്ങൾ,വാരം
വാരവും,വാരം
വാരത്ത്,വാരം
വാരം,വാരം
വാരങ്ങൾ,വാരം
വാരവും,വാരം
വാരത്ത്,വാരം
വാരണം,വാരണം
വാരൻ,വാരൻ
വാരന്,വാരൻ
വാരാ,വാരൻ
വാരൽ,വാരൽ
വാരല്,വാരൽ
വാരാ,വാരാ
വാരാണസി,വാരാണസി
വാരാഹി,വാരാഹി
വാരാഹീ,വാരാഹി
വാരി,വാരി
വാരി,വാരി
വാരിക,വാരിക
വാരികാ,വാരികാ
വാരിക്കുഴി,വാരിക്കുഴി
വാരിധാര,വാരിധാര
വാരിയം,വാരിയം
വാരിയത്ത്,വാരിയം
വാരിയം,വാരിയം
വാരിയത്ത്,വാരിയം
വാരിയൻ,വാരിയൻ
വാരിയന്,വാരിയൻ
വാരിയന്മാർ,വാരിയൻ
വാരിയർ,വാരിയർ
വാരിയരെ,വാരിയർ
വാരിയരോട്,വാരിയർ
വാരിയരുടെ,വാരിയർ
വാരിയരും,വാരിയർ
വാരിയെല്ല്,വാരിയെല്ല്
വാരിയെല്ലിന്,വാരിയെല്ല്
വാരിയെല്ലിന്,വാരിയെല്ല്
വാരിയെല്ലിൽ,വാരിയെല്ല്
വാരിയെല്ലിൽ,വാരിയെല്ല്
വാരിയെല്ലുകൾ,വാരിയെല്ല്
വാരിയെല്ലുകൾ,വാരിയെല്ല്
വാരിയെല്ലും,വാരിയെല്ല്
വാരിയെല്ലും,വാരിയെല്ല്
വാരിളം,വാരിളം
വാരു,വാരു
വാരുക,വാരുക
വാർന്നു,വാരുക
വാര്ന്നു,വാരുക
വാരുന്നു,വാരുക
വാരുന്ന,വാരുക
വാരുക,വാരുക
വാർന്നു,വാരുക
വാര്ന്നു,വാരുക
വാരുന്നു,വാരുക
വാരുന്ന,വാരുക
വാരുണി,വാരുണി
വാരുണീ,വാരുണി
വാരുണി,വാരുണി
വാരുണീ,വാരുണി
വാരുണീ,വാരുണീ
വാര്,വാര്
വാരും,വാര്
വാരാം,വാര്
വാരുക,വാര്
വാര്യം,വാര്യം
വാര്യത്ത്,വാര്യം
വാര്യൻ,വാര്യൻ
വാർ,വാർ
വാരെ,വാർ
വാരും,വാർ
വാർക്കുന്നു,വാർക്കുക
വാർക്കുന്ന,വാർക്കുക
വാർന്നു,വാർക്കുക
വാർക്കുന്നു,വാർക്കുക
വാർക്കുന്ന,വാർക്കുക
വാർന്നു,വാർക്കുക
വാർതിങ്കളേ,വാർതിങ്കൾ
വാർത്ത,വാർത്ത
വാർത്തികം,വാർത്തികം
വാർധക്യം,വാർധക്യം
വാർധക്യവും,വാർധക്യം
വാർന്ന,വാർന്ന
വാർപ്പ്,വാർപ്പ്
വാർപ്പിന്,വാർപ്പ്
വാർപ്പിൽ,വാർപ്പ്
വാർഷിക,വാർഷിക
വാർഷിക,വാർഷിക
വാർഷികം,വാർഷികം
വാർഷികവും,വാർഷികം
വാറിന്,വാറ്
വാറിന്,വാറ്
വാറിന്റെ,വാറ്
വാറിന്റെ,വാറ്
വാറിൽ,വാറ്
വാറിൽ,വാറ്
വാറിന്,വാറ്
വാറിന്,വാറ്
വാറിന്റെ,വാറ്
വാറിന്റെ,വാറ്
വാറിൽ,വാറ്
വാറിൽ,വാറ്
വാറ്റൽ,വാറ്റൽ
വാറ്റി,വാറ്റുക
വാറ്റുന്ന,വാറ്റുക
വാറ്റ്,വാറ്റ്
വാറ്റിന്,വാറ്റ്
വാറ്റിന്,വാറ്റ്
വാറ്റിന്റെ,വാറ്റ്
വാറ്റിന്റെ,വാറ്റ്
വാറ്റിൽ,വാറ്റ്
വാറ്റിൽ,വാറ്റ്
വാറ്റും,വാറ്റ്
വാല,വാല
വാലം,വാലം
വാലത്ത്,വാലം
വാലൻ,വാലൻ
വാലന്,വാലൻ
വാലന്മാർ,വാലൻ
വാലാ,വാലൻ
വാലൻ,വാലൻ
വാലന്,വാലൻ
വാലന്മാർ,വാലൻ
വാലാ,വാലൻ
വാലാട്ടുന്ന,വാലാട്ടുക
വാലി,വാലി
വാലീ,വാലി
വാലീ,വാലീ
വാലെ,വാലെ
വാല്മീകി,വാല്മീകി
വാല്മീകീ,വാല്മീകി
വാല്യം,വാല്യം
വാല്യങ്ങൾ,വാല്യം
വാല്യവും,വാല്യം
വാൽ,വാൽ
വാല്,വാൽ
വാൽ,വാൽ
വാല്,വാൽ
വാൽക്കണ്ണാടി,വാൽക്കണ്ണാടി
വാൽനക്ഷത്രം,വാൽനക്ഷത്രം
വാൽനക്ഷത്രങ്ങൾ,വാൽനക്ഷത്രം
വാളം,വാളം
വാളം,വാളം
വാളകം,വാളകം
വാളകത്ത്,വാളകം
വാളൻ,വാളൻ
വാളന്,വാളൻ
വാള്,വാള്
വാളിനെ,വാള്
വാളിന്,വാള്
വാളാൽ,വാള്
വാളിനാൽ,വാള്
വാളിന്റെ,വാള്
വാളിൽ,വാള്
വാളുകൾ,വാള്
വാളും,വാള്
വാളായ,വാള്
വാൾ,വാൾ
വാളാൽ,വാൾ
വാളിന്റെ,വാൾ
വാളിൽ,വാൾ
വാളുകൾ,വാൾ
വാളും,വാൾ
വാൾ,വാൾ
വാളാൽ,വാൾ
വാളിന്റെ,വാൾ
വാളിൽ,വാൾ
വാളുകൾ,വാൾ
വാളും,വാൾ
വാഴ,വാഴ
വാഴ,വാഴ
വാഴനാര്,വാഴനാര്
വാഴപ്പിണ്ടി,വാഴപ്പിണ്ടി
വാഴയ്ക്ക,വാഴയ്ക്ക
വാഴി,വാഴി
വാഴി,വാഴി
വാഴിക്കുക,വാഴിക്കുക
വാഴിച്ചു,വാഴിക്കുക
വാഴിക്കുന്നു,വാഴിക്കുക
വാഴിക്കുന്ന,വാഴിക്കുക
വാഴുക,വാഴുക
വാഴുന്നു,വാഴുക
വാഴുന്ന,വാഴുക
വാഴുന്നവർ,വാഴുന്നവർ
വാഴുന്നവരെ,വാഴുന്നവർ
വാഴുന്നവരുടെ,വാഴുന്നവർ
വാഴുന്നവരും,വാഴുന്നവർ
വാഴ്,വാഴ്
വാഴുകൾ,വാഴ്
വാഴും,വാഴ്
വാഴുക,വാഴ്
വാഴ്ക,വാഴ്ക
വാഴ്ച,വാഴ്ച
വാഴ്ച,വാഴ്ച
വാഴ്വ്,വാഴ്വ്
വാഴ്വിന്റെ,വാഴ്വ്
വാഴ്വും,വാഴ്വ്
വാവൽ,വാവൽ
വാവുബലി,വാവുബലി
വാവ്,വാവ്
വാവിന്,വാവ്
വാവിന്റെ,വാവ്
വാവേക്ക്,വാവ്
വാശി,വാശി
വാശി,വാശി
വാസ,വാസ
വാസം,വാസം
വാസവും,വാസം
വാസകസജ്ജ,വാസകസജ്ജ
വാസന,വാസന
വാസന,വാസന
വാസനാ,വാസനാ
വാസന്തം,വാസന്തം
വാസന്തി,വാസന്തി
വാസന്തീ,വാസന്തി
വാസര,വാസര
വാസരം,വാസരം
വാസരം,വാസരം
വാസരാധീശന്,വാസരാധീശൻ
വാസവൻ,വാസവൻ
വാസവനെ,വാസവൻ
വാസവന്,വാസവൻ
വാസവന്റെ,വാസവൻ
വാസവന്മാർ,വാസവൻ
വാസവനും,വാസവൻ
വാസസ്ഥലം,വാസസ്ഥലം
വാസസ്ഥലങ്ങൾ,വാസസ്ഥലം
വാസസ്ഥലവും,വാസസ്ഥലം
വാസസ്ഥലത്ത്,വാസസ്ഥലം
വാസി,വാസി
വാസി,വാസി
വാസിനി,വാസിനി
വാസിന്റെ,വാസിൻ
വാസിനും,വാസിൻ
വാസിഷ്ഠം,വാസിഷ്ഠം
വാസു,വാസു
വാസുകി,വാസുകി
വാസുദേവം,വാസുദേവം
വാസുദേവൻ,വാസുദേവൻ
വാസുദേവനെ,വാസുദേവൻ
വാസുദേവന്,വാസുദേവൻ
വാസുദേവന്റെ,വാസുദേവൻ
വാസുദേവന്മാർ,വാസുദേവൻ
വാസുദേവനും,വാസുദേവൻ
വാസ്,വാസ്
വാസിന്റെ,വാസ്
വാസിൽ,വാസ്
വാസും,വാസ്
വാസ്തവ,വാസ്തവ
വാസ്തവ,വാസ്തവ
വാസ്തവം,വാസ്തവം
വാസ്തവവും,വാസ്തവം
വാസ്തവിക,വാസ്തവിക
വാസ്തു,വാസ്തു
വാസ്തു,വാസ്തു
വാസ്തുപൂജ,വാസ്തുപൂജ
വാസ്തുബലി,വാസ്തുബലി
വാസ്തുവിദ്യ,വാസ്തുവിദ്യ
വാഹ,വാഹ
വാഹ,വാഹ
വാഹം,വാഹം
വാഹങ്ങൾ,വാഹം
വാഹക,വാഹക
വാഹകൻ,വാഹകൻ
വാഹന,വാഹന
വാഹനം,വാഹനം
വാഹനങ്ങൾ,വാഹനം
വാഹനവും,വാഹനം
വാഹൻ,വാഹൻ
വാഹന്,വാഹൻ
വാഹി,വാഹി
വാഹിനി,വാഹിനി
വി,വി
വീ,വി
വി,വി
വീ,വി
വികട,വികട
വികട,വികട
വികടൻ,വികടൻ
വികടന്,വികടൻ
വികടനിൽ,വികടൻ
വികർണനും,വികർണൻ
വികർഷണം,വികർഷണം
വികല,വികല
വികല,വികല
വികലവും,വികലം
വികലാംഗ,വികലാംഗ
വികല്പം,വികല്പം
വികസത്തിന്,വികസത്ത്
വികസത്തിന്റെ,വികസത്ത്
വികസനം,വികസനം
വികസനങ്ങൾ,വികസനം
വികസനവും,വികസനം
വികസൻ,വികസൻ
വികസിക്കുക,വികസിക്കുക
വികസിച്ചു,വികസിക്കുക
വികസിക്കുന്നു,വികസിക്കുക
വികസിക്കുന്ന,വികസിക്കുക
വികസിത,വികസിത
വികസ്വര,വികസ്വര
വികാര,വികാര
വികാരം,വികാരം
വികാരങ്ങൾ,വികാരം
വികാരവും,വികാരം
വികാരി,വികാരി
വികിരണം,വികിരണം
വികിരണങ്ങൾ,വികിരണം
വികിരണവും,വികിരണം
വികുണ്ഠ,വികുണ്ഠ
വികുണ്ഠന്,വികുണ്ഠൻ
വികൃത,വികൃത
വികൃതം,വികൃതം
വികൃതവും,വികൃതം
വികൃതി,വികൃതി
വികൃതി,വികൃതി
വിക്കം,വിക്കം
വിക്കുക,വിക്കുക
വിച്ചു,വിക്കുക
വിക്കുന്ന,വിക്കുക
വിക്കി,വിക്കുക
വിക്ക്,വിക്ക്
വിക്കിനെ,വിക്ക്
വിക്കിന്,വിക്ക്
വിക്കിന്റെ,വിക്ക്
വിക്കിൽ,വിക്ക്
വിക്കും,വിക്ക്
വിക്കാം,വിക്ക്
വിക്കുക,വിക്ക്
വിക്രമ,വിക്രമ
വിക്രമം,വിക്രമം
വിക്രമങ്ങൾ,വിക്രമം
വിക്രമൻ,വിക്രമൻ
വിക്രമനെ,വിക്രമൻ
വിക്രമനോട്,വിക്രമൻ
വിക്രമന്,വിക്രമൻ
വിക്രമന്റെ,വിക്രമൻ
വിക്രമനും,വിക്രമൻ
വിക്രമാ,വിക്രമൻ
വിക്രയം,വിക്രയം
വിക്രയങ്ങൾ,വിക്രയം
വിക്രാന്ത,വിക്രാന്ത
വിക്ഷേപം,വിക്ഷേപം
വിക്ഷേപവും,വിക്ഷേപം
വിക്ഷേപണം,വിക്ഷേപണം
വിക്ഷേപണങ്ങൾ,വിക്ഷേപണം
വിക്ഷേപണവും,വിക്ഷേപണം
വിഖ്യാത,വിഖ്യാത
വിഖ്യാപനം,വിഖ്യാപനം
വിഗണിച്ചു,വിഗണിക്കുക
വിഗത,വിഗത
വിഗീത,വിഗീത
വിഗ്ന,വിഗ്ന
വിഗ്രഹ,വിഗ്രഹ
വിഗ്രഹം,വിഗ്രഹം
വിഗ്രഹങ്ങൾ,വിഗ്രഹം
വിഗ്രഹവും,വിഗ്രഹം
വിഗ്രഹാരാധന,വിഗ്രഹാരാധന
വിഘടനം,വിഘടനം
വിഘടിച്ചു,വിഘടിക്കുക
വിഘടിക്കുന്നു,വിഘടിക്കുക
വിഘടിക്കുന്ന,വിഘടിക്കുക
വിഘടിത,വിഘടിത
വിഘനങ്ങൾ,വിഘനം
വിഘസം,വിഘസം
വിഘാതം,വിഘാതം
വിഘ്നം,വിഘ്നം
വിഘ്നങ്ങൾ,വിഘ്നം
വിഘ്നവും,വിഘ്നം
വിങ്ങുന്നു,വിങ്ങുക
വിങ്ങുന്ന,വിങ്ങുക
വിചക്ഷണ,വിചക്ഷണ
വിചലനം,വിചലനം
വിചാര,വിചാര
വിചാരം,വിചാരം
വിചാരങ്ങൾ,വിചാരം
വിചാരവും,വിചാരം
വിചാരണ,വിചാരണ
വിചാരണം,വിചാരണം
വിചാരിപ്പ്,വിചാരിപ്പ്
വിചാരിപ്പ്,വിചാരിപ്പ്
വിചിത,വിചിത
വിചിത്ര,വിചിത്ര
വിചിത്രം,വിചിത്രം
വിചിത്രവും,വിചിത്രം
വിചിത്രവീര്യനെ,വിചിത്രവീര്യൻ
വിചിത്രവീര്യന്റെ,വിചിത്രവീര്യൻ
വിചിന്തനം,വിചിന്തനം
വിചിന്തനങ്ങൾ,വിചിന്തനം
വിചേഷ്ടിതം,വിചേഷ്ടിതം
വിച്,വിച്
വിച്ഛേദ,വിച്ഛേദ
വിച്ഛേദം,വിച്ഛേദം
വിച്ഛേദവും,വിച്ഛേദം
വിച്ഛേദനം,വിച്ഛേദനം
വിജന,വിജന
വിജനവും,വിജനം
വിജയ,വിജയ
വിജയം,വിജയം
വിജയങ്ങൾ,വിജയം
വിജയവും,വിജയം
വിജയദശമി,വിജയദശമി
വിജയൻ,വിജയൻ
വിജയനെ,വിജയൻ
വിജയനോട്,വിജയൻ
വിജയന്,വിജയൻ
വിജയന്റെ,വിജയൻ
വിജയനും,വിജയൻ
വിജയാ,വിജയൻ
വിജയലക്ഷ്മി,വിജയലക്ഷ്മി
വിജയി,വിജയി
വിജയീ,വിജയി
വിജയിക്കുക,വിജയിക്കുക
വിജയിച്ചു,വിജയിക്കുക
വിജയിക്കുന്നു,വിജയിക്കുക
വിജയിക്കുന്ന,വിജയിക്കുക
വിജയിനെ,വിജയിൻ
വിജയിനോട്,വിജയിൻ
വിജയിന്,വിജയിൻ
വിജയിന്റെ,വിജയിൻ
വിജയിനും,വിജയിൻ
വിജാതീയ,വിജാതീയ
വിജിഗീഷു,വിജിഗീഷു
വിജിത,വിജിത
വിജേതാവിനെ,വിജേതാവ്
വിജ്,വിജ്
വിജിന്,വിജ്
വിജിന്റെ,വിജ്
വിജിൽ,വിജ്
വിജായ,വിജ്
വിജ്ഞാന,വിജ്ഞാന
വിജ്ഞാനം,വിജ്ഞാനം
വിജ്ഞാനങ്ങൾ,വിജ്ഞാനം
വിജ്ഞാനവും,വിജ്ഞാനം
വിജ്ഞാനമയ,വിജ്ഞാനമയ
വിജ്ഞാപനം,വിജ്ഞാപനം
വിജ്ഞാപനങ്ങൾ,വിജ്ഞാപനം
വിജ്ഞാപനവും,വിജ്ഞാപനം
വിട,വിട
വിടവും,വിടം
വിടർന്നു,വിടരുക
വിടര്ന്നു,വിടരുക
വിടരുന്നു,വിടരുക
വിടരുന്ന,വിടരുക
വിടരും,വിടർ
വിടർന്നു,വിടർക്കുക
വിടർത്തി,വിടർത്തുക
വിടർത്തുന്നു,വിടർത്തുക
വിടർത്തുന്ന,വിടർത്തുക
വിടൽ,വിടൽ
വിടല്,വിടൽ
വിടവ്,വിടവ്
വിടവിനെ,വിടവ്
വിടവിന്റെ,വിടവ്
വിടവിൽ,വിടവ്
വിടവുകൾ,വിടവ്
വിടവും,വിടവ്
വിടാതെ,വിടാതെ
വിടി,വിടി
വിടു,വിടു
വിടൂ,വിടു
വിടുക,വിടുക
വിടുന്നു,വിടുക
വിടുന്ന,വിടുക
വിടുന്നു,വിടുക്കുക
വിടുതലൈ,വിടുതലൈ
വിടുതൽ,വിടുതൽ
വിടുതല്,വിടുതൽ
വിടുതി,വിടുതി
വിടുപണി,വിടുപണി
വിടുവിച്ചു,വിടുവിക്കുക
വിട്ട,വിട്ട
വിഡ്ഢി,വിഡ്ഢി
വിഡ്ഢീ,വിഡ്ഢി
വിഡ്ഢിത്തം,വിഡ്ഢിത്തം
വിഡ്ഢിത്തവും,വിഡ്ഢിത്തം
വിണ്ണ്,വിണ്ണ്
വിണ്ണും,വിണ്ണ്
വിത,വിത
വിത,വിത
വിതതം,വിതതം
വിതയ്ക്കുക,വിതയ്ക്കുക
വിതയ്ക്കുന്നു,വിതയ്ക്കുക
വിതയ്ക്കുന്ന,വിതയ്ക്കുക
വിതരം,വിതരം
വിതരണം,വിതരണം
വിതരണങ്ങൾ,വിതരണം
വിതരണവും,വിതരണം
വിതറുക,വിതറുക
വിതറി,വിതറുക
വിതറുന്നു,വിതറുക
വിതറുന്ന,വിതറുക
വിതലം,വിതലം
വിതാനം,വിതാനം
വിതാനവും,വിതാനം
വിതുമ്പല്,വിതുമ്പൽ
വിതുമ്പുന്നു,വിതുമ്പുക
വിതുമ്പുന്ന,വിതുമ്പുക
വിത്ത,വിത്ത
വിത്ത,വിത്ത
വിത്തന്,വിത്തൻ
വിത്ത്,വിത്ത്
വിത്തിനെ,വിത്ത്
വിത്തിന്,വിത്ത്
വിത്തിൻ,വിത്ത്
വിത്തിന്റെ,വിത്ത്
വിത്തിൽ,വിത്ത്
വിത്തുകൾ,വിത്ത്
വിത്തും,വിത്ത്
വിത്തായ,വിത്ത്
വിത്ത്,വിത്ത്
വിത്തിനെ,വിത്ത്
വിത്തിന്,വിത്ത്
വിത്തിൻ,വിത്ത്
വിത്തിന്റെ,വിത്ത്
വിത്തിൽ,വിത്ത്
വിത്തുകൾ,വിത്ത്
വിത്തും,വിത്ത്
വിത്തായ,വിത്ത്
വിദ,വിദ
വിദഗ്ധ,വിദഗ്ധ
വിദർഭൻ,വിദർഭൻ
വിദിക്ക്,വിദിക്ക്
വിദിക്കും,വിദിക്ക്
വിദിശ,വിദിശ
വിദുര,വിദുര
വിദൂര,വിദൂര
വിദൂര,വിദൂര
വിദൂഷക,വിദൂഷക
വിദേശം,വിദേശം
വിദേശത്ത്,വിദേശം
വിദേശി,വിദേശി
വിദേശീ,വിദേശി
വിദേഹ,വിദേഹ
വിദാൽ,വിദ്
വിദാം,വിദ്
വിദ്യ,വിദ്യ
വിദ്യ,വിദ്യ
വിദ്യാ,വിദ്യാ
വിദ്യാദാനം,വിദ്യാദാനം
വിദ്യാദേവി,വിദ്യാദേവി
വിദ്യാധനം,വിദ്യാധനം
വിദ്യാധരൻ,വിദ്യാധരൻ
വിദ്യാധരനെ,വിദ്യാധരൻ
വിദ്യാധരന്,വിദ്യാധരൻ
വിദ്യാധരന്റെ,വിദ്യാധരൻ
വിദ്യാധരനും,വിദ്യാധരൻ
വിദ്യാധരാ,വിദ്യാധരൻ
വിദ്യാഭ്യാസം,വിദ്യാഭ്യാസം
വിദ്യാഭ്യാസവും,വിദ്യാഭ്യാസം
വിദ്യാരംഭം,വിദ്യാരംഭം
വിദ്യാരംഭവും,വിദ്യാരംഭം
വിദ്യാർഥി,വിദ്യാർഥി
വിദ്യാലയം,വിദ്യാലയം
വിദ്യാലയങ്ങൾ,വിദ്യാലയം
വിദ്യാലയവും,വിദ്യാലയം
വിദ്യുച്ഛക്തി,വിദ്യുച്ഛക്തി
വിദ്യുത്ത്,വിദ്യുത്ത്
വിദ്യുന്മാല,വിദ്യുന്മാല
വിദ്യുന്മാലി,വിദ്യുന്മാലി
വിദ്രധി,വിദ്രധി
വിദ്രധി,വിദ്രധി
വിദ്വാൻ,വിദ്വാൻ
വിദ്വാനെ,വിദ്വാൻ
വിദ്വാന്,വിദ്വാൻ
വിദ്വാന്റെ,വിദ്വാൻ
വിദ്വാന്മാർ,വിദ്വാൻ
വിദ്വാനും,വിദ്വാൻ
വിദ്വേഷം,വിദ്വേഷം
വിദ്വേഷവും,വിദ്വേഷം
വിധ,വിധ
വിധം,വിധം
വിധവും,വിധം
വിധവ,വിധവ
വിധവാ,വിധവാ
വിധാന,വിധാന
വിധാനം,വിധാനം
വിധാനങ്ങൾ,വിധാനം
വിധായക,വിധായക
വിധായക,വിധായക
വിധി,വിധി
വിധി,വിധി
വിധികർത്താവ്,വിധികർത്താവ്
വിധികർത്താവിനെ,വിധികർത്താവ്
വിധികർത്താവിന്റെ,വിധികർത്താവ്
വിധികർത്താവും,വിധികർത്താവ്
വിധിക്കുക,വിധിക്കുക
വിധിച്ചു,വിധിക്കുക
വിധിക്കുന്നു,വിധിക്കുക
വിധിക്കുന്ന,വിധിക്കുക
വിധിപ്പകർപ്പ്,വിധിപ്പകർപ്പ്
വിധിലിഖിതം,വിധിലിഖിതം
വിധു,വിധു
വിധുന്തുദന്,വിധുന്തുദൻ
വിധുമുഖി,വിധുമുഖി
വിധേന,വിധേന
വിധേയ,വിധേയ
വിധേയ,വിധേയ
വിധേയം,വിധേയം
വിധേയൻ,വിധേയൻ
വിധേയനെ,വിധേയൻ
വിധേയന്,വിധേയൻ
വിധേയനിൽ,വിധേയൻ
വിധേയനും,വിധേയൻ
വിധ്വംസനം,വിധ്വംസനം
വിന,വിന
വിന,വിന
വിനത,വിനത
വിനമ്ര,വിനമ്ര
വിനയ,വിനയ
വിനയം,വിനയം
വിനയവും,വിനയം
വിനയൻ,വിനയൻ
വിനയനെ,വിനയൻ
വിനയനോട്,വിനയൻ
വിനയന്,വിനയൻ
വിനയന്റെ,വിനയൻ
വിനയനും,വിനയൻ
വിനയാ,വിനയൻ
വിനയെച്ചം,വിനയെച്ചം
വിനയെച്ചങ്ങൾ,വിനയെച്ചം
വിനാ,വിനാ
വിനായക,വിനായക
വിനായകം,വിനായകം
വിനായകചതുർഥി,വിനായകചതുർഥി
വിനായകൻ,വിനായകൻ
വിനായകനെ,വിനായകൻ
വിനായകന്,വിനായകൻ
വിനായകന്റെ,വിനായകൻ
വിനായകനും,വിനായകൻ
വിനാശം,വിനാശം
വിനാശവും,വിനാശം
വിനാശകം,വിനാശകം
വിനിമയം,വിനിമയം
വിനിമയങ്ങൾ,വിനിമയം
വിനിമയവും,വിനിമയം
വിനിയോഗിച്ചു,വിനിയോഗിക്കുക
വിനീത,വിനീത
വിനീത,വിനീത
വിനീതന്,വിനീതൻ
വിനീതനും,വിനീതൻ
വിനീതാ,വിനീതൻ
വിനീതി,വിനീതി
വിനോദം,വിനോദം
വിന്ധ്യൻ,വിന്ധ്യൻ
വിന്ധ്യന്,വിന്ധ്യൻ
വിന്ധ്യാ,വിന്ധ്യൻ
വിന്യസിക്കുക,വിന്യസിക്കുക
വിന്യസിച്ചു,വിന്യസിക്കുക
വിന്യസിക്കുന്നു,വിന്യസിക്കുക
വിന്യസിക്കുന്ന,വിന്യസിക്കുക
വിന്യാസ,വിന്യാസ
വിന്യാസം,വിന്യാസം
വിന്യാസങ്ങൾ,വിന്യാസം
വിന്യാസവും,വിന്യാസം
വിൻ,വിൻ
വിനെ,വിൻ
വിനോട്,വിൻ
വിന്,വിൻ
വിന്റെ,വിൻ
വിനിൽ,വിൻ
വിനും,വിൻ
വിപക്ഷ,വിപക്ഷ
വിപണനം,വിപണനം
വിപണനവും,വിപണനം
വിപണി,വിപണി
വിപത്തി,വിപത്തി
വിപത്ത്,വിപത്ത്
വിപത്തിനെ,വിപത്ത്
വിപത്തിന്റെ,വിപത്ത്
വിപത്തിൽ,വിപത്ത്
വിപത്തുകൾ,വിപത്ത്
വിപത്തും,വിപത്ത്
വിപരീത,വിപരീത
വിപരീതം,വിപരീതം
വിപരീതവും,വിപരീതം
വിപര്യയം,വിപര്യയം
വിപശ്ചിത്ത്,വിപശ്ചിത്ത്
വിപശ്ചിത്തിന്,വിപശ്ചിത്ത്
വിപശ്ചിത്തിന്റെ,വിപശ്ചിത്ത്
വിപാകം,വിപാകം
വിപുല,വിപുല
വിപുലീകരിക്കുക,വിപുലീകരിക്കുക
വിപുലീകരിച്ചു,വിപുലീകരിക്കുക
വിപുലീകരിക്കുന്നു,വിപുലീകരിക്കുക
വിപുലീകരിക്കുന്ന,വിപുലീകരിക്കുക
വിപ്രതിപത്തി,വിപ്രതിപത്തി
വിപ്രാ,വിപ്രൻ
വിപ്രലംഭശൃംഗാരം,വിപ്രലംഭശൃംഗാരം
വിപ്രലംഭശൃംഗാരവും,വിപ്രലംഭശൃംഗാരം
വിപ്രലബ്ധ,വിപ്രലബ്ധ
വിപ്ലവ,വിപ്ലവ
വിപ്ലവം,വിപ്ലവം
വിപ്ലവങ്ങൾ,വിപ്ലവം
വിപ്ലവവും,വിപ്ലവം
വിപ്ലവകാരി,വിപ്ലവകാരി
വിഫല,വിഫല
വിഫലം,വിഫലം
വിബുധം,വിബുധം
വിഭ,വിഭ
വിഭക്തി,വിഭക്തി
വിഭക്ത്യാഭാസം,വിഭക്ത്യാഭാസം
വിഭജനം,വിഭജനം
വിഭജനങ്ങൾ,വിഭജനം
വിഭജനവും,വിഭജനം
വിഭജിക്കുക,വിഭജിക്കുക
വിഭജിച്ചു,വിഭജിക്കുക
വിഭജിക്കുന്നു,വിഭജിക്കുക
വിഭജിക്കുന്ന,വിഭജിക്കുക
വിഭവം,വിഭവം
വിഭവങ്ങൾ,വിഭവം
വിഭവവും,വിഭവം
വിഭാകരന്റെ,വിഭാകരൻ
വിഭാഗ,വിഭാഗ
വിഭാഗം,വിഭാഗം
വിഭാഗങ്ങൾ,വിഭാഗം
വിഭാഗവും,വിഭാഗം
വിഭാര്യനും,വിഭാര്യൻ
വിഭാവം,വിഭാവം
വിഭാവന,വിഭാവന
വിഭാവനം,വിഭാവനം
വിഭിന്ന,വിഭിന്ന
വിഭിന്നത,വിഭിന്നത
വിഭീഷണൻ,വിഭീഷണൻ
വിഭീഷണനെ,വിഭീഷണൻ
വിഭീഷണന്,വിഭീഷണൻ
വിഭീഷണന്റെ,വിഭീഷണൻ
വിഭീഷണനും,വിഭീഷണൻ
വിഭു,വിഭു
വിഭൂതി,വിഭൂതി
വിഭേദനം,വിഭേദനം
വിഭ്രമം,വിഭ്രമം
വിഭ്രമവും,വിഭ്രമം
വിഭ്രാന്ത,വിഭ്രാന്ത
വിഭ്രാന്തി,വിഭ്രാന്തി
വിമത,വിമത
വിമതൻ,വിമതൻ
വിമതന്,വിമതൻ
വിമതന്റെ,വിമതൻ
വിമതനും,വിമതൻ
വിമർശകൻ,വിമർശകൻ
വിമർശകന്,വിമർശകൻ
വിമർശകന്റെ,വിമർശകൻ
വിമർശകനും,വിമർശകൻ
വിമർശിക്കുക,വിമർശിക്കുക
വിമർശിച്ചു,വിമർശിക്കുക
വിമർശിക്കുന്നു,വിമർശിക്കുക
വിമർശിക്കുന്ന,വിമർശിക്കുക
വിമല,വിമല
വിമലം,വിമലം
വിമലൻ,വിമലൻ
വിമലനും,വിമലൻ
വിമലാ,വിമലൻ
വിമാന,വിമാന
വിമാനം,വിമാനം
വിമാനങ്ങൾ,വിമാനം
വിമാനവും,വിമാനം
വിമാനത്ത്,വിമാനം
വിമുക്ത,വിമുക്ത
വിമുക്തി,വിമുക്തി
വിമുഖ,വിമുഖ
വിമ്മി,വിമ്മി
വിമ്മീ,വിമ്മി
വിമ്മിഷ്ടം,വിമ്മിഷ്ടം
വിമ്മിഷ്ടവും,വിമ്മിഷ്ടം
വിയം,വിയം
വിയാ,വിയൻ
വിയപ്പ്,വിയപ്പ്
വിയർ,വിയർ
വിയർക്കുക,വിയർക്കുക
വിയർക്കുന്നു,വിയർക്കുക
വിയർപ്പ്,വിയർപ്പ്
വിയർപ്പിന്,വിയർപ്പ്
വിയർപ്പിന്റെ,വിയർപ്പ്
വിയർപ്പിൽ,വിയർപ്പ്
വിയർപ്പും,വിയർപ്പ്
വിയോഗം,വിയോഗം
വിയോജിച്ചു,വിയോജിക്കുക
വിര,വിര
വിരക്ത,വിരക്ത
വിരക്തി,വിരക്തി
വിരട്ടുക,വിരട്ടുക
വിരട്ടുന്ന,വിരട്ടുക
വിരതി,വിരതി
വിരമിക്കുക,വിരമിക്കുക
വിരമിച്ചു,വിരമിക്കുക
വിരമിക്കുന്നു,വിരമിക്കുക
വിരമിക്കുന്ന,വിരമിക്കുക
വിരഞ്ഞു,വിരയുക
വിരഞ്ഞു,വിരയുക
വിരൽ,വിരൽ
വിരല്,വിരൽ
വിരൽ,വിരൽ
വിരല്,വിരൽ
വിരൽപ്പാടുകൾ,വിരൽപ്പാട്
വിരളം,വിരളം
വിരളവും,വിരളം
വിരളുന്നു,വിരളുക
വിരസ,വിരസ
വിരസവും,വിരസം
വിരസത,വിരസത
വിരഹം,വിരഹം
വിരഹവും,വിരഹം
വിരാജിച്ചു,വിരാജിക്കുക
വിരാജിക്കുന്നു,വിരാജിക്കുക
വിരാജിക്കുന്ന,വിരാജിക്കുക
വിരാടം,വിരാടം
വിരാടൻ,വിരാടൻ
വിരാടനെ,വിരാടൻ
വിരാടന്,വിരാടൻ
വിരാടന്റെ,വിരാടൻ
വിരാടനിൽ,വിരാടൻ
വിരാടനും,വിരാടൻ
വിരാട്ട്,വിരാട്ട്
വിരാമ,വിരാമ
വിരാമം,വിരാമം
വിരാമം,വിരാമം
വിരി,വിരി
വിരിക്കുക,വിരിക്കുക
വിരിച്ചു,വിരിക്കുക
വിരിക്കുന്നു,വിരിക്കുക
വിരിക്കുന്ന,വിരിക്കുക
വിരിക്കുക,വിരിക്കുക
വിരിച്ചു,വിരിക്കുക
വിരിക്കുന്നു,വിരിക്കുക
വിരിക്കുന്ന,വിരിക്കുക
വിരിയുക,വിരിയുക
വിരിഞ്ഞു,വിരിയുക
വിരിയുന്നു,വിരിയുക
വിരിയുന്ന,വിരിയുക
വിരിയുക,വിരിയുക
വിരിഞ്ഞു,വിരിയുക
വിരിയുന്നു,വിരിയുക
വിരിയുന്ന,വിരിയുക
വിരിവ്,വിരിവ്
വിരിവും,വിരിവ്
വിരുതൻ,വിരുതൻ
വിരുതനെ,വിരുതൻ
വിരുതന്,വിരുതൻ
വിരുതന്മാർ,വിരുതൻ
വിരുത്,വിരുത്
വിരുതും,വിരുത്
വിരുത്തം,വിരുത്തം
വിരുത്തങ്ങൾ,വിരുത്തം
വിരുത്തം,വിരുത്തം
വിരുത്തങ്ങൾ,വിരുത്തം
വിരുത്തി,വിരുത്തി
വിരുത്തി,വിരുത്തി
വിരുത്തി,വിരുത്തുക
വിരുദം,വിരുദം
വിരുദ്ധ,വിരുദ്ധ
വിരുദ്ധ,വിരുദ്ധ
വിരുന്ന്,വിരുന്ന്
വിരുന്നിനെ,വിരുന്ന്
വിരുന്നിനോട്,വിരുന്ന്
വിരുന്നിന്,വിരുന്ന്
വിരുന്നിന്റെ,വിരുന്ന്
വിരുന്നിൽ,വിരുന്ന്
വിരുന്നുകൾ,വിരുന്ന്
വിരുന്നും,വിരുന്ന്
വിരൂപണം,വിരൂപണം
വിരൂപണവും,വിരൂപണം
വിരൂപാക്ഷൻ,വിരൂപാക്ഷൻ
വിരൂപാക്ഷന്,വിരൂപാക്ഷൻ
വിരേചനം,വിരേചനം
വിരോധം,വിരോധം
വിറ,വിറ
വിറക്,വിറക്
വിറകിനെ,വിറക്
വിറകിന്,വിറക്
വിറകിന്റെ,വിറക്
വിറകും,വിറക്
വിറച്ചു,വിറക്കുക
വിറക്കുന്നു,വിറക്കുക
വിറക്കുന്ന,വിറക്കുക
വിറങ്ങലിച്ചു,വിറങ്ങലിക്കുക
വിറങ്ങലിക്കുന്നു,വിറങ്ങലിക്കുക
വിറയൽ,വിറയൽ
വിറയല്,വിറയൽ
വിറയ്ക്കുക,വിറയ്ക്കുക
വിറയ്ക്കുന്നു,വിറയ്ക്കുക
വിറയ്ക്കുന്ന,വിറയ്ക്കുക
വിറളി,വിറളി
വില,വില
വില,വില
വിലക്കുന്നു,വിലക്കുക
വിലക്കുന്ന,വിലക്കുക
വിലക്കി,വിലക്കുക
വിലക്ക്,വിലക്ക്
വിലക്കിനെ,വിലക്ക്
വിലക്കിന്,വിലക്ക്
വിലക്കിന്റെ,വിലക്ക്
വിലക്കുകൾ,വിലക്ക്
വിലക്കും,വിലക്ക്
വിലക്ഷണ,വിലക്ഷണ
വിലക്ഷണവും,വിലക്ഷണം
വിലങ്ങൻ,വിലങ്ങൻ
വിലങ്ങനെ,വിലങ്ങൻ
വിലങ്ങ്,വിലങ്ങ്
വിലങ്ങിൽ,വിലങ്ങ്
വിലങ്ങും,വിലങ്ങ്
വിലങ്ങ്,വിലങ്ങ്
വിലങ്ങിൽ,വിലങ്ങ്
വിലങ്ങും,വിലങ്ങ്
വിലപിക്കുക,വിലപിക്കുക
വിലപിച്ചു,വിലപിക്കുക
വിലപിക്കുന്നു,വിലപിക്കുക
വിലപിക്കുന്ന,വിലപിക്കുക
വിലയം,വിലയം
വിലയവും,വിലയം
വിലയനം,വിലയനം
വിലസുന്നു,വിലസുക
വിലസുന്ന,വിലസുക
വിലാപനം,വിലാപനം
വിലാസ,വിലാസ
വിലാസം,വിലാസം
വിലാസങ്ങൾ,വിലാസം
വിലാസവും,വിലാസം
വിലാസിനി,വിലാസിനി
വിലാസിനീ,വിലാസിനി
വില്ല,വില്ല
വില്ലടിച്ചാൻപാട്ട്,വില്ലടിച്ചാൻപാട്ട്
വില്ലൻ,വില്ലൻ
വില്ലനെ,വില്ലൻ
വില്ലന്,വില്ലൻ
വില്ലന്റെ,വില്ലൻ
വില്ലനിൽ,വില്ലൻ
വില്ലന്മാർ,വില്ലൻ
വില്ലനും,വില്ലൻ
വില്ലാ,വില്ലൻ
വില്ലൻ,വില്ലൻ
വില്ലനെ,വില്ലൻ
വില്ലന്,വില്ലൻ
വില്ലന്റെ,വില്ലൻ
വില്ലനിൽ,വില്ലൻ
വില്ലന്മാർ,വില്ലൻ
വില്ലനും,വില്ലൻ
വില്ലാ,വില്ലൻ
വില്ലൻചുമ,വില്ലൻചുമ
വില്ലി,വില്ലി
വില്ലീ,വില്ലി
വില്ല്,വില്ല്
വില്ലിനെ,വില്ല്
വില്ലിനെ,വില്ല്
വില്ലെ,വില്ല്
വില്ലിനോട്,വില്ല്
വില്ലിനോട്,വില്ല്
വില്ലിന്,വില്ല്
വില്ലിന്,വില്ല്
വില്ലിന്റെ,വില്ല്
വില്ലിന്റെ,വില്ല്
വില്ലിൽ,വില്ല്
വില്ലിൽ,വില്ല്
വില്ലുകൾ,വില്ല്
വില്ലുകൾ,വില്ല്
വില്ലും,വില്ല്
വില്ലും,വില്ല്
വില്ലേയ്ക്ക്,വില്ല്
വില്ലേ,വില്ല്
വില്ല്,വില്ല്
വില്ലിനെ,വില്ല്
വില്ലിനെ,വില്ല്
വില്ലെ,വില്ല്
വില്ലിനോട്,വില്ല്
വില്ലിനോട്,വില്ല്
വില്ലിന്,വില്ല്
വില്ലിന്,വില്ല്
വില്ലിന്റെ,വില്ല്
വില്ലിന്റെ,വില്ല്
വില്ലിൽ,വില്ല്
വില്ലിൽ,വില്ല്
വില്ലുകൾ,വില്ല്
വില്ലുകൾ,വില്ല്
വില്ലും,വില്ല്
വില്ലും,വില്ല്
വില്ലേയ്ക്ക്,വില്ല്
വില്ലേ,വില്ല്
വില്വം,വില്വം
വില്വത്ത്,വില്വം
വില്വാദ്രി,വില്വാദ്രി
വിൽ,വിൽ
വില്,വിൽ
വിൽക്കുക,വിൽക്കുക
വിൽക്കുന്നു,വിൽക്കുക
വിൽക്കുന്ന,വിൽക്കുക
വിൽക്കി,വിൽക്കുക
വിൽപ്പന,വിൽപ്പന
വിൽപ്പാട്ട്,വിൽപ്പാട്
വിള,വിള
വിള,വിള
വിളവും,വിളം
വിളംബരം,വിളംബരം
വിളംബരവും,വിളംബരം
വിളംബി,വിളംബി
വിളക്കത്ത്,വിളക്കം
വിളക്കുന്ന,വിളക്കുക
വിളക്കി,വിളക്കുക
വിളക്കുമരങ്ങൾ,വിളക്കുമരം
വിളക്കുമാടം,വിളക്കുമാടം
വിളക്കുമാടങ്ങൾ,വിളക്കുമാടം
വിളക്കുമാടവും,വിളക്കുമാടം
വിളക്കുമാടത്ത്,വിളക്കുമാടം
വിളക്ക്,വിളക്ക്
വിളക്കിനെ,വിളക്ക്
വിളക്കിനോട്,വിളക്ക്
വിളക്കിന്,വിളക്ക്
വിളക്കിന്റെ,വിളക്ക്
വിളക്കിൽ,വിളക്ക്
വിളക്കുകൾ,വിളക്ക്
വിളക്കും,വിളക്ക്
വിളക്കായ,വിളക്ക്
വിളക്ക്,വിളക്ക്
വിളക്കിനെ,വിളക്ക്
വിളക്കിനോട്,വിളക്ക്
വിളക്കിന്,വിളക്ക്
വിളക്കിന്റെ,വിളക്ക്
വിളക്കിൽ,വിളക്ക്
വിളക്കുകൾ,വിളക്ക്
വിളക്കും,വിളക്ക്
വിളക്കായ,വിളക്ക്
വിളങ്ങുക,വിളങ്ങുക
വിളങ്ങുന്നു,വിളങ്ങുക
വിളങ്ങുന്ന,വിളങ്ങുക
വിളങ്ങുക,വിളങ്ങുക
വിളങ്ങുന്നു,വിളങ്ങുക
വിളങ്ങുന്ന,വിളങ്ങുക
വിളഞ്ഞ,വിളഞ്ഞ
വിളനിലം,വിളനിലം
വിളനിലത്ത്,വിളനിലം
വിളമ്പുക,വിളമ്പുക
വിളമ്പുന്നു,വിളമ്പുക
വിളമ്പുന്ന,വിളമ്പുക
വിളയാട്ടം,വിളയാട്ടം
വിളയാട്ടവും,വിളയാട്ടം
വിളഞ്ഞു,വിളയുക
വിളയുന്നു,വിളയുക
വിളയുന്ന,വിളയുക
വിളറുക,വിളറുക
വിളറി,വിളറുക
വിളറുക,വിളറുക
വിളറി,വിളറുക
വിളവെടുപ്പ്,വിളവെടുപ്പ്
വിളവെടുപ്പിനെ,വിളവെടുപ്പ്
വിളവെടുപ്പിനോട്,വിളവെടുപ്പ്
വിളവെടുപ്പിന്,വിളവെടുപ്പ്
വിളവെടുപ്പിന്റെ,വിളവെടുപ്പ്
വിളവെടുപ്പിൽ,വിളവെടുപ്പ്
വിളവെടുപ്പുകൾ,വിളവെടുപ്പ്
വിളവെടുപ്പും,വിളവെടുപ്പ്
വിളവ്,വിളവ്
വിളവിനെ,വിളവ്
വിളവിന്,വിളവ്
വിളവിനാൽ,വിളവ്
വിളവിന്റെ,വിളവ്
വിളവിൽ,വിളവ്
വിളവുകൾ,വിളവ്
വിളവും,വിളവ്
വിളാകം,വിളാകം
വിളാകത്ത്,വിളാകം
വിളി,വിളി
വിളി,വിളി
വിളിക്കുക,വിളിക്കുക
വിളിച്ചു,വിളിക്കുക
വിളിക്കുന്നു,വിളിക്കുക
വിളിക്കുന്ന,വിളിക്കുക
വിളിപ്പാട്,വിളിപ്പാട്
വിളുമ്പിൽ,വിളുമ്പ്
വിള്ളൽ,വിള്ളൽ
വിള്ളല്,വിള്ളൽ
വിഴുങ്ങുക,വിഴുങ്ങുക
വിഴുങ്ങുന്നു,വിഴുങ്ങുക
വിഴുങ്ങുന്ന,വിഴുങ്ങുക
വിഴുപ്പ്,വിഴുപ്പ്
വിവക്ഷ,വിവക്ഷ
വിവക്ഷിച്ചു,വിവക്ഷിക്കുക
വിവക്ഷിക്കുന്നു,വിവക്ഷിക്കുക
വിവക്ഷിക്കുന്ന,വിവക്ഷിക്കുക
വിവക്ഷിതം,വിവക്ഷിതം
വിവരം,വിവരം
വിവരങ്ങൾ,വിവരം
വിവരവും,വിവരം
വിവരണം,വിവരണം
വിവരണങ്ങൾ,വിവരണം
വിവരണവും,വിവരണം
വിവരിക്കുക,വിവരിക്കുക
വിവരിച്ചു,വിവരിക്കുക
വിവരിക്കുന്നു,വിവരിക്കുക
വിവരിക്കുന്ന,വിവരിക്കുക
വിവർത്തം,വിവർത്തം
വിവർത്തനം,വിവർത്തനം
വിവർത്തനങ്ങൾ,വിവർത്തനം
വിവർത്തനവും,വിവർത്തനം
വിവസ്വാന്,വിവസ്വാൻ
വിവസ്വാന്റെ,വിവസ്വാൻ
വിവാദം,വിവാദം
വിവാദങ്ങൾ,വിവാദം
വിവാദവും,വിവാദം
വിവാഹം,വിവാഹം
വിവാഹങ്ങൾ,വിവാഹം
വിവാഹവും,വിവാഹം
വിവാഹബന്ധം,വിവാഹബന്ധം
വിവാഹബന്ധങ്ങൾ,വിവാഹബന്ധം
വിവാഹബന്ധവും,വിവാഹബന്ധം
വിവാഹിത,വിവാഹിത
വിവിധ,വിവിധ
വിവൃത്തി,വിവൃത്തി
വിവേക,വിവേക
വിവേകം,വിവേകം
വിവേകവും,വിവേകം
വിവേകാനന്ദൻ,വിവേകാനന്ദൻ
വിവേകാനന്ദനെ,വിവേകാനന്ദൻ
വിവേകാനന്ദനോട്,വിവേകാനന്ദൻ
വിവേകാനന്ദന്,വിവേകാനന്ദൻ
വിവേകാനന്ദന്റെ,വിവേകാനന്ദൻ
വിവേകാനന്ദനിൽ,വിവേകാനന്ദൻ
വിവേകാനന്ദനും,വിവേകാനന്ദൻ
വിവേകാനന്ദാ,വിവേകാനന്ദൻ
വിവേകി,വിവേകി
വിവേകിനെ,വിവേകിൻ
വിവേകിന്,വിവേകിൻ
വിവേകിന്റെ,വിവേകിൻ
വിവേചന,വിവേചന
വിവേചനം,വിവേചനം
വിവേചനങ്ങൾ,വിവേചനം
വിവേചനവും,വിവേചനം
വിവേചിച്ചു,വിവേചിക്കുക
വിശകലനം,വിശകലനം
വിശകലനങ്ങൾ,വിശകലനം
വിശകലനവും,വിശകലനം
വിശക്കുന്നു,വിശക്കുക
വിശക്കുന്ന,വിശക്കുക
വിശന്നു,വിശക്കുക
വിശദ,വിശദ
വിശദീകരണം,വിശദീകരണം
വിശദീകരണങ്ങൾ,വിശദീകരണം
വിശദീകരണവും,വിശദീകരണം
വിശപ്പ്,വിശപ്പ്
വിശപ്പിനെ,വിശപ്പ്
വിശപ്പിന്,വിശപ്പ്
വിശപ്പിന്റെ,വിശപ്പ്
വിശപ്പിൽ,വിശപ്പ്
വിശപ്പും,വിശപ്പ്
വിശയങ്ങൾ,വിശയം
വിശറി,വിശറി
വിശറി,വിശറുക
വിശസനം,വിശസനം
വിശാഖ,വിശാഖ
വിശാഖം,വിശാഖം
വിശാഖദത്തൻ,വിശാഖദത്തൻ
വിശാഖനെ,വിശാഖൻ
വിശാഖന്,വിശാഖൻ
വിശാഖനും,വിശാഖൻ
വിശാഖാ,വിശാഖൻ
വിശാരദ,വിശാരദ
വിശാല,വിശാല
വിശാലം,വിശാലം
വിശാലവും,വിശാലം
വിശാലത,വിശാലത
വിശാലാക്ഷൻ,വിശാലാക്ഷൻ
വിശാലാക്ഷി,വിശാലാക്ഷി
വിശിഷ്ട,വിശിഷ്ട
വിശിഷ്യ,വിശിഷ്യ
വിശുദ്ധ,വിശുദ്ധ
വിശുദ്ധം,വിശുദ്ധം
വിശുദ്ധവും,വിശുദ്ധം
വിശുദ്ധഗ്രന്ഥം,വിശുദ്ധഗ്രന്ഥം
വിശുദ്ധഗ്രന്ഥങ്ങൾ,വിശുദ്ധഗ്രന്ഥം
വിശുദ്ധവാരം,വിശുദ്ധവാരം
വിശുദ്ധി,വിശുദ്ധി
വിശേഷ,വിശേഷ
വിശേഷം,വിശേഷം
വിശേഷങ്ങൾ,വിശേഷം
വിശേഷവും,വിശേഷം
വിശേഷം,വിശേഷം
വിശേഷങ്ങൾ,വിശേഷം
വിശേഷവും,വിശേഷം
വിശേഷണ,വിശേഷണ
വിശേഷണ,വിശേഷണ
വിശേഷണം,വിശേഷണം
വിശേഷണങ്ങൾ,വിശേഷണം
വിശേഷണവും,വിശേഷണം
വിശേഷിച്ചു,വിശേഷിക്കുക
വിശേഷിക്കുന്നു,വിശേഷിക്കുക
വിശേഷിപ്പിക്കുക,വിശേഷിപ്പിക്കുക
വിശേഷിപ്പിച്ചു,വിശേഷിപ്പിക്കുക
വിശേഷിപ്പിക്കുന്നു,വിശേഷിപ്പിക്കുക
വിശേഷിപ്പിക്കുന്ന,വിശേഷിപ്പിക്കുക
വിശേഷ്യങ്ങൾ,വിശേഷ്യം
വിശ്,വിശ്
വിശാൽ,വിശ്
വിശ്രമം,വിശ്രമം
വിശ്രമവും,വിശ്രമം
വിശ്രമിക്കുക,വിശ്രമിക്കുക
വിശ്രമിച്ചു,വിശ്രമിക്കുക
വിശ്രമിക്കുന്നു,വിശ്രമിക്കുക
വിശ്രമിക്കുന്ന,വിശ്രമിക്കുക
വിശ്രവസ്സ്,വിശ്രവസ്സ്
വിശ്രവസ്സിനോട്,വിശ്രവസ്സ്
വിശ്രവസ്സിന്,വിശ്രവസ്സ്
വിശ്രവസ്സിന്റെ,വിശ്രവസ്സ്
വിശ്രവസ്സും,വിശ്രവസ്സ്
വിശ്രുത,വിശ്രുത
വിശ്രുത,വിശ്രുത
വിശ്രുതി,വിശ്രുതി
വിശ്ലേഷണം,വിശ്ലേഷണം
വിശ്വ,വിശ്വ
വിശ്വം,വിശ്വം
വിശ്വവും,വിശ്വം
വിശ്വംഭരൻ,വിശ്വംഭരൻ
വിശ്വംഭരന്,വിശ്വംഭരൻ
വിശ്വംഭരന്റെ,വിശ്വംഭരൻ
വിശ്വംഭരനും,വിശ്വംഭരൻ
വിശ്വംഭരാ,വിശ്വംഭരൻ
വിശ്വകർമാവിന്,വിശ്വകർമാവ്
വിശ്വജിത്ത്,വിശ്വജിത്ത്
വിശ്വതഃ,വിശ്വതഃ
വിശ്വദേവകളും,വിശ്വദേവകൾ
വിശ്വനാഥൻ,വിശ്വനാഥൻ
വിശ്വനാഥനെ,വിശ്വനാഥൻ
വിശ്വനാഥന്,വിശ്വനാഥൻ
വിശ്വനാഥന്റെ,വിശ്വനാഥൻ
വിശ്വനാഥനിൽ,വിശ്വനാഥൻ
വിശ്വനാഥനും,വിശ്വനാഥൻ
വിശ്വനായകൻ,വിശ്വനായകൻ
വിശ്വൻ,വിശ്വൻ
വിശ്വന്,വിശ്വൻ
വിശ്വന്റെ,വിശ്വൻ
വിശ്വനും,വിശ്വൻ
വിശ്വരൂപൻ,വിശ്വരൂപൻ
വിശ്വരൂപനെ,വിശ്വരൂപൻ
വിശ്വരൂപന്,വിശ്വരൂപൻ
വിശ്വരൂപനും,വിശ്വരൂപൻ
വിശ്വവിദ്യാലയം,വിശ്വവിദ്യാലയം
വിശ്വസനീയ,വിശ്വസനീയ
വിശ്വസിക്കുക,വിശ്വസിക്കുക
വിശ്വസിച്ചു,വിശ്വസിക്കുക
വിശ്വസിക്കുന്നു,വിശ്വസിക്കുക
വിശ്വസിക്കുന്ന,വിശ്വസിക്കുക
വിശ്വസ്ത,വിശ്വസ്ത
വിശ്വസ്ഥ,വിശ്വസ്ഥ
വിശ്വാമിത്രൻ,വിശ്വാമിത്രൻ
വിശ്വാമിത്രനെ,വിശ്വാമിത്രൻ
വിശ്വാമിത്രനോട്,വിശ്വാമിത്രൻ
വിശ്വാമിത്രന്,വിശ്വാമിത്രൻ
വിശ്വാമിത്രന്റെ,വിശ്വാമിത്രൻ
വിശ്വാമിത്രനും,വിശ്വാമിത്രൻ
വിശ്വാസ,വിശ്വാസ
വിശ്വാസം,വിശ്വാസം
വിശ്വാസങ്ങൾ,വിശ്വാസം
വിശ്വാസവും,വിശ്വാസം
വിശ്വാസി,വിശ്വാസി
വിശ്വാസ്യ,വിശ്വാസ്യ
വിഷ,വിഷ
വിഷ,വിഷ
വിഷം,വിഷം
വിഷങ്ങൾ,വിഷം
വിഷവും,വിഷം
വിഷകണ്ഠൻ,വിഷകണ്ഠൻ
വിഷദ,വിഷദ
വിഷപ്പല്ല്,വിഷപ്പല്ല്
വിഷപ്പല്ലിന്,വിഷപ്പല്ല്
വിഷപ്പല്ലിന്,വിഷപ്പല്ല്
വിഷപ്പല്ലുകൾ,വിഷപ്പല്ല്
വിഷപ്പല്ലുകൾ,വിഷപ്പല്ല്
വിഷമ,വിഷമ
വിഷമം,വിഷമം
വിഷമങ്ങൾ,വിഷമം
വിഷമവും,വിഷമം
വിഷമവൃത്തം,വിഷമവൃത്തം
വിഷമിച്ചു,വിഷമിക്കുക
വിഷമിക്കുന്നു,വിഷമിക്കുക
വിഷമിക്കുന്ന,വിഷമിക്കുക
വിഷയ,വിഷയ
വിഷയം,വിഷയം
വിഷയങ്ങൾ,വിഷയം
വിഷയവും,വിഷയം
വിഷയജ്ഞാനം,വിഷയജ്ഞാനം
വിഷയി,വിഷയി
വിഷയീ,വിഷയി
വിഷയീഭവിച്ചു,വിഷയീഭവിക്കുക
വിഷയീഭവിക്കുന്ന,വിഷയീഭവിക്കുക
വിഷവൈദ്യം,വിഷവൈദ്യം
വിഷവൈദ്യവും,വിഷവൈദ്യം
വിഷഹര,വിഷഹര
വിഷഹാരി,വിഷഹാരി
വിഷാ,വിഷാ
വിഷാദാ,വിഷാദൻ
വിഷി,വിഷി
വിഷു,വിഷു
വിഷുക്കണി,വിഷുക്കണി
വിഷുക്കൈനീട്ടം,വിഷുക്കൈനീട്ടം
വിഷുക്കൈനീട്ടവും,വിഷുക്കൈനീട്ടം
വിഷുഫലം,വിഷുഫലം
വിഷുഫലങ്ങൾ,വിഷുഫലം
വിഷൂചിക,വിഷൂചിക
വിഷ്,വിഷ്
വിഷും,വിഷ്
വിഷ്കംഭം,വിഷ്കംഭം
വിഷ്ടരം,വിഷ്ടരം
വിഷ്ണു,വിഷ്ണു
വിഷ്ണുപുരാണം,വിഷ്ണുപുരാണം
വിഷ്ണുപ്രിയ,വിഷ്ണുപ്രിയ
വിഷ്ണുമായ,വിഷ്ണുമായ
വിഷ്വക്സേനൻ,വിഷ്വക്സേനൻ
വിഷ്വക്സേനനെ,വിഷ്വക്സേനൻ
വിഷ്വക്സേനന്,വിഷ്വക്സേനൻ
വിഷ്വക്സേനന്റെ,വിഷ്വക്സേനൻ
വിസരണം,വിസരണം
വിസർജനം,വിസർജനം
വിസർജ്യം,വിസർജ്യം
വിസർജ്യങ്ങൾ,വിസർജ്യം
വിസർജ്യവും,വിസർജ്യം
വിസ്താര,വിസ്താര
വിസ്താരം,വിസ്താരം
വിസ്താരവും,വിസ്താരം
വിസ്തീർണ,വിസ്തീർണ
വിസ്തീർണം,വിസ്തീർണം
വിസ്തീർണവും,വിസ്തീർണം
വിസ്തൃത,വിസ്തൃത
വിസ്തൃതി,വിസ്തൃതി
വിസ്മയം,വിസ്മയം
വിസ്മയങ്ങൾ,വിസ്മയം
വിസ്മയവും,വിസ്മയം
വിസ്മയിച്ചു,വിസ്മയിക്കുക
വിസ്മൃതി,വിസ്മൃതി
വിഹംഗമ,വിഹംഗമ
വിഹരിച്ചു,വിഹരിക്കുക
വിഹരിക്കുന്നു,വിഹരിക്കുക
വിഹരിക്കുന്ന,വിഹരിക്കുക
വിഹായ,വിഹായ
വിഹായസ്സിനെ,വിഹായസ്സ്
വിഹാര,വിഹാര
വിഹാരം,വിഹാരം
വിഹാരങ്ങൾ,വിഹാരം
വിഹാരി,വിഹാരി
വിഹിത,വിഹിത
വിഹിതം,വിഹിതം
വിഹിതങ്ങൾ,വിഹിതം
വിഹിതവും,വിഹിതം
വീ,വീ
വീ,വീ
വീകം,വീകം
വീക്കം,വീക്കം
വീക്കവും,വീക്കം
വീക്കം,വീക്കം
വീക്കവും,വീക്കം
വീക്ഷണ,വീക്ഷണ
വീക്ഷണം,വീക്ഷണം
വീക്ഷണങ്ങൾ,വീക്ഷണം
വീക്ഷണവും,വീക്ഷണം
വീക്ഷിക്കുക,വീക്ഷിക്കുക
വീക്ഷിച്ചു,വീക്ഷിക്കുക
വീക്ഷിക്കുന്നു,വീക്ഷിക്കുക
വീക്ഷിക്കുന്ന,വീക്ഷിക്കുക
വീട,വീട
വീടി,വീടി
വീടുക,വീടുക
വീട്,വീട്
വീടിനെ,വീട്
വീടിനോട്,വീട്
വീടിന്,വീട്
വീടിന്റെ,വീട്
വീടിൽ,വീട്
വീടുകൾ,വീട്
വീടും,വീട്
വീടുക,വീട്
വീടായ,വീട്
വീട്ട്,വീട്
വീട്ടമ്മ,വീട്ടമ്മ
വീട്ടല്,വീട്ടൽ
വീട്ടി,വീട്ടി
വീട്ടി,വീട്ടി
വീട്ടുക,വീട്ടുക
വീട്ടുന്നു,വീട്ടുക
വീട്ടുന്ന,വീട്ടുക
വീട്ടുകാരൻ,വീട്ടുകാരൻ
വീട്ടുകാരന്,വീട്ടുകാരൻ
വീട്ടുകാരന്റെ,വീട്ടുകാരൻ
വീട്ടുപേർ,വീട്ടുപേർ
വീട്ടുപേരിനെ,വീട്ടുപേർ
വീട്ടുപേരുകൾ,വീട്ടുപേർ
വീട്ടുപേരും,വീട്ടുപേർ
വീണ,വീണ
വീണാ,വീണൻ
വീണാ,വീണാ
വീണാപാണി,വീണാപാണി
വീണ്ടും,വീണ്ടും
വീണ്ടുവിചാരം,വീണ്ടുവിചാരം
വീണ്ടുവിചാരവും,വീണ്ടുവിചാരം
വീണ്ടും,വീണ്ട്
വീണാൽ,വീൺ
വീതം,വീതം
വീതവും,വീതം
വീതം,വീതം
വീതവും,വീതം
വീതി,വീതി
വീതിക്കുക,വീതിക്കുക
വീതിച്ചു,വീതിക്കുക
വീതിക്കുന്നു,വീതിക്കുക
വീതിക്കുന്ന,വീതിക്കുക
വീതുളി,വീതുളി
വീത്,വീത്
വീതിൽ,വീത്
വീതും,വീത്
വീഥി,വീഥി
വീഥി,വീഥി
വീമ്പിളക്കുന്ന,വീമ്പിളക്കുക
വീമ്പിളക്കി,വീമ്പിളക്കുക
വീമ്പ്,വീമ്പ്
വീഞ്ഞു,വീയുക
വീര,വീര
വീര,വീര
വീരം,വീരം
വീരവും,വീരം
വീരത്ത്,വീരം
വീരൻ,വീരൻ
വീരനെ,വീരൻ
വീരന്,വീരൻ
വീരന്റെ,വീരൻ
വീരന്മാർ,വീരൻ
വീരനും,വീരൻ
വീരപത്നി,വീരപത്നി
വീരഭദ്രം,വീരഭദ്രം
വീരഭദ്രൻ,വീരഭദ്രൻ
വീരഭദ്രനെ,വീരഭദ്രൻ
വീരഭദ്രന്,വീരഭദ്രൻ
വീരഭദ്രന്റെ,വീരഭദ്രൻ
വീരഭദ്രനും,വീരഭദ്രൻ
വീരമാതാവ്,വീരമാതാവ്
വീരരസം,വീരരസം
വീരവാദം,വീരവാദം
വീരശൃങ്ഖല,വീരശൃങ്ഖല
വീരസ്യം,വീരസ്യം
വീരാളിപ്പട്ട്,വീരാളിപ്പട്ട്
വീരാസനം,വീരാസനം
വീര്,വീര്
വീര്യം,വീര്യം
വീര്യവും,വീര്യം
വീർക്കുക,വീർക്കുക
വീർക്കുന്നു,വീർക്കുക
വീർക്കുന്ന,വീർക്കുക
വീർക്കുക,വീർക്കുക
വീർക്കുന്നു,വീർക്കുക
വീർക്കുന്ന,വീർക്കുക
വീർപ്പ്,വീർപ്പ്
വീർപ്പിനെ,വീർപ്പ്
വീറിനെ,വീറ്
വീറിനെ,വീറ്
വീറിന്റെ,വീറ്
വീറിന്റെ,വീറ്
വീറും,വീറ്
വീഴുക,വീഴുക
വീഴുന്നു,വീഴുക
വീഴുന്ന,വീഴുക
വീഴ്,വീഴ്
വീഴും,വീഴ്
വീഴാം,വീഴ്
വീഴുക,വീഴ്
വീഴായ,വീഴ്
വീഴ്ച,വീഴ്ച
വീഴ്ച,വീഴ്ച
വീഴ്ത്തുക,വീഴ്ത്തുക
വീഴ്ത്തി,വീഴ്ത്തുക
വീഴ്ത്തുന്നു,വീഴ്ത്തുക
വീഴ്ത്തുന്ന,വീഴ്ത്തുക
വീശല്,വീശൽ
വീശുക,വീശുക
വീശുന്നു,വീശുക
വീശുന്ന,വീശുക
വൃ,വൃ
വൃകാസുരന്റെ,വൃകാസുരൻ
വൃക്ക,വൃക്ക
വൃക്ഷ,വൃക്ഷ
വൃക്ഷം,വൃക്ഷം
വൃക്ഷങ്ങൾ,വൃക്ഷം
വൃക്ഷവും,വൃക്ഷം
വൃതിവ്യാപനം,വൃതിവ്യാപനം
വൃത്ത,വൃത്ത
വൃത്ത,വൃത്ത
വൃത്തം,വൃത്തം
വൃത്തങ്ങൾ,വൃത്തം
വൃത്തവും,വൃത്തം
വൃത്തം,വൃത്തം
വൃത്തങ്ങൾ,വൃത്തം
വൃത്തവും,വൃത്തം
വൃത്തരത്നാകരം,വൃത്തരത്നാകരം
വൃത്താകാര,വൃത്താകാര
വൃത്താന്ത,വൃത്താന്ത
വൃത്താന്തം,വൃത്താന്തം
വൃത്താന്തങ്ങൾ,വൃത്താന്തം
വൃത്താന്തവും,വൃത്താന്തം
വൃത്തി,വൃത്തി
വൃത്തി,വൃത്തി
വൃത്തികേട്,വൃത്തികേട്
വൃത്തികേടിന്റെ,വൃത്തികേട്
വൃത്തികേടുകൾ,വൃത്തികേട്
വൃത്തികേടും,വൃത്തികേട്
വൃത്തികേടായ,വൃത്തികേട്
വൃത്തിഹീന,വൃത്തിഹീന
വൃത്രനെ,വൃത്രൻ
വൃത്രന്,വൃത്രൻ
വൃഥാ,വൃഥാ
വൃദ്ധ,വൃദ്ധ
വൃദ്ധ,വൃദ്ധ
വൃദ്ധൻ,വൃദ്ധൻ
വൃദ്ധനെ,വൃദ്ധൻ
വൃദ്ധനോട്,വൃദ്ധൻ
വൃദ്ധന്,വൃദ്ധൻ
വൃദ്ധന്റെ,വൃദ്ധൻ
വൃദ്ധന്മാർ,വൃദ്ധൻ
വൃദ്ധനും,വൃദ്ധൻ
വൃദ്ധി,വൃദ്ധി
വൃദ്ധി,വൃദ്ധി
വൃന്ദ,വൃന്ദ
വൃന്ദം,വൃന്ദം
വൃന്ദങ്ങൾ,വൃന്ദം
വൃന്ദവും,വൃന്ദം
വൃന്ദാവനം,വൃന്ദാവനം
വൃന്ദാവനവും,വൃന്ദാവനം
വൃശ്ചിക,വൃശ്ചിക
വൃശ്ചികം,വൃശ്ചികം
വൃഷകേതു,വൃഷകേതു
വൃഷണം,വൃഷണം
വൃഷണങ്ങൾ,വൃഷണം
വൃഷഭ,വൃഷഭ
വൃഷഭം,വൃഷഭം
വൃഷ്ടി,വൃഷ്ടി
വൃഷ്ടി,വൃഷ്ടി
വൃഷ്ണി,വൃഷ്ണി
വെ,വെ
വെകിളി,വെകിളി
വെക്കൽ,വെക്കൽ
വെക്കല്,വെക്കൽ
വെക്കുക,വെക്കുക
വെച്ചു,വെക്കുക
വെക്കുന്നു,വെക്കുക
വെക്കുന്ന,വെക്കുക
വെന്നു,വെക്കുക
വെങ്കലം,വെങ്കലം
വെങ്കലങ്ങൾ,വെങ്കലം
വെങ്കലവും,വെങ്കലം
വെങ്കല്ല്,വെങ്കല്ല്
വെഞ്ചാമരം,വെഞ്ചാമരം
വെഞ്ചാമരവും,വെഞ്ചാമരം
വെടി,വെടി
വെടി,വെടി
വെടിക്കെട്ട്,വെടിക്കെട്ട്
വെടിക്കെട്ടിനെ,വെടിക്കെട്ട്
വെടിക്കെട്ടിന്,വെടിക്കെട്ട്
വെടിക്കെട്ടിന്റെ,വെടിക്കെട്ട്
വെടിക്കെട്ടിൽ,വെടിക്കെട്ട്
വെടിക്കെട്ടുകൾ,വെടിക്കെട്ട്
വെടിക്കെട്ടും,വെടിക്കെട്ട്
വെടിപ്പ്,വെടിപ്പ്
വെടിപ്പും,വെടിപ്പ്
വെടിപ്പുക,വെടിപ്പ്
വെടിമരുന്ന്,വെടിമരുന്ന്
വെടിമരുന്നിന്,വെടിമരുന്ന്
വെടിമരുന്നിന്റെ,വെടിമരുന്ന്
വെടിമരുന്നുകൾ,വെടിമരുന്ന്
വെടിമരുന്നും,വെടിമരുന്ന്
വെടിയുക,വെടിയുക
വെടിഞ്ഞു,വെടിയുക
വെടിയുന്ന,വെടിയുക
വെടിയുണ്ട,വെടിയുണ്ട
വെടിയുപ്പ്,വെടിയുപ്പ്
വെടുപ്പ്,വെടുപ്പ്
വെട്ടം,വെട്ടം
വെട്ടവും,വെട്ടം
വെട്ടത്ത്,വെട്ടം
വെട്ടൽ,വെട്ടൽ
വെട്ടല്,വെട്ടൽ
വെട്ടി,വെട്ടി
വെട്ടി,വെട്ടി
വെട്ടിപ്പിടിക്കുക,വെട്ടിപ്പിടിക്കുക
വെട്ടിപ്പിടിച്ചു,വെട്ടിപ്പിടിക്കുക
വെട്ടിപ്പിടിക്കുന്ന,വെട്ടിപ്പിടിക്കുക
വെട്ടിൽ,വെട്ടിൽ
വെട്ടില്,വെട്ടിൽ
വെട്ടുക,വെട്ടുക
വെട്ടുന്ന,വെട്ടുക
വെട്ടുകത്തി,വെട്ടുകത്തി
വെട്ടുകല്ല്,വെട്ടുകല്ല്
വെട്ടുകല്ലിനോട്,വെട്ടുകല്ല്
വെട്ടുകല്ലിനോട്,വെട്ടുകല്ല്
വെട്ടുകല്ലിന്റെ,വെട്ടുകല്ല്
വെട്ടുകല്ലിന്റെ,വെട്ടുകല്ല്
വെട്ടുകല്ലിൽ,വെട്ടുകല്ല്
വെട്ടുകല്ലിൽ,വെട്ടുകല്ല്
വെട്ടുകുഴി,വെട്ടുകുഴി
വെട്ടുക്കിളി,വെട്ടുക്കിളി
വെട്ടുവഴി,വെട്ടുവഴി
വെട്ട്,വെട്ട്
വെട്ടിന്,വെട്ട്
വെട്ടിന്റെ,വെട്ട്
വെട്ടിൽ,വെട്ട്
വെട്ടുകൾ,വെട്ട്
വെട്ടും,വെട്ട്
വെട്ടാം,വെട്ട്
വെട്ടുക,വെട്ട്
വെട്ട്,വെട്ട്
വെട്ടിന്,വെട്ട്
വെട്ടിന്റെ,വെട്ട്
വെട്ടിൽ,വെട്ട്
വെട്ടുകൾ,വെട്ട്
വെട്ടും,വെട്ട്
വെട്ടാം,വെട്ട്
വെട്ടുക,വെട്ട്
വെണ്ടയ്ക്കാ,വെണ്ടയ്ക്കാ
വെണ്ണ,വെണ്ണ
വെണ്ണക്കല്ല്,വെണ്ണക്കല്ല്
വെണ്ണക്കല്ലിൽ,വെണ്ണക്കല്ല്
വെണ്ണക്കല്ലിൽ,വെണ്ണക്കല്ല്
വെണ്ണക്കല്ലുകൾ,വെണ്ണക്കല്ല്
വെണ്ണക്കല്ലുകൾ,വെണ്ണക്കല്ല്
വെണ്ണക്കല്ലും,വെണ്ണക്കല്ല്
വെണ്ണക്കല്ലും,വെണ്ണക്കല്ല്
വെണ്ണിലാവും,വെണ്ണിലാവ്
വെണ്ണീറും,വെണ്ണീറ്
വെണ്മ,വെണ്മ
വെണ്മണി,വെണ്മണി
വെണ്മഴു,വെണ്മഴു
വെൺ,വെൺ
വെൺചാമരം,വെൺചാമരം
വെൺചാമരങ്ങൾ,വെൺചാമരം
വെൺപാവൽ,വെൺപാവൽ
വെന്നി,വെന്നി
വെന്നിക്കൊടി,വെന്നിക്കൊടി
വെപ്പന്മാർ,വെപ്പൻ
വെപ്പിച്ചു,വെപ്പിക്കുക
വെപ്പുവള്ളം,വെപ്പുവള്ളം
വെപ്പ്,വെപ്പ്
വെപ്പും,വെപ്പ്
വെപ്പ്,വെപ്പ്
വെപ്പും,വെപ്പ്
വെപ്രാളം,വെപ്രാളം
വെപ്രാളവും,വെപ്രാളം
വെമ്പൽ,വെമ്പൽ
വെമ്പല്,വെമ്പൽ
വെമ്പുക,വെമ്പുക
വെമ്പുന്നു,വെമ്പുക
വെമ്പുന്ന,വെമ്പുക
വെമ്പ്,വെമ്പ്
വെമ്പിൽ,വെമ്പ്
വെമ്പും,വെമ്പ്
വെമ്പുക,വെമ്പ്
വെയിൽ,വെയിൽ
വെയില്,വെയിൽ
വെയിൽ,വെയിൽ
വെയില്,വെയിൽ
വെറിയനും,വെറിയൻ
വെറും,വെറും
വെറുത്ത്,വെറും
വെറുക്കുന്നു,വെറുക്കുക
വെറുക്കുന്ന,വെറുക്കുക
വെറുതെ,വെറുതെ
വെറുപ്പ്,വെറുപ്പ്
വെറുപ്പിനെ,വെറുപ്പ്
വെറുപ്പിന്റെ,വെറുപ്പ്
വെറുപ്പിൽ,വെറുപ്പ്
വെറുപ്പും,വെറുപ്പ്
വെറുമ്പാട്ടം,വെറുമ്പാട്ടം
വെറ്റ,വെറ്റ
വെറ്റന്റെ,വെറ്റൻ
വെറ്റില,വെറ്റില
വെറ്റില,വെറ്റില
വെറ്റിലച്ചെല്ലങ്ങൾ,വെറ്റിലച്ചെല്ലം
വെല്ലം,വെല്ലം
വെല്ലവും,വെല്ലം
വെല്ലുക,വെല്ലുക
വെല്ലുന്നു,വെല്ലുക
വെല്ലുന്ന,വെല്ലുക
വെല്ലുക,വെല്ലുക
വെല്ലുന്നു,വെല്ലുക
വെല്ലുന്ന,വെല്ലുക
വെല്ലുവിളി,വെല്ലുവിളി
വെളി,വെളി
വെളിച്ചം,വെളിച്ചം
വെളിച്ചവും,വെളിച്ചം
വെളിച്ചത്ത്,വെളിച്ചം
വെളിച്ചത്താക്കുക,വെളിച്ചത്താക്കുക
വെളിച്ചത്താക്കി,വെളിച്ചത്താക്കുക
വെളിച്ചപ്പാട്,വെളിച്ചപ്പാട്
വെളിച്ചപ്പാടിനെ,വെളിച്ചപ്പാട്
വെളിച്ചപ്പാടിന്,വെളിച്ചപ്പാട്
വെളിച്ചപ്പാടിന്റെ,വെളിച്ചപ്പാട്
വെളിച്ചപ്പാടുകൾ,വെളിച്ചപ്പാട്
വെളിച്ചപ്പാടും,വെളിച്ചപ്പാട്
വെളിച്ചപ്പാടായ,വെളിച്ചപ്പാട്
വെളിച്ചപ്പാട്ട്,വെളിച്ചപ്പാട്
വെളിച്ചെണ്ണ,വെളിച്ചെണ്ണ
വെളിപാട്,വെളിപാട്
വെളിപാടിനെ,വെളിപാട്
വെളിപാടിന്റെ,വെളിപാട്
വെളിപാടിൽ,വെളിപാട്
വെളിപാടുകൾ,വെളിപാട്
വെളിപ്പറമ്പ്,വെളിപ്പറമ്പ്
വെളിപ്പറമ്പിൽ,വെളിപ്പറമ്പ്
വെളിപ്പെടുക,വെളിപ്പെടുക
വെളിപ്പെടുന്നു,വെളിപ്പെടുക
വെളിപ്പെടുന്ന,വെളിപ്പെടുക
വെളിയം,വെളിയം
വെളിയത്ത്,വെളിയം
വെളിർ,വെളിർ
വെളിവായി,വെളിവായി
വെളിവും,വെളിവ്
വെളിവായ,വെളിവ്
വെളുക്കുന്ന,വെളുക്കുക
വെളുക്കെ,വെളുക്കെ
വെളുത്ത,വെളുത്ത
വെളുത്തവാവ്,വെളുത്തവാവ്
വെളുത്തവാവിന്,വെളുത്തവാവ്
വെളുത്തീയം,വെളുത്തീയം
വെളുത്തീയവും,വെളുത്തീയം
വെളുത്തുള്ളി,വെളുത്തുള്ളി
വെളുപ്പിക്കുക,വെളുപ്പിക്കുക
വെളുപ്പിച്ചു,വെളുപ്പിക്കുക
വെളുപ്പിക്കുന്ന,വെളുപ്പിക്കുക
വെളുപ്പിന്,വെളുപ്പിന്
വെളുപ്പിനും,വെളുപ്പിന്
വെളുപ്പ്,വെളുപ്പ്
വെളുപ്പിനെ,വെളുപ്പ്
വെളുപ്പിന്,വെളുപ്പ്
വെളുപ്പിന്റെ,വെളുപ്പ്
വെളുപ്പിൽ,വെളുപ്പ്
വെളുപ്പും,വെളുപ്പ്
വെളുമ്പൻ,വെളുമ്പൻ
വെള്ള,വെള്ള
വെള്ള,വെള്ള
വെള്ളം,വെള്ളം
വെള്ളവും,വെള്ളം
വെള്ളം,വെള്ളം
വെള്ളവും,വെള്ളം
വെള്ളക്കരു,വെള്ളക്കരു
വെള്ളക്കാട്,വെള്ളക്കാട്
വെള്ളക്കാട്ട്,വെള്ളക്കാട്
വെള്ളക്കാരൻ,വെള്ളക്കാരൻ
വെള്ളക്കാരന്,വെള്ളക്കാരൻ
വെള്ളക്കാരന്റെ,വെള്ളക്കാരൻ
വെള്ളക്കാരനും,വെള്ളക്കാരൻ
വെള്ളൻ,വെള്ളൻ
വെള്ളയപ്പം,വെള്ളയപ്പം
വെള്ളയപ്പവും,വെള്ളയപ്പം
വെള്ളരി,വെള്ളരി
വെള്ളാട്,വെള്ളാട്
വെള്ളാട്ട്,വെള്ളാട്
വെള്ളാട്ട്,വെള്ളാട്ട്
വെള്ളാട്ടുകൾ,വെള്ളാട്ട്
വെള്ളാട്ടും,വെള്ളാട്ട്
വെള്ളാന,വെള്ളാന
വെള്ളാരങ്കല്ല്,വെള്ളാരങ്കല്ല്
വെള്ളാരങ്കല്ലിനെ,വെള്ളാരങ്കല്ല്
വെള്ളാരങ്കല്ലിനെ,വെള്ളാരങ്കല്ല്
വെള്ളാരങ്കല്ലിൽ,വെള്ളാരങ്കല്ല്
വെള്ളാരങ്കല്ലിൽ,വെള്ളാരങ്കല്ല്
വെള്ളാരങ്കല്ലുകൾ,വെള്ളാരങ്കല്ല്
വെള്ളാരങ്കല്ലുകൾ,വെള്ളാരങ്കല്ല്
വെള്ളാളനെ,വെള്ളാളൻ
വെള്ളാളന്റെ,വെള്ളാളൻ
വെള്ളി,വെള്ളി
വെള്ളീ,വെള്ളി
വെള്ളി,വെള്ളി
വെള്ളീ,വെള്ളി
വെള്ളിക്കാശ്,വെള്ളിക്കാശ്
വെള്ളിക്കാശിന്റെ,വെള്ളിക്കാശ്
വെള്ളിടി,വെള്ളിടി
വെള്ളിത്തിര,വെള്ളിത്തിര
വെള്ളിയാഴ്ച,വെള്ളിയാഴ്ച
വെള്ളില,വെള്ളില
വെള്ളുള്ളി,വെള്ളുള്ളി
വെള്ളെഴുത്ത്,വെള്ളെഴുത്ത്
വെവ്വേറെ,വെവ്വേറെ
വേ,വേ
വേ,വേ
വേഗ,വേഗ
വേഗം,വേഗം
വേഗവും,വേഗം
വേഗവതി,വേഗവതി
വേഗേന,വേഗേന
വേങ്ങ,വേങ്ങ
വേടത്തി,വേടത്തി
വേടൻ,വേടൻ
വേടനോട്,വേടൻ
വേടന്,വേടൻ
വേടന്റെ,വേടൻ
വേടന്മാർ,വേടൻ
വേടനും,വേടൻ
വേടാ,വേടൻ
വേട്ട്,വേട്
വേട്ട,വേട്ട
വേട്ടക്കാരൻ,വേട്ടക്കാരൻ
വേട്ടക്കാരനെ,വേട്ടക്കാരൻ
വേട്ടക്കാരന്,വേട്ടക്കാരൻ
വേട്ടക്കാരന്റെ,വേട്ടക്കാരൻ
വേട്ടക്കാരനും,വേട്ടക്കാരൻ
വേട്ടുവൻ,വേട്ടുവൻ
വേട്ടേക്കരൻ,വേട്ടേക്കരൻ
വേട്ടേക്കരന്,വേട്ടേക്കരൻ
വേഡ,വേഡ
വേണം,വേണം
വേണവും,വേണം
വേണം,വേണം
വേണവും,വേണം
വേണാട്,വേണാട്
വേണാടിനെ,വേണാട്
വേണാടിന്,വേണാട്
വേണാടിന്റെ,വേണാട്
വേണാടിൽ,വേണാട്
വേണാടും,വേണാട്
വേണാട്ട്,വേണാട്
വേണി,വേണി
വേണീ,വേണി
വേണി,വേണി
വേണീ,വേണി
വേണീ,വേണീ
വേണീസംഹാരം,വേണീസംഹാരം
വേണു,വേണു
വേണു,വേണു
വേണുഗാനം,വേണുഗാനം
വേണുഗോപാലൻ,വേണുഗോപാലൻ
വേണ്ടതില്ല,വേണ്ടതില്ല
വേണ്ടി,വേണ്ടി
വേണ്ടീ,വേണ്ടി
വേണ്ടിയ,വേണ്ടിയ
വേണ്ടും,വേണ്ടും
വേണ്ടും,വേണ്ടും
വേണ്ടുന്ന,വേണ്ടുക
വേണ്ടൂ,വേണ്ടൂ
വേൺ,വേൺ
വേണിന്റെ,വേൺ
വേതന,വേതന
വേതനം,വേതനം
വേതനവും,വേതനം
വേതാളം,വേതാളം
വേതാളവും,വേതാളം
വേദ,വേദ
വേദം,വേദം
വേദങ്ങൾ,വേദം
വേദവും,വേദം
വേദജ്ഞനും,വേദജ്ഞൻ
വേദന,വേദന
വേദനാ,വേദനാ
വേദനിക്കുക,വേദനിക്കുക
വേദനിച്ചു,വേദനിക്കുക
വേദനിക്കുന്നു,വേദനിക്കുക
വേദനിക്കുന്ന,വേദനിക്കുക
വേദപുസ്തകം,വേദപുസ്തകം
വേദബീജം,വേദബീജം
വേദമന്ത്രം,വേദമന്ത്രം
വേദമന്ത്രങ്ങൾ,വേദമന്ത്രം
വേദവാക്യം,വേദവാക്യം
വേദവിധി,വേദവിധി
വേദവേദ്യന്,വേദവേദ്യൻ
വേദവേദ്യാ,വേദവേദ്യൻ
വേദവ്യാസൻ,വേദവ്യാസൻ
വേദവ്യാസനെ,വേദവ്യാസൻ
വേദവ്യാസന്,വേദവ്യാസൻ
വേദവ്യാസന്റെ,വേദവ്യാസൻ
വേദവ്യാസനിൽ,വേദവ്യാസൻ
വേദശാസ്ത്രം,വേദശാസ്ത്രം
വേദശാസ്ത്രങ്ങൾ,വേദശാസ്ത്രം
വേദസാരം,വേദസാരം
വേദാംഗം,വേദാംഗം
വേദാന്തം,വേദാന്തം
വേദാന്തങ്ങൾ,വേദാന്തം
വേദാന്തവും,വേദാന്തം
വേദാന്തവേദ്യന്,വേദാന്തവേദ്യൻ
വേദാന്തി,വേദാന്തി
വേദി,വേദി
വേദി,വേദി
വേദിക,വേദിക
വേദിക,വേദിക
വേദിക്കുന്നു,വേദിക്കുക
വേധ,വേധ
വേധനം,വേധനം
വേധി,വേധി
വേനൽ,വേനൽ
വേനല്,വേനൽ
വേപഥു,വേപഥു
വേപ്പിലക്കട്ടി,വേപ്പിലക്കട്ടി
വേപ്പ്,വേപ്പ്
വേപ്പിന്,വേപ്പ്
വേപ്പിൻ,വേപ്പ്
വേപ്പിന്റെ,വേപ്പ്
വേപ്പ്,വേപ്പ്
വേപ്പിന്,വേപ്പ്
വേപ്പിൻ,വേപ്പ്
വേപ്പിന്റെ,വേപ്പ്
വേയ്,വേയ്
വേയിൽ,വേയ്
വേയും,വേയ്
വേര,വേര
വേര്,വേര്
വേരിനെ,വേര്
വേരിന്,വേര്
വേരിന്റെ,വേര്
വേരിൽ,വേര്
വേരുകൾ,വേര്
വേരും,വേര്
വേരായ,വേര്
വേർ,വേർ
വേരെ,വേർ
വേരിനെ,വേർ
വേരിന്,വേർ
വേരിൽ,വേർ
വേരുകൾ,വേർ
വേരും,വേർ
വേർതിരിഞ്ഞു,വേർതിരിയുക
വേർതിരിയുന്നു,വേർതിരിയുക
വേർതിരിയുന്ന,വേർതിരിയുക
വേർപാട്,വേർപാട്
വേർപാടിനെ,വേർപാട്
വേർപാടിനോട്,വേർപാട്
വേർപാടിന്,വേർപാട്
വേർപാടിന്റെ,വേർപാട്
വേർപാടിൽ,വേർപാട്
വേർപാടുകൾ,വേർപാട്
വേർപിരിഞ്ഞു,വേർപിരിയുക
വേർപിരിയുന്നു,വേർപിരിയുക
വേർപിരിയുന്ന,വേർപിരിയുക
വേർപെടുന്നു,വേർപെടുക
വേർപെടുന്ന,വേർപെടുക
വേർപെടുത്തുക,വേർപെടുത്തുക
വേർപെടുത്തി,വേർപെടുത്തുക
വേർപെടുത്തുന്നു,വേർപെടുത്തുക
വേർപെടുത്തുന്ന,വേർപെടുത്തുക
വേറെ,വേറെ
വേറുകൾ,വേറ്
വേറുകൾ,വേറ്
വേറുകൾ,വേറ്
വേറും,വേറ്
വേറായ,വേറ്
വേറേ,വേറ്
വേല,വേല
വേല,വേല
വേലത്ത്,വേലം
വേലത്ത്,വേലം
വേലക്കാരൻ,വേലക്കാരൻ
വേലക്കാരനോട്,വേലക്കാരൻ
വേലക്കാരന്,വേലക്കാരൻ
വേലക്കാരന്റെ,വേലക്കാരൻ
വേലക്കാരനിൽ,വേലക്കാരൻ
വേലക്കാരനും,വേലക്കാരൻ
വേലൻ,വേലൻ
വേലനെ,വേലൻ
വേലന്,വേലൻ
വേലന്റെ,വേലൻ
വേലന്മാർ,വേലൻ
വേലനും,വേലൻ
വേലയിറക്കം,വേലയിറക്കം
വേലായുധൻ,വേലായുധൻ
വേലായുധനെ,വേലായുധൻ
വേലായുധന്,വേലായുധൻ
വേലായുധന്റെ,വേലായുധൻ
വേലായുധന്മാർ,വേലായുധൻ
വേലായുധനും,വേലായുധൻ
വേലി,വേലി
വേലിയിറക്കം,വേലിയിറക്കം
വേലിയിറക്കങ്ങൾ,വേലിയിറക്കം
വേലിയിറക്കവും,വേലിയിറക്കം
വേലിയേറ്റം,വേലിയേറ്റം
വേലിയേറ്റവും,വേലിയേറ്റം
വേലു,വേലു
വേൽ,വേൽ
വേല്,വേൽ
വേൽ,വേൽ
വേല്,വേൽ
വേള,വേള
വേളാൻ,വേളാൻ
വേളി,വേളി
വേൾ,വേൾ
വേഴാമ്പൽ,വേഴാമ്പൽ
വേഴാമ്പല്,വേഴാമ്പൽ
വേഴ്ച,വേഴ്ച
വേവലാതി,വേവലാതി
വേവുന്നു,വേവുക
വേവുന്ന,വേവുക
വേവുന്നു,വേവുക
വേവുന്ന,വേവുക
വേവ്,വേവ്
വേവിനെ,വേവ്
വേവിന്,വേവ്
വേവിന്റെ,വേവ്
വേവിൽ,വേവ്
വേവുകൾ,വേവ്
വേവും,വേവ്
വേശനം,വേശനം
വേശ്യ,വേശ്യ
വേശ്യ,വേശ്യ
വേശ്യാവൃത്തി,വേശ്യാവൃത്തി
വേഷ,വേഷ
വേഷം,വേഷം
വേഷങ്ങൾ,വേഷം
വേഷവും,വേഷം
വേഷക്കാരനെ,വേഷക്കാരൻ
വേഷക്കാരന്റെ,വേഷക്കാരൻ
വേഷധാരി,വേഷധാരി
വേഷ്ടി,വേഷ്ടി
വേഷ്ടി,വേഷ്ടി
വൈ,വൈ
വൈകർത്തനൻ,വൈകർത്തനൻ
വൈകല്യ,വൈകല്യ
വൈകല്യം,വൈകല്യം
വൈകല്യങ്ങൾ,വൈകല്യം
വൈകല്യവും,വൈകല്യം
വൈകാരിക,വൈകാരിക
വൈകാശി,വൈകാശി
വൈകിച്ചു,വൈകിക്കുക
വൈകിക്കുന്നു,വൈകിക്കുക
വൈകിട്ട്,വൈകിട്ട്
വൈകിട്ടും,വൈകിട്ട്
വൈകുന്നു,വൈകുക
വൈകുന്ന,വൈകുക
വൈകുന്നു,വൈകുക
വൈകുന്ന,വൈകുക
വൈകുണ്ഠം,വൈകുണ്ഠം
വൈകുണ്ഠവും,വൈകുണ്ഠം
വൈകുണ്ഠന്,വൈകുണ്ഠൻ
വൈകുന്നേരം,വൈകുന്നേരം
വൈകുന്നേരങ്ങൾ,വൈകുന്നേരം
വൈകുന്നേരവും,വൈകുന്നേരം
വൈകുന്നേരത്ത്,വൈകുന്നേരം
വൈകൃതം,വൈകൃതം
വൈകൃതങ്ങൾ,വൈകൃതം
വൈകൃതവും,വൈകൃതം
വൈക്ലബ്യം,വൈക്ലബ്യം
വൈഖരീ,വൈഖരി
വൈജയന്തി,വൈജയന്തി
വൈജയന്തീ,വൈജയന്തി
വൈജയന്തീ,വൈജയന്തീ
വൈജാത്യം,വൈജാത്യം
വൈജാത്യവും,വൈജാത്യം
വൈജ്ഞാനിക,വൈജ്ഞാനിക
വൈജ്ഞാനികൻ,വൈജ്ഞാനികൻ
വൈജ്ഞാനികനും,വൈജ്ഞാനികൻ
വൈഡൂര്യം,വൈഡൂര്യം
വൈഡൂര്യവും,വൈഡൂര്യം
വൈണിക,വൈണിക
വൈണികൻ,വൈണികൻ
വൈതരണി,വൈതരണി
വൈദഗ്ധ്യം,വൈദഗ്ധ്യം
വൈദഗ്ധ്യവും,വൈദഗ്ധ്യം
വൈദർഭി,വൈദർഭി
വൈദി,വൈദി
വൈദിക,വൈദിക
വൈദിക,വൈദിക
വൈദികൻ,വൈദികൻ
വൈദികനെ,വൈദികൻ
വൈദികനോട്,വൈദികൻ
വൈദികന്,വൈദികൻ
വൈദികന്റെ,വൈദികൻ
വൈദികനിൽ,വൈദികൻ
വൈദികന്മാർ,വൈദികൻ
വൈദികനും,വൈദികൻ
വൈദേഹ,വൈദേഹ
വൈദ്യ,വൈദ്യ
വൈദ്യ,വൈദ്യ
വൈദ്യം,വൈദ്യം
വൈദ്യവും,വൈദ്യം
വൈദ്യനാഥൻ,വൈദ്യനാഥൻ
വൈദ്യനാഥനെ,വൈദ്യനാഥൻ
വൈദ്യനാഥന്,വൈദ്യനാഥൻ
വൈദ്യനാഥന്റെ,വൈദ്യനാഥൻ
വൈദ്യനാഥനും,വൈദ്യനാഥൻ
വൈദ്യൻ,വൈദ്യൻ
വൈദ്യനെ,വൈദ്യൻ
വൈദ്യന്,വൈദ്യൻ
വൈദ്യന്റെ,വൈദ്യൻ
വൈദ്യന്മാർ,വൈദ്യൻ
വൈദ്യനും,വൈദ്യൻ
വൈദ്യശാല,വൈദ്യശാല
വൈദ്യശാസ്ത്രം,വൈദ്യശാസ്ത്രം
വൈദ്യശാസ്ത്രവും,വൈദ്യശാസ്ത്രം
വൈദ്യുത,വൈദ്യുത
വൈദ്യുതവിശ്ലേഷണം,വൈദ്യുതവിശ്ലേഷണം
വൈദ്യുതി,വൈദ്യുതി
വൈദ്യുതി,വൈദ്യുതി
വൈപരീത്യം,വൈപരീത്യം
വൈപരീത്യവും,വൈപരീത്യം
വൈപുല്യം,വൈപുല്യം
വൈപുല്യവും,വൈപുല്യം
വൈഭവം,വൈഭവം
വൈഭവവും,വൈഭവം
വൈമനസ്യം,വൈമനസ്യം
വൈമനസ്യവും,വൈമനസ്യം
വൈമാനിക,വൈമാനിക
വൈമാനികനെ,വൈമാനികൻ
വൈമാനികന്,വൈമാനികൻ
വൈമാനികനും,വൈമാനികൻ
വൈമുഖ്യം,വൈമുഖ്യം
വൈമുഖ്യവും,വൈമുഖ്യം
വൈയക്തിക,വൈയക്തിക
വൈയാകരണൻ,വൈയാകരണൻ
വൈയാകരണന്മാർ,വൈയാകരണൻ
വൈയാകരണനും,വൈയാകരണൻ
വൈര,വൈര
വൈരം,വൈരം
വൈരങ്ങൾ,വൈരം
വൈരവും,വൈരം
വൈരനിര്യാതനം,വൈരനിര്യാതനം
വൈരവൻ,വൈരവൻ
വൈരസ്യം,വൈരസ്യം
വൈരാഗം,വൈരാഗം
വൈരാഗി,വൈരാഗി
വൈരാഗ്യം,വൈരാഗ്യം
വൈരാഗ്യവും,വൈരാഗ്യം
വൈരി,വൈരി
വൈരുധ്യം,വൈരുധ്യം
വൈരുധ്യങ്ങൾ,വൈരുധ്യം
വൈരുധ്യവും,വൈരുധ്യം
വൈരൂപ്യം,വൈരൂപ്യം
വൈരൂപ്യങ്ങൾ,വൈരൂപ്യം
വൈരൂപ്യവും,വൈരൂപ്യം
വൈവസ്വതന്,വൈവസ്വതൻ
വൈവിധ്യം,വൈവിധ്യം
വൈവിധ്യങ്ങൾ,വൈവിധ്യം
വൈവിധ്യവും,വൈവിധ്യം
വൈശാഖി,വൈശാഖി
വൈശിഷ്ട്യം,വൈശിഷ്ട്യം
വൈശിഷ്ട്യവും,വൈശിഷ്ട്യം
വൈശേഷിക,വൈശേഷിക
വൈശേഷികം,വൈശേഷികം
വൈശ്യ,വൈശ്യ
വൈശ്യൻ,വൈശ്യൻ
വൈശ്യന്,വൈശ്യൻ
വൈശ്യന്മാർ,വൈശ്യൻ
വൈശ്യനും,വൈശ്യൻ
വൈശ്യാ,വൈശ്യൻ
വൈശ്യവൃത്തി,വൈശ്യവൃത്തി
വൈശ്രവണനെ,വൈശ്രവണൻ
വൈശ്രവണനോട്,വൈശ്രവണൻ
വൈശ്രവണന്,വൈശ്രവണൻ
വൈശ്രവണന്റെ,വൈശ്രവണൻ
വൈശ്വാനര,വൈശ്വാനര
വൈഷമ്യം,വൈഷമ്യം
വൈഷമ്യങ്ങൾ,വൈഷമ്യം
വൈഷമ്യവും,വൈഷമ്യം
വൈഷ്ണവ,വൈഷ്ണവ
വൈഷ്ണവം,വൈഷ്ണവം
വൈഷ്ണവി,വൈഷ്ണവി
വൈഷ്ണവീ,വൈഷ്ണവി
വ്,വ്
വിനെ,വ്
വിനോട്,വ്
വോട്ട്,വ്
വിന്,വ്
വിൻ,വ്
വാൽ,വ്
വിന്റെ,വ്
വിൽ,വ്
വും,വ്
വാം,വ്
വേക്ക്,വ്
വായ,വ്
വ്യ,വ്യ
വ്യംഗ,വ്യംഗ
വ്യംഗ,വ്യംഗ
വ്യംഗ്യം,വ്യംഗ്യം
വ്യംഗ്യവും,വ്യംഗ്യം
വ്യക,വ്യക
വ്യക്ത,വ്യക്ത
വ്യക്ത,വ്യക്ത
വ്യക്തത,വ്യക്തത
വ്യക്തി,വ്യക്തി
വ്യക്തി,വ്യക്തി
വ്യക്തിഗത,വ്യക്തിഗത
വ്യക്തിത്വം,വ്യക്തിത്വം
വ്യക്തിത്വങ്ങൾ,വ്യക്തിത്വം
വ്യക്തിത്വവും,വ്യക്തിത്വം
വ്യഗ്രവും,വ്യഗ്രം
വ്യഗ്രത,വ്യഗ്രത
വ്യഞ്ജന,വ്യഞ്ജന
വ്യഞ്ജന,വ്യഞ്ജന
വ്യഞ്ജനം,വ്യഞ്ജനം
വ്യഞ്ജനങ്ങൾ,വ്യഞ്ജനം
വ്യഞ്ജനവും,വ്യഞ്ജനം
വ്യതിചലനം,വ്യതിചലനം
വ്യതിചലനങ്ങൾ,വ്യതിചലനം
വ്യതിചലിച്ചു,വ്യതിചലിക്കുക
വ്യതിചലിക്കുന്നു,വ്യതിചലിക്കുക
വ്യതിചലിക്കുന്ന,വ്യതിചലിക്കുക
വ്യതിയാനം,വ്യതിയാനം
വ്യതിയാനങ്ങൾ,വ്യതിയാനം
വ്യതിയാനവും,വ്യതിയാനം
വ്യതിരിക്ത,വ്യതിരിക്ത
വ്യത്യയം,വ്യത്യയം
വ്യത്യസ്തത,വ്യത്യസ്തത
വ്യത്യാസം,വ്യത്യാസം
വ്യത്യാസങ്ങൾ,വ്യത്യാസം
വ്യത്യാസവും,വ്യത്യാസം
വ്യഥ,വ്യഥ
വ്യഥ,വ്യഥ
വ്യഭിചരിക്കുന്ന,വ്യഭിചരിക്കുക
വ്യഭിചാരം,വ്യഭിചാരം
വ്യഭിചാരവും,വ്യഭിചാരം
വ്യഭിചാരി,വ്യഭിചാരി
വ്യയം,വ്യയം
വ്യവകലനം,വ്യവകലനം
വ്യവസായ,വ്യവസായ
വ്യവസായ,വ്യവസായ
വ്യവസായം,വ്യവസായം
വ്യവസായങ്ങൾ,വ്യവസായം
വ്യവസായവും,വ്യവസായം
വ്യവസായമേഖല,വ്യവസായമേഖല
വ്യവസായവിപ്ലവം,വ്യവസായവിപ്ലവം
വ്യവസായി,വ്യവസായി
വ്യവസ്ഥ,വ്യവസ്ഥ
വ്യവസ്ഥാപിത,വ്യവസ്ഥാപിത
വ്യവസ്ഥിതി,വ്യവസ്ഥിതി
വ്യവഹാര,വ്യവഹാര
വ്യവഹാരം,വ്യവഹാരം
വ്യവഹാരങ്ങൾ,വ്യവഹാരം
വ്യവഹാരവും,വ്യവഹാരം
വ്യവഹാരിക,വ്യവഹാരിക
വ്യവായി,വ്യവായി
വ്യവാസായ,വ്യവാസായ
വ്യഷ്ടി,വ്യഷ്ടി
വ്യസന,വ്യസന
വ്യസനം,വ്യസനം
വ്യസനങ്ങൾ,വ്യസനം
വ്യസനിച്ചു,വ്യസനിക്കുക
വ്യാകരണ,വ്യാകരണ
വ്യാകരണം,വ്യാകരണം
വ്യാകരണങ്ങൾ,വ്യാകരണം
വ്യാകരണവും,വ്യാകരണം
വ്യാകുല,വ്യാകുല
വ്യാകുലത,വ്യാകുലത
വ്യാഖ്യാതാവ്,വ്യാഖ്യാതാവ്
വ്യാഖ്യാതാവിന്റെ,വ്യാഖ്യാതാവ്
വ്യാഖ്യാതാവും,വ്യാഖ്യാതാവ്
വ്യാഖ്യാതാവായ,വ്യാഖ്യാതാവ്
വ്യാഖ്യാന,വ്യാഖ്യാന
വ്യാഖ്യാനം,വ്യാഖ്യാനം
വ്യാഖ്യാനങ്ങൾ,വ്യാഖ്യാനം
വ്യാഖ്യാനവും,വ്യാഖ്യാനം
വ്യാഖ്യാനിക്കുക,വ്യാഖ്യാനിക്കുക
വ്യാഖ്യാനിച്ചു,വ്യാഖ്യാനിക്കുക
വ്യാഖ്യാനിക്കുന്നു,വ്യാഖ്യാനിക്കുക
വ്യാഖ്യാനിക്കുന്ന,വ്യാഖ്യാനിക്കുക
വ്യാഖ്യേയ,വ്യാഖ്യേയ
വ്യാഖ്യേയ,വ്യാഖ്യേയ
വ്യാഘ്രം,വ്യാഘ്രം
വ്യാജ,വ്യാജ
വ്യാജ,വ്യാജ
വ്യാജം,വ്യാജം
വ്യാജവും,വ്യാജം
വ്യാജച്ചരക്ക്,വ്യാജച്ചരക്ക്
വ്യാധന്,വ്യാധൻ
വ്യാധന്റെ,വ്യാധൻ
വ്യാധനും,വ്യാധൻ
വ്യാധി,വ്യാധി
വ്യാധി,വ്യാധി
വ്യാനൻ,വ്യാനൻ
വ്യാനന്,വ്യാനൻ
വ്യാപക,വ്യാപക
വ്യാപക,വ്യാപക
വ്യാപന,വ്യാപന
വ്യാപനം,വ്യാപനം
വ്യാപനവും,വ്യാപനം
വ്യാപരിച്ചു,വ്യാപരിക്കുക
വ്യാപരിക്കുന്നു,വ്യാപരിക്കുക
വ്യാപരിക്കുന്ന,വ്യാപരിക്കുക
വ്യാപാരം,വ്യാപാരം
വ്യാപാരങ്ങൾ,വ്യാപാരം
വ്യാപാരവും,വ്യാപാരം
വ്യാപാരി,വ്യാപാരി
വ്യാപ്തം,വ്യാപ്തം
വ്യാപ്തങ്ങൾ,വ്യാപ്തം
വ്യാപ്തവും,വ്യാപ്തം
വ്യാപ്തി,വ്യാപ്തി
വ്യാപ്തി,വ്യാപ്തി
വ്യാമോഹം,വ്യാമോഹം
വ്യായാമ,വ്യായാമ
വ്യായാമം,വ്യായാമം
വ്യായാമങ്ങൾ,വ്യായാമം
വ്യായാമവും,വ്യായാമം
വ്യാളി,വ്യാളി
വ്യാഴം,വ്യാഴം
വ്യാഴവും,വ്യാഴം
വ്യാഴം,വ്യാഴം
വ്യാഴവും,വ്യാഴം
വ്യാഴൻ,വ്യാഴൻ
വ്യാഴന്,വ്യാഴൻ
വ്യാഴന്റെ,വ്യാഴൻ
വ്യാഴവട്ടം,വ്യാഴവട്ടം
വ്യാഴാഴ്ച,വ്യാഴാഴ്ച
വ്യാവസായിക,വ്യാവസായിക
വ്യാവഹാരിക,വ്യാവഹാരിക
വ്യാസം,വ്യാസം
വ്യാസവും,വ്യാസം
വ്യാസൻ,വ്യാസൻ
വ്യാസനെ,വ്യാസൻ
വ്യാസനോട്,വ്യാസൻ
വ്യാസന്,വ്യാസൻ
വ്യാസന്റെ,വ്യാസൻ
വ്യാസനും,വ്യാസൻ
വ്യാസാ,വ്യാസൻ
വ്യുത്പത്തി,വ്യുത്പത്തി
വ്യൂഹ,വ്യൂഹ
വ്യൂഹം,വ്യൂഹം
വ്യൂഹങ്ങൾ,വ്യൂഹം
വ്യൂഹവും,വ്യൂഹം
വ്യോമ,വ്യോമ
വ്യോമം,വ്യോമം
വ്യോമയാനം,വ്യോമയാനം
വ്യോമസേന,വ്യോമസേന
വ്രജ,വ്രജ
വ്രണം,വ്രണം
വ്രണങ്ങൾ,വ്രണം
വ്രണവും,വ്രണം
വ്രത,വ്രത
വ്രതം,വ്രതം
വ്രതങ്ങൾ,വ്രതം
വ്രതവും,വ്രതം
വ്രതം,വ്രതം
വ്രതങ്ങൾ,വ്രതം
വ്രതവും,വ്രതം
വ്രതഭംഗം,വ്രതഭംഗം
വ്രതാനുഷ്ഠാനം,വ്രതാനുഷ്ഠാനം
വ്രതാനുഷ്ഠാനവും,വ്രതാനുഷ്ഠാനം
വ്രാത്യന്,വ്രാത്യൻ
ശം,ശം
ശംഖ,ശംഖ
ശംഖം,ശംഖം
ശംഖധ്വനി,ശംഖധ്വനി
ശംഖനാദം,ശംഖനാദം
ശംഖനാദവും,ശംഖനാദം
ശംഖപാലൻ,ശംഖപാലൻ
ശംഖാസുരൻ,ശംഖാസുരൻ
ശംഖാസുരനെ,ശംഖാസുരൻ
ശംഖാസുരന്,ശംഖാസുരൻ
ശംഖാസുരന്റെ,ശംഖാസുരൻ
ശംഖുമുദ്ര,ശംഖുമുദ്ര
ശംഖുവിളി,ശംഖുവിളി
ശംഖ്,ശംഖ്
ശംഖിനെ,ശംഖ്
ശംഖിന്റെ,ശംഖ്
ശംഖുകൾ,ശംഖ്
ശംഖും,ശംഖ്
ശംബരൻ,ശംബരൻ
ശംബരനെ,ശംബരൻ
ശംബരന്,ശംബരൻ
ശംബരന്റെ,ശംബരൻ
ശംഭു,ശംഭു
ശംസിത,ശംസിത
ശംസു,ശംസു
ശംസ്,ശംസ്
ശക,ശക
ശകട,ശകട
ശകടം,ശകടം
ശകന്മാർ,ശകന്മാർ
ശകന്മാരും,ശകന്മാർ
ശകലം,ശകലം
ശകലങ്ങൾ,ശകലം
ശകവർഷം,ശകവർഷം
ശകാബ്ദം,ശകാബ്ദം
ശകാബ്ദവും,ശകാബ്ദം
ശകാരം,ശകാരം
ശകാരങ്ങൾ,ശകാരം
ശകാരവും,ശകാരം
ശകാരിച്ചു,ശകാരിക്കുക
ശകാരിക്കുന്ന,ശകാരിക്കുക
ശകുനം,ശകുനം
ശകുനങ്ങൾ,ശകുനം
ശകുനി,ശകുനി
ശകുന്തള,ശകുന്തള
ശക്ത,ശക്ത
ശക്ത,ശക്ത
ശക്തി,ശക്തി
ശക്തീ,ശക്തി
ശക്തി,ശക്തി
ശക്തീ,ശക്തി
ശക്തിധരൻ,ശക്തിധരൻ
ശക്തിധരന്,ശക്തിധരൻ
ശക്തിധരന്റെ,ശക്തിധരൻ
ശക്തിമത്തും,ശക്തിമത്ത്
ശക്തിമത്തായ,ശക്തിമത്ത്
ശക്യ,ശക്യ
ശക്രന്,ശക്രൻ
ശക്വരി,ശക്വരി
ശങ്ക,ശങ്ക
ശങ്ക,ശങ്ക
ശങ്കര,ശങ്കര
ശങ്കര,ശങ്കര
ശങ്കരൻ,ശങ്കരൻ
ശങ്കരനെ,ശങ്കരൻ
ശങ്കരന്,ശങ്കരൻ
ശങ്കരന്റെ,ശങ്കരൻ
ശങ്കരനും,ശങ്കരൻ
ശങ്കരാ,ശങ്കരൻ
ശങ്കരാചാര്യർ,ശങ്കരാചാര്യർ
ശങ്കരാചാര്യരെ,ശങ്കരാചാര്യർ
ശങ്കരാചാര്യരോട്,ശങ്കരാചാര്യർ
ശങ്കരാചാര്യരുടെ,ശങ്കരാചാര്യർ
ശങ്കരാചാര്യരും,ശങ്കരാചാര്യർ
ശങ്കരാഭരണം,ശങ്കരാഭരണം
ശങ്കരി,ശങ്കരി
ശങ്കിച്ചു,ശങ്കിക്കുക
ശങ്കു,ശങ്കു
ശങ്കൂ,ശങ്കു
ശങ്കു,ശങ്കു
ശങ്കൂ,ശങ്കു
ശചി,ശചി
ശഠിച്ചു,ശഠിക്കുക
ശഠിക്കുന്നു,ശഠിക്കുക
ശഠിക്കുന്ന,ശഠിക്കുക
ശത,ശത
ശതം,ശതം
ശതവും,ശതം
ശതകം,ശതകം
ശതകങ്ങൾ,ശതകം
ശതകവും,ശതകം
ശതകുപ്പ,ശതകുപ്പ
ശതധന്വാവ്,ശതധന്വാവ്
ശതധന്വാവിനെ,ശതധന്വാവ്
ശതധന്വാവിന്,ശതധന്വാവ്
ശതപഥബ്രാഹ്മണം,ശതപഥബ്രാഹ്മണം
ശതമാനം,ശതമാനം
ശതമാനങ്ങൾ,ശതമാനം
ശതമാനവും,ശതമാനം
ശതാനന്ദൻ,ശതാനന്ദൻ
ശതാനന്ദന്,ശതാനന്ദൻ
ശതാനീകൻ,ശതാനീകൻ
ശതാബ്ദം,ശതാബ്ദം
ശതാബ്ദി,ശതാബ്ദി
ശതാഭിഷേകം,ശതാഭിഷേകം
ശതായുസ്സിന്റെ,ശതായുസ്സ്
ശതാവരി,ശതാവരി
ശതാവരീ,ശതാവരി
ശത്രു,ശത്രു
ശത്രു,ശത്രു
ശത്രുഘ്നൻ,ശത്രുഘ്നൻ
ശത്രുഘ്നനെ,ശത്രുഘ്നൻ
ശത്രുഘ്നന്,ശത്രുഘ്നൻ
ശത്രുഘ്നനും,ശത്രുഘ്നൻ
ശത്രുത,ശത്രുത
ശനി,ശനി
ശനി,ശനി
ശനിദശ,ശനിദശ
ശനിയൻ,ശനിയൻ
ശനിയാഴ്ച,ശനിയാഴ്ച
ശനൈശ്ചരന്,ശനൈശ്ചരൻ
ശപഥം,ശപഥം
ശപഥവും,ശപഥം
ശപിച്ചു,ശപിക്കുക
ശപിക്കുന്നു,ശപിക്കുക
ശബരി,ശബരി
ശബരീ,ശബരി
ശബരിഗിരി,ശബരിഗിരി
ശബരിമല,ശബരിമല
ശബള,ശബള
ശബളം,ശബളം
ശബ്ദ,ശബ്ദ
ശബ്ദം,ശബ്ദം
ശബ്ദങ്ങൾ,ശബ്ദം
ശബ്ദവും,ശബ്ദം
ശബ്ദതരംഗങ്ങൾ,ശബ്ദതരംഗം
ശബ്ദബ്രഹ്മം,ശബ്ദബ്രഹ്മം
ശബ്ദബ്രഹ്മവും,ശബ്ദബ്രഹ്മം
ശബ്ദശുദ്ധി,ശബ്ദശുദ്ധി
ശബ്ദാലങ്കാരം,ശബ്ദാലങ്കാരം
ശബ്ദാലങ്കാരങ്ങൾ,ശബ്ദാലങ്കാരം
ശബ്ദിക്കുക,ശബ്ദിക്കുക
ശബ്ദിച്ചു,ശബ്ദിക്കുക
ശബ്ദിക്കുന്നു,ശബ്ദിക്കുക
ശബ്ദിക്കുന്ന,ശബ്ദിക്കുക
ശമന,ശമന
ശമന,ശമന
ശമനം,ശമനം
ശമനവും,ശമനം
ശമിച്ചു,ശമിക്കുക
ശമിക്കുന്നു,ശമിക്കുക
ശമ്പളം,ശമ്പളം
ശമ്പളവും,ശമ്പളം
ശയം,ശയം
ശയന,ശയന
ശയനം,ശയനം
ശയനവും,ശയനം
ശയനപ്രദക്ഷിണം,ശയനപ്രദക്ഷിണം
ശയനപ്രദക്ഷിണവും,ശയനപ്രദക്ഷിണം
ശയാന,ശയാന
ശയാന,ശയാന
ശയിച്ചു,ശയിക്കുക
ശയിക്കുന്നു,ശയിക്കുക
ശയിക്കുന്ന,ശയിക്കുക
ശയ്യ,ശയ്യ
ശയ്യ,ശയ്യ
ശര,ശര
ശരം,ശരം
ശരങ്ങൾ,ശരം
ശരവും,ശരം
ശരത്ത്,ശരം
ശരകൂടം,ശരകൂടം
ശരച്ചന്ദ്രന്,ശരച്ചന്ദ്രൻ
ശരണ,ശരണ
ശരണം,ശരണം
ശരണവും,ശരണം
ശരണാഗത,ശരണാഗത
ശരണ്യാ,ശരണ്യൻ
ശരത്കാലം,ശരത്കാലം
ശരത്കാലത്ത്,ശരത്കാലം
ശരന്,ശരൻ
ശരന്,ശരൻ
ശരറാന്തൽ,ശരറാന്തൽ
ശരവണഭവൻ,ശരവണഭവൻ
ശരവണഭവന്,ശരവണഭവൻ
ശരവർഷം,ശരവർഷം
ശരശയ്യ,ശരശയ്യ
ശരി,ശരി
ശരീ,ശരി
ശരി,ശരി
ശരീ,ശരി
ശരിപ്പെടുത്തി,ശരിപ്പെടുത്തുക
ശരീര,ശരീര
ശരീരം,ശരീരം
ശരീരങ്ങൾ,ശരീരം
ശരീരവും,ശരീരം
ശരീരത്ത്,ശരീരം
ശരീരത്യാഗം,ശരീരത്യാഗം
ശരീരബന്ധം,ശരീരബന്ധം
ശർക്കര,ശർക്കര
ശർക്കരപ്പാവ്,ശർക്കരപ്പാവ്
ശർമ,ശർമ
ശർമൻ,ശർമൻ
ശലകങ്ങൾ,ശലകം
ശലൻ,ശലൻ
ശലഭ,ശലഭ
ശലഭം,ശലഭം
ശലഭങ്ങൾ,ശലഭം
ശലഭവും,ശലഭം
ശല്കങ്ങൾ,ശല്കം
ശല്യം,ശല്യം
ശല്യങ്ങൾ,ശല്യം
ശല്യവും,ശല്യം
ശവ,ശവ
ശവം,ശവം
ശവങ്ങൾ,ശവം
ശവവും,ശവം
ശവക്കല്ലറ,ശവക്കല്ലറ
ശവദാഹം,ശവദാഹം
ശവപ്പറമ്പ്,ശവപ്പറമ്പ്
ശവപ്പറമ്പിൽ,ശവപ്പറമ്പ്
ശവപ്പറമ്പായ,ശവപ്പറമ്പ്
ശവപ്പെട്ടി,ശവപ്പെട്ടി
ശവശരീരം,ശവശരീരം
ശവശരീരങ്ങൾ,ശവശരീരം
ശവസംസ്കാരം,ശവസംസ്കാരം
ശവസംസ്കാരവും,ശവസംസ്കാരം
ശശാങ്കൻ,ശശാങ്കൻ
ശശാങ്കനെ,ശശാങ്കൻ
ശശാങ്കന്,ശശാങ്കൻ
ശശി,ശശി
ശശീ,ശശി
ശശികല,ശശികല
ശശിലേഖ,ശശിലേഖ
ശസ്തി,ശസ്തി
ശസ്തി,ശസ്തി
ശസ്ത്ര,ശസ്ത്ര
ശസ്ത്രവും,ശസ്ത്രം
ശസ്ത്രക്രിയ,ശസ്ത്രക്രിയ
ശസ്ത്രീ,ശസ്ത്രി
ശാംഭവി,ശാംഭവി
ശാംഭവീ,ശാംഭവി
ശാകംബരി,ശാകംബരി
ശാകുന്തളം,ശാകുന്തളം
ശാകുന്തളവും,ശാകുന്തളം
ശാക്ത,ശാക്ത
ശാക്യ,ശാക്യ
ശാക്യമുനി,ശാക്യമുനി
ശാഖ,ശാഖ
ശാഖ,ശാഖ
ശാഖാ,ശാഖൻ
ശാഖാ,ശാഖാ
ശാഖി,ശാഖി
ശാചി,ശാചി
ശാണ്ഡില്യൻ,ശാണ്ഡില്യൻ
ശാണ്ഡില്യന്റെ,ശാണ്ഡില്യൻ
ശാണ്ഡില്യനും,ശാണ്ഡില്യൻ
ശാദ്വല,ശാദ്വല
ശാന്ത,ശാന്ത
ശാന്ത,ശാന്ത
ശാന്തം,ശാന്തം
ശാന്തവും,ശാന്തം
ശാന്തത,ശാന്തത
ശാന്തൻ,ശാന്തൻ
ശാന്തന്,ശാന്തൻ
ശാന്തനും,ശാന്തൻ
ശാന്താ,ശാന്തൻ
ശാന്തരസം,ശാന്തരസം
ശാന്തി,ശാന്തി
ശാന്തി,ശാന്തി
ശാന്തിക്കാരൻ,ശാന്തിക്കാരൻ
ശാന്തിക്കാരനെ,ശാന്തിക്കാരൻ
ശാന്തിക്കാരന്,ശാന്തിക്കാരൻ
ശാന്തിക്കാരന്റെ,ശാന്തിക്കാരൻ
ശാന്തിക്കാരനും,ശാന്തിക്കാരൻ
ശാന്തിവൃത്തി,ശാന്തിവൃത്തി
ശാപ,ശാപ
ശാപം,ശാപം
ശാപങ്ങൾ,ശാപം
ശാപവും,ശാപം
ശാപ്പാട്,ശാപ്പാട്
ശാബത്ത്,ശാബം
ശാമിത്രം,ശാമിത്രം
ശാരദ,ശാരദ
ശാരി,ശാരി
ശാരിക,ശാരിക
ശാരീര,ശാരീര
ശാരീരം,ശാരീരം
ശാരീരകവും,ശാരീരകം
ശാരീരിക,ശാരീരിക
ശാർക്കര,ശാർക്കര
ശാല,ശാല
ശാല,ശാല
ശാലാ,ശാലൻ
ശാലാ,ശാലാ
ശാലി,ശാലി
ശാലി,ശാലി
ശാലികൻ,ശാലികൻ
ശാലിനി,ശാലിനി
ശാലിനീ,ശാലിനി
ശാലിന്,ശാലിൻ
ശാലീന,ശാലീന
ശാലീനം,ശാലീനം
ശാലീനത,ശാലീനത
ശാലു,ശാലു
ശാശ്വത,ശാശ്വത
ശാശ്വതം,ശാശ്വതം
ശാശ്വതവും,ശാശ്വതം
ശാസകന്,ശാസകൻ
ശാസന,ശാസന
ശാസന,ശാസന
ശാസനം,ശാസനം
ശാസനങ്ങൾ,ശാസനം
ശാസനവും,ശാസനം
ശാസനാ,ശാസനൻ
ശാസനാ,ശാസനാ
ശാസിക്കുക,ശാസിക്കുക
ശാസിച്ചു,ശാസിക്കുക
ശാസിക്കുന്നു,ശാസിക്കുക
ശാസ്,ശാസ്
ശാസും,ശാസ്
ശാസ്താ,ശാസ്താ
ശാസ്താവ്,ശാസ്താവ്
ശാസ്താവിനെ,ശാസ്താവ്
ശാസ്താവിനോട്,ശാസ്താവ്
ശാസ്താവിന്,ശാസ്താവ്
ശാസ്താവിന്റെ,ശാസ്താവ്
ശാസ്താവിൽ,ശാസ്താവ്
ശാസ്താവും,ശാസ്താവ്
ശാസ്തി,ശാസ്തി
ശാസ്ത്ര,ശാസ്ത്ര
ശാസ്ത്രം,ശാസ്ത്രം
ശാസ്ത്രങ്ങൾ,ശാസ്ത്രം
ശാസ്ത്രവും,ശാസ്ത്രം
ശാസ്ത്രകാരൻ,ശാസ്ത്രകാരൻ
ശാസ്ത്രകാരന്റെ,ശാസ്ത്രകാരൻ
ശാസ്ത്രകാരന്മാർ,ശാസ്ത്രകാരൻ
ശാസ്ത്രകാരനും,ശാസ്ത്രകാരൻ
ശാസ്ത്രജ്ഞ,ശാസ്ത്രജ്ഞ
ശാസ്ത്രജ്ഞ,ശാസ്ത്രജ്ഞ
ശാസ്ത്രജ്ഞൻ,ശാസ്ത്രജ്ഞൻ
ശാസ്ത്രജ്ഞനെ,ശാസ്ത്രജ്ഞൻ
ശാസ്ത്രജ്ഞനോട്,ശാസ്ത്രജ്ഞൻ
ശാസ്ത്രജ്ഞന്,ശാസ്ത്രജ്ഞൻ
ശാസ്ത്രജ്ഞന്റെ,ശാസ്ത്രജ്ഞൻ
ശാസ്ത്രജ്ഞന്മാർ,ശാസ്ത്രജ്ഞൻ
ശാസ്ത്രജ്ഞനും,ശാസ്ത്രജ്ഞൻ
ശാസ്ത്രജ്ഞനേ,ശാസ്ത്രജ്ഞൻ
ശാസ്ത്രാണി,ശാസ്ത്രാണി
ശാസ്ത്രി,ശാസ്ത്രി
ശാസ്ത്രീ,ശാസ്ത്രി
ശി,ശി
ശീ,ശി
ശിക്ഷ,ശിക്ഷ
ശിക്ഷണ,ശിക്ഷണ
ശിക്ഷണം,ശിക്ഷണം
ശിക്ഷണവും,ശിക്ഷണം
ശിക്ഷാ,ശിക്ഷാ
ശിക്ഷിക്കുക,ശിക്ഷിക്കുക
ശിക്ഷിച്ചു,ശിക്ഷിക്കുക
ശിക്ഷിക്കുന്നു,ശിക്ഷിക്കുക
ശിക്ഷിക്കുന്ന,ശിക്ഷിക്കുക
ശിഖ,ശിഖ
ശിഖണ്ഡി,ശിഖണ്ഡി
ശിഖണ്ഡി,ശിഖണ്ഡി
ശിഖാ,ശിഖൻ
ശിഖരി,ശിഖരി
ശിഖാ,ശിഖാ
ശിഖാമണി,ശിഖാമണി
ശിഖി,ശിഖി
ശിഖീ,ശിഖി
ശിഖിധ്വജനെ,ശിഖിധ്വജൻ
ശിഖിധ്വജന്,ശിഖിധ്വജൻ
ശിഖിധ്വജന്റെ,ശിഖിധ്വജൻ
ശിഖിധ്വജനും,ശിഖിധ്വജൻ
ശിഖിര,ശിഖിര
ശിങ്കിടി,ശിങ്കിടി
ശിഥില,ശിഥില
ശിഥിലം,ശിഥിലം
ശിഥിലവും,ശിഥിലം
ശിഥിലീകരിക്കുന്ന,ശിഥിലീകരിക്കുക
ശിപ്ര,ശിപ്ര
ശിഫ,ശിഫ
ശിബി,ശിബി
ശിബിരം,ശിബിരം
ശിബിരങ്ങൾ,ശിബിരം
ശിബിരവും,ശിബിരം
ശിരസാ,ശിരസാ
ശിരസി,ശിരസി
ശിരസ്,ശിരസ്
ശിരസിന്,ശിരസ്
ശിരസിന്റെ,ശിരസ്
ശിരസിൽ,ശിരസ്
ശിരസും,ശിരസ്
ശിരസ്ക,ശിരസ്ക
ശിരസ്ത്രവും,ശിരസ്ത്രം
ശിരസ്സ്,ശിരസ്സ്
ശിരസ്സിനെ,ശിരസ്സ്
ശിരസ്സിന്,ശിരസ്സ്
ശിരസ്സിന്റെ,ശിരസ്സ്
ശിരസ്സിൽ,ശിരസ്സ്
ശിരസ്സുകൾ,ശിരസ്സ്
ശിരസ്സും,ശിരസ്സ്
ശില,ശില
ശിലാ,ശിലാ
ശിലാലേഖനം,ശിലാലേഖനം
ശിലാലേഖനങ്ങൾ,ശിലാലേഖനം
ശിലാശാസനം,ശിലാശാസനം
ശിലാശാസനങ്ങൾ,ശിലാശാസനം
ശില്പം,ശില്പം
ശില്പങ്ങൾ,ശില്പം
ശില്പവും,ശില്പം
ശില്പവിദ്യ,ശില്പവിദ്യ
ശില്പവേല,ശില്പവേല
ശില്പശാല,ശില്പശാല
ശില്പി,ശില്പി
ശിൽപ,ശിൽപ
ശിവ,ശിവ
ശിവ,ശിവ
ശിവം,ശിവം
ശിവവും,ശിവം
ശിവൻ,ശിവൻ
ശിവനെ,ശിവൻ
ശിവനോട്,ശിവൻ
ശിവന്,ശിവൻ
ശിവന്റെ,ശിവൻ
ശിവനിൽ,ശിവൻ
ശിവനും,ശിവൻ
ശിവനേ,ശിവൻ
ശിവാ,ശിവൻ
ശിവപുരം,ശിവപുരം
ശിവപുരത്ത്,ശിവപുരം
ശിവപുരാണം,ശിവപുരാണം
ശിവരാത്രി,ശിവരാത്രി
ശിവലിംഗം,ശിവലിംഗം
ശിവലിംഗങ്ങൾ,ശിവലിംഗം
ശിവലിംഗവും,ശിവലിംഗം
ശിവാനി,ശിവാനി
ശിവാലയങ്ങൾ,ശിവാലയം
ശിശിര,ശിശിര
ശിശിര,ശിശിര
ശിശിരം,ശിശിരം
ശിശിരങ്ങൾ,ശിശിരം
ശിശിരവും,ശിശിരം
ശിശു,ശിശു
ശിശു,ശിശു
ശിഷ്ട,ശിഷ്ട
ശിഷ്ട,ശിഷ്ട
ശിഷ്ടം,ശിഷ്ടം
ശിഷ്ടങ്ങൾ,ശിഷ്ടം
ശിഷ്ടവും,ശിഷ്ടം
ശിഷ്യ,ശിഷ്യ
ശീ,ശീ
ശീ,ശീ
ശീഘ്രം,ശീഘ്രം
ശീട്ട്,ശീട്ട്
ശീട്ട്,ശീട്ട്
ശീത,ശീത
ശീത,ശീത
ശീതം,ശീതം
ശീതൻ,ശീതൻ
ശീതള,ശീതള
ശീമ,ശീമ
ശീമ,ശീമ
ശീമാട്ടി,ശീമാട്ടി
ശീർഷ,ശീർഷ
ശീർഷം,ശീർഷം
ശീർഷങ്ങൾ,ശീർഷം
ശീർഷവും,ശീർഷം
ശീർഷക,ശീർഷക
ശീർഷകം,ശീർഷകം
ശീർഷകങ്ങൾ,ശീർഷകം
ശീർഷകവും,ശീർഷകം
ശീല,ശീല
ശീല,ശീല
ശീലം,ശീലം
ശീലങ്ങൾ,ശീലം
ശീലവും,ശീലം
ശീലത്ത്,ശീലം
ശീലനം,ശീലനം
ശീലിക്കുക,ശീലിക്കുക
ശീലിച്ചു,ശീലിക്കുക
ശീലിക്കുന്ന,ശീലിക്കുക
ശീവേലി,ശീവേലി
ശീവേലി,ശീവേലി
ശുംഭനെ,ശുംഭൻ
ശുംഭന്,ശുംഭൻ
ശുംഭന്റെ,ശുംഭൻ
ശുംഭനും,ശുംഭൻ
ശുകൻ,ശുകൻ
ശുകന്,ശുകൻ
ശുകനും,ശുകൻ
ശുക്തിമാന്,ശുക്തിമാൻ
ശുക്ര,ശുക്ര
ശുക്രദശ,ശുക്രദശ
ശുക്രൻ,ശുക്രൻ
ശുക്രനെ,ശുക്രൻ
ശുക്രന്,ശുക്രൻ
ശുക്രന്റെ,ശുക്രൻ
ശുക്രനിൽ,ശുക്രൻ
ശുക്രനും,ശുക്രൻ
ശുക്ല,ശുക്ല
ശുക്ല,ശുക്ല
ശുക്ലം,ശുക്ലം
ശുക്ലവും,ശുക്ലം
ശുക്ലപക്ഷം,ശുക്ലപക്ഷം
ശുചി,ശുചി
ശുചി,ശുചി
ശുചിത്വം,ശുചിത്വം
ശുചിത്വവും,ശുചിത്വം
ശുചീകരണം,ശുചീകരണം
ശുചീകരണവും,ശുചീകരണം
ശുചീകരിക്കുക,ശുചീകരിക്കുക
ശുചീകരിച്ചു,ശുചീകരിക്കുക
ശുചീകരിക്കുന്നു,ശുചീകരിക്കുക
ശുചീകരിക്കുന്ന,ശുചീകരിക്കുക
ശുണ്ഠി,ശുണ്ഠി
ശുദ്ധ,ശുദ്ധ
ശുദ്ധ,ശുദ്ധ
ശുദ്ധം,ശുദ്ധം
ശുദ്ധവും,ശുദ്ധം
ശുദ്ധത,ശുദ്ധത
ശുദ്ധൻ,ശുദ്ധൻ
ശുദ്ധന്,ശുദ്ധൻ
ശുദ്ധനും,ശുദ്ധൻ
ശുദ്ധാ,ശുദ്ധൻ
ശുദ്ധി,ശുദ്ധി
ശുദ്ധി,ശുദ്ധി
ശുദ്ധികർമങ്ങൾ,ശുദ്ധികർമം
ശുദ്ധിപത്രം,ശുദ്ധിപത്രം
ശുദ്ധീകരണം,ശുദ്ധീകരണം
ശുദ്ധീകരണവും,ശുദ്ധീകരണം
ശുദ്ധീകരിക്കുക,ശുദ്ധീകരിക്കുക
ശുദ്ധീകരിച്ചു,ശുദ്ധീകരിക്കുക
ശുദ്ധീകരിക്കുന്നു,ശുദ്ധീകരിക്കുക
ശുദ്ധീകരിക്കുന്ന,ശുദ്ധീകരിക്കുക
ശുനി,ശുനി
ശുഭ,ശുഭ
ശുഭ,ശുഭ
ശുഭം,ശുഭം
ശുഭവും,ശുഭം
ശുഭഗ്രഹം,ശുഭഗ്രഹം
ശുഭദിനം,ശുഭദിനം
ശുഭൻ,ശുഭൻ
ശുഭന്,ശുഭൻ
ശുഭാ,ശുഭൻ
ശുഭാംഗി,ശുഭാംഗി
ശുഭാപ്തിവിശ്വാസം,ശുഭാപ്തിവിശ്വാസം
ശുഭാപ്തിവിശ്വാസവും,ശുഭാപ്തിവിശ്വാസം
ശുഭാശുഭം,ശുഭാശുഭം
ശുഭ്ര,ശുഭ്ര
ശുഭ്രവും,ശുഭ്രം
ശുഭ്രവും,ശുഭ്രം
ശുശ്രൂഷ,ശുശ്രൂഷ
ശുശ്രൂഷകൻ,ശുശ്രൂഷകൻ
ശുശ്രൂഷിച്ചു,ശുശ്രൂഷിക്കുക
ശുശ്രൂഷിക്കുന്നു,ശുശ്രൂഷിക്കുക
ശുശ്രൂഷിക്കുന്ന,ശുശ്രൂഷിക്കുക
ശുഷ്ക,ശുഷ്ക
ശുഷ്ക,ശുഷ്ക
ശുഷ്കവും,ശുഷ്കം
ശുഷ്കാന്തി,ശുഷ്കാന്തി
ശൂദ്ര,ശൂദ്ര
ശൂദ്രകൻ,ശൂദ്രകൻ
ശൂദ്രകന്റെ,ശൂദ്രകൻ
ശൂദ്രകനും,ശൂദ്രകൻ
ശൂദ്രൻ,ശൂദ്രൻ
ശൂദ്രനെ,ശൂദ്രൻ
ശൂദ്രന്,ശൂദ്രൻ
ശൂദ്രന്റെ,ശൂദ്രൻ
ശൂദ്രന്മാർ,ശൂദ്രൻ
ശൂന്യ,ശൂന്യ
ശൂന്യ,ശൂന്യ
ശൂന്യം,ശൂന്യം
ശൂന്യവും,ശൂന്യം
ശൂരത,ശൂരത
ശൂരൻ,ശൂരൻ
ശൂരന്റെ,ശൂരൻ
ശൂരനും,ശൂരൻ
ശൂരസേനൻ,ശൂരസേനൻ
ശൂരസേനന്,ശൂരസേനൻ
ശൂരസേനന്റെ,ശൂരസേനൻ
ശൂർപ്പണഖ,ശൂർപ്പണഖ
ശൂല,ശൂല
ശൂല,ശൂല
ശൂലം,ശൂലം
ശൂലവും,ശൂലം
ശൂലിനി,ശൂലിനി
ശൃംഖലാ,ശൃംഖലാ
ശൃംഗം,ശൃംഗം
ശൃംഗരിക്കുന്നു,ശൃംഗരിക്കുക
ശൃംഗാരം,ശൃംഗാരം
ശൃംഗാരവും,ശൃംഗാരം
ശൃംഗേരി,ശൃംഗേരി
ശൃണു,ശൃണു
ശേഖര,ശേഖര
ശേഖരം,ശേഖരം
ശേഖരങ്ങൾ,ശേഖരം
ശേഖരവും,ശേഖരം
ശേഖരാ,ശേഖരാ
ശേഖരിക്കുക,ശേഖരിക്കുക
ശേഖരിച്ചു,ശേഖരിക്കുക
ശേഖരിക്കുന്നു,ശേഖരിക്കുക
ശേഖരിക്കുന്ന,ശേഖരിക്കുക
ശേഖർ,ശേഖർ
ശേരി,ശേരി
ശേഷ,ശേഷ
ശേഷ,ശേഷ
ശേഷം,ശേഷം
ശേഷവും,ശേഷം
ശേഷക്രിയ,ശേഷക്രിയ
ശേഷൻ,ശേഷൻ
ശേഷനെ,ശേഷൻ
ശേഷന്,ശേഷൻ
ശേഷന്റെ,ശേഷൻ
ശേഷാ,ശേഷൻ
ശേഷി,ശേഷി
ശേഷി,ശേഷി
ശേഷിച്ചു,ശേഷിക്കുക
ശേഷിക്കുന്നു,ശേഷിക്കുക
ശേഷിക്കുന്ന,ശേഷിക്കുക
ശോഭ,ശോഭ
ശോഭ,ശോഭ
ശോഭനാ,ശോഭനൻ
ശോഭനാ,ശോഭനാ
ശോഭാ,ശോഭാ
ശൈത്താനെ,ശൈത്താൻ
ശൈത്താന്,ശൈത്താൻ
ശൈത്യം,ശൈത്യം
ശൈത്യവും,ശൈത്യം
ശൈഥില്യം,ശൈഥില്യം
ശൈഥില്യവും,ശൈഥില്യം
ശൈബ്യ,ശൈബ്യ
ശൈല,ശൈല
ശൈല,ശൈല
ശൈലം,ശൈലം
ശൈലി,ശൈലി
ശൈലീ,ശൈലി
ശൈലേന്ദ്രൻ,ശൈലേന്ദ്രൻ
ശൈലേന്ദ്രന്,ശൈലേന്ദ്രൻ
ശൈലേന്ദ്രന്മാർ,ശൈലേന്ദ്രൻ
ശൈലേന്ദ്രാ,ശൈലേന്ദ്രൻ
ശൈല്യവും,ശൈല്യം
ശൈവ,ശൈവ
ശൈവം,ശൈവം
ശൈശവ,ശൈശവ
ശൈശവം,ശൈശവം
ശൈശവവും,ശൈശവം
ശ്മശാനം,ശ്മശാനം
ശ്മശാനങ്ങൾ,ശ്മശാനം
ശ്മശാനവും,ശ്മശാനം
ശ്യാമ,ശ്യാമ
ശ്യാമ,ശ്യാമ
ശ്യാമം,ശ്യാമം
ശ്യാമൻ,ശ്യാമൻ
ശ്യാമാ,ശ്യാമൻ
ശ്യാമള,ശ്യാമള
ശ്യാമളൻ,ശ്യാമളൻ
ശ്യാമളന്,ശ്യാമളൻ
ശ്യാമളന്റെ,ശ്യാമളൻ
ശ്യാമളാ,ശ്യാമളൻ
ശ്ര,ശ്ര
ശ്രദ്ധ,ശ്രദ്ധ
ശ്രദ്ധ,ശ്രദ്ധ
ശ്രദ്ധാ,ശ്രദ്ധാ
ശ്രദ്ധിക്കുക,ശ്രദ്ധിക്കുക
ശ്രദ്ധിച്ചു,ശ്രദ്ധിക്കുക
ശ്രദ്ധിക്കുന്നു,ശ്രദ്ധിക്കുക
ശ്രദ്ധിക്കുന്ന,ശ്രദ്ധിക്കുക
ശ്രദ്ധേയ,ശ്രദ്ധേയ
ശ്രമ,ശ്രമ
ശ്രമം,ശ്രമം
ശ്രമങ്ങൾ,ശ്രമം
ശ്രമവും,ശ്രമം
ശ്രമണ,ശ്രമണ
ശ്രമണ,ശ്രമണ
ശ്രമണൻ,ശ്രമണൻ
ശ്രമിക്കുക,ശ്രമിക്കുക
ശ്രമിച്ചു,ശ്രമിക്കുക
ശ്രമിക്കുന്നു,ശ്രമിക്കുക
ശ്രമിക്കുന്ന,ശ്രമിക്കുക
ശ്രയണ,ശ്രയണ
ശ്രയസ്,ശ്രയസ്
ശ്രവം,ശ്രവം
ശ്രവവും,ശ്രവം
ശ്രവണ,ശ്രവണ
ശ്രവണം,ശ്രവണം
ശ്രവണവും,ശ്രവണം
ശ്രവസ്,ശ്രവസ്
ശ്രവിക്കുക,ശ്രവിക്കുക
ശ്രവിച്ചു,ശ്രവിക്കുക
ശ്രവിക്കുന്നു,ശ്രവിക്കുക
ശ്രവിക്കുക,ശ്രവിക്കുക
ശ്രവിച്ചു,ശ്രവിക്കുക
ശ്രവിക്കുന്നു,ശ്രവിക്കുക
ശ്രാദ്ധ,ശ്രാദ്ധ
ശ്രാദ്ധ,ശ്രാദ്ധ
ശ്രാദ്ധം,ശ്രാദ്ധം
ശ്രാദ്ധവും,ശ്രാദ്ധം
ശ്രാമം,ശ്രാമം
ശ്രായം,ശ്രായം
ശ്രാവണ,ശ്രാവണ
ശ്രാവണം,ശ്രാവണം
ശ്രി,ശ്രി
ശ്രീ,ശ്രി
ശ്രിത,ശ്രിത
ശ്രിത,ശ്രിത
ശ്രീ,ശ്രീ
ശ്രീ,ശ്രീ
ശ്രീകണ്ഠൻ,ശ്രീകണ്ഠൻ
ശ്രീകണ്ഠനെ,ശ്രീകണ്ഠൻ
ശ്രീകണ്ഠന്,ശ്രീകണ്ഠൻ
ശ്രീകണ്ഠന്റെ,ശ്രീകണ്ഠൻ
ശ്രീകണ്ഠനും,ശ്രീകണ്ഠൻ
ശ്രീകാന്തൻ,ശ്രീകാന്തൻ
ശ്രീകാന്തന്,ശ്രീകാന്തൻ
ശ്രീകാന്തന്റെ,ശ്രീകാന്തൻ
ശ്രീകാര്യം,ശ്രീകാര്യം
ശ്രീകാര്യവും,ശ്രീകാര്യം
ശ്രീകാര്യത്ത്,ശ്രീകാര്യം
ശ്രീകൃഷ്ണൻ,ശ്രീകൃഷ്ണൻ
ശ്രീകൃഷ്ണനെ,ശ്രീകൃഷ്ണൻ
ശ്രീകൃഷ്ണനോട്,ശ്രീകൃഷ്ണൻ
ശ്രീകൃഷ്ണന്,ശ്രീകൃഷ്ണൻ
ശ്രീകൃഷ്ണന്റെ,ശ്രീകൃഷ്ണൻ
ശ്രീകൃഷ്ണനിൽ,ശ്രീകൃഷ്ണൻ
ശ്രീകൃഷ്ണനും,ശ്രീകൃഷ്ണൻ
ശ്രീകൃഷ്ണാ,ശ്രീകൃഷ്ണൻ
ശ്രീകൃഷ്ണവിലാസം,ശ്രീകൃഷ്ണവിലാസം
ശ്രീചക്രം,ശ്രീചക്രം
ശ്രീചക്രവും,ശ്രീചക്രം
ശ്രീജൻ,ശ്രീജൻ
ശ്രീജനെ,ശ്രീജൻ
ശ്രീജന്,ശ്രീജൻ
ശ്രീജന്റെ,ശ്രീജൻ
ശ്രീജനും,ശ്രീജൻ
ശ്രീജാ,ശ്രീജൻ
ശ്രീത്വം,ശ്രീത്വം
ശ്രീദേവി,ശ്രീദേവി
ശ്രീദേവീ,ശ്രീദേവി
ശ്രീദേവി,ശ്രീദേവി
ശ്രീദേവീ,ശ്രീദേവി
ശ്രീധരൻ,ശ്രീധരൻ
ശ്രീധരനെ,ശ്രീധരൻ
ശ്രീധരന്,ശ്രീധരൻ
ശ്രീധരന്റെ,ശ്രീധരൻ
ശ്രീധരനും,ശ്രീധരൻ
ശ്രീനാരായണൻ,ശ്രീനാരായണൻ
ശ്രീനാരായണന്റെ,ശ്രീനാരായണൻ
ശ്രീനാരായണനും,ശ്രീനാരായണൻ
ശ്രീനാരായണാ,ശ്രീനാരായണൻ
ശ്രീനിവാസവും,ശ്രീനിവാസം
ശ്രീനിവാസൻ,ശ്രീനിവാസൻ
ശ്രീനിവാസനെ,ശ്രീനിവാസൻ
ശ്രീനിവാസനോട്,ശ്രീനിവാസൻ
ശ്രീനിവാസന്,ശ്രീനിവാസൻ
ശ്രീനിവാസന്റെ,ശ്രീനിവാസൻ
ശ്രീനിവാസനും,ശ്രീനിവാസൻ
ശ്രീനിവാസാ,ശ്രീനിവാസൻ
ശ്രീപതി,ശ്രീപതി
ശ്രീപദ്മനാഭൻ,ശ്രീപദ്മനാഭൻ
ശ്രീപദ്മനാഭന്,ശ്രീപദ്മനാഭൻ
ശ്രീപദ്മനാഭന്റെ,ശ്രീപദ്മനാഭൻ
ശ്രീപദ്മനാഭനും,ശ്രീപദ്മനാഭൻ
ശ്രീപാദം,ശ്രീപാദം
ശ്രീപുരം,ശ്രീപുരം
ശ്രീബലി,ശ്രീബലി
ശ്രീബലി,ശ്രീബലി
ശ്രീഭഗവതി,ശ്രീഭഗവതി
ശ്രീഭഗവതീ,ശ്രീഭഗവതി
ശ്രീഭണ്ഡാരം,ശ്രീഭണ്ഡാരം
ശ്രീഭൂതബലി,ശ്രീഭൂതബലി
ശ്രീമതി,ശ്രീമതി
ശ്രീമത്,ശ്രീമത്
ശ്രീമത്തായ,ശ്രീമത്ത്
ശ്രീമാൻ,ശ്രീമാൻ
ശ്രീമാന്,ശ്രീമാൻ
ശ്രീമാന്മാർ,ശ്രീമാൻ
ശ്രീമാൻ,ശ്രീമാൻ
ശ്രീമാന്,ശ്രീമാൻ
ശ്രീമാന്മാർ,ശ്രീമാൻ
ശ്രീമുദ്ര,ശ്രീമുദ്ര
ശ്രീരംഗൻ,ശ്രീരംഗൻ
ശ്രീരാമൻ,ശ്രീരാമൻ
ശ്രീരാമനെ,ശ്രീരാമൻ
ശ്രീരാമനോട്,ശ്രീരാമൻ
ശ്രീരാമന്,ശ്രീരാമൻ
ശ്രീരാമനാൽ,ശ്രീരാമൻ
ശ്രീരാമന്റെ,ശ്രീരാമൻ
ശ്രീരാമനും,ശ്രീരാമൻ
ശ്രീല,ശ്രീല
ശ്രീല,ശ്രീല
ശ്രീവത്സം,ശ്രീവത്സം
ശ്രീവത്സൻ,ശ്രീവത്സൻ
ശ്രീവത്സനെ,ശ്രീവത്സൻ
ശ്രീവത്സന്,ശ്രീവത്സൻ
ശ്രീവത്സന്റെ,ശ്രീവത്സൻ
ശ്രീവത്സനും,ശ്രീവത്സൻ
ശ്രീശൻ,ശ്രീശൻ
ശ്രീശനെ,ശ്രീശൻ
ശ്രീശന്,ശ്രീശൻ
ശ്രീശന്റെ,ശ്രീശൻ
ശ്രീശനും,ശ്രീശൻ
ശ്രുതം,ശ്രുതം
ശ്രുതി,ശ്രുതി
ശ്രുതി,ശ്രുതി
ശ്രൗത,ശ്രൗത
ശ്ലാഘനീയ,ശ്ലാഘനീയ
ശ്ലാഘിക്കുക,ശ്ലാഘിക്കുക
ശ്ലാഘിച്ചു,ശ്ലാഘിക്കുക
ശ്ലേഷം,ശ്ലേഷം
ശ്ലേഷ്മം,ശ്ലേഷ്മം
ശ്ലേഷ്മവും,ശ്ലേഷ്മം
ശ്ലോക,ശ്ലോക
ശ്വന്,ശ്വൻ
ശ്വന്,ശ്വൻ
ശ്വസന,ശ്വസന
ശ്വസനം,ശ്വസനം
ശ്വസനവും,ശ്വസനം
ശ്വസിക്കുക,ശ്വസിക്കുക
ശ്വസിച്ചു,ശ്വസിക്കുക
ശ്വസിക്കുന്നു,ശ്വസിക്കുക
ശ്വസിക്കുന്ന,ശ്വസിക്കുക
ശ്വസിതം,ശ്വസിതം
ശ്വാനന്,ശ്വാനൻ
ശ്വാനന്റെ,ശ്വാനൻ
ശ്വാവ്,ശ്വാവ്
ശ്വാസ,ശ്വാസ
ശ്വാസം,ശ്വാസം
ശ്വാസവും,ശ്വാസം
ശ്വേത,ശ്വേത
ശ്വേതകേതു,ശ്വേതകേതു
ശ്വേതൻ,ശ്വേതൻ
ശ്വേതാ,ശ്വേതൻ
ശൗചം,ശൗചം
ശൗചവും,ശൗചം
ശൗണ്ഡികാ,ശൗണ്ഡികൻ
ശൗനികൻ,ശൗനികൻ
ശൗനികന്,ശൗനികൻ
ശൗനികന്റെ,ശൗനികൻ
ശൗരി,ശൗരി
ശൗര്യം,ശൗര്യം
ശൗര്യവും,ശൗര്യം
ഷട്ട്,ഷട്
ഷഡംഗം,ഷഡംഗം
ഷഡാധാരങ്ങളും,ഷഡാധാരങ്ങൾ
ഷഡാനനന്,ഷഡാനനൻ
ഷഡ്ജ,ഷഡ്ജ
ഷഡ്ജം,ഷഡ്ജം
ഷഡ്ഭുജം,ഷഡ്ഭുജം
ഷണ്മുഖൻ,ഷണ്മുഖൻ
ഷണ്മുഖനെ,ഷണ്മുഖൻ
ഷണ്മുഖന്,ഷണ്മുഖൻ
ഷണ്മുഖന്റെ,ഷണ്മുഖൻ
ഷണ്മുഖനും,ഷണ്മുഖൻ
ഷഷ്ടിപൂർത്തി,ഷഷ്ടിപൂർത്തി
ഷഷ്ഠി,ഷഷ്ഠി
ഷഷ്ഠീ,ഷഷ്ഠി
ഷഷ്ഠീ,ഷഷ്ഠീ
ഷാഡവം,ഷാഡവം
ഷിക്കാർ,ഷിക്കാർ
ഷീ,ഷീ
ഷ്,ഷ്
ഷോട്ട്,ഷ്
ഷിന്,ഷ്
ഷിൻ,ഷ്
ഷാൽ,ഷ്
ഷിന്റെ,ഷ്
ഷിൽ,ഷ്
ഷും,ഷ്
ഷാം,ഷ്
ഷേക്ക്,ഷ്
സം,സം
സത്ത്,സം
സംശയം,സംശയം
സംശയങ്ങൾ,സംശയം
സംശയവും,സംശയം
സംശയാലു,സംശയാലു
സംശയിക്കുക,സംശയിക്കുക
സംശയിച്ചു,സംശയിക്കുക
സംശയിക്കുന്നു,സംശയിക്കുക
സംശയിക്കുന്ന,സംശയിക്കുക
സംശുദ്ധ,സംശുദ്ധ
സംശുദ്ധി,സംശുദ്ധി
സംസർഗം,സംസർഗം
സംസാരം,സംസാരം
സംസാരങ്ങൾ,സംസാരം
സംസാരവും,സംസാരം
സംസാരീ,സംസാരി
സംസാരിക്കുക,സംസാരിക്കുക
സംസാരിച്ചു,സംസാരിക്കുക
സംസാരിക്കുന്നു,സംസാരിക്കുക
സംസാരിക്കുന്ന,സംസാരിക്കുക
സംസ്കരിക്കുക,സംസ്കരിക്കുക
സംസ്കരിച്ചു,സംസ്കരിക്കുക
സംസ്കരിക്കുന്നു,സംസ്കരിക്കുക
സംസ്കരിക്കുന്ന,സംസ്കരിക്കുക
സംസ്കാരം,സംസ്കാരം
സംസ്കാരങ്ങൾ,സംസ്കാരം
സംസ്കാരവും,സംസ്കാരം
സംസ്കൃത,സംസ്കൃത
സംസ്കൃതം,സംസ്കൃതം
സംസ്കൃതവും,സംസ്കൃതം
സംസ്കൃതി,സംസ്കൃതി
സംസ്ക്രിയ,സംസ്ക്രിയ
സംസ്ഥാ,സംസ്ഥൻ
സംസ്ഥാനം,സംസ്ഥാനം
സംസ്ഥാനങ്ങൾ,സംസ്ഥാനം
സംസ്ഥാനവും,സംസ്ഥാനം
സംസ്ഥാനത്ത്,സംസ്ഥാനം
സംസ്മൃതി,സംസ്മൃതി
സംഹരിക്കുക,സംഹരിക്കുക
സംഹരിച്ചു,സംഹരിക്കുക
സംഹരിക്കുന്ന,സംഹരിക്കുക
സംഹാരം,സംഹാരം
സംഹാരവും,സംഹാരം
സംഹാരി,സംഹാരി
സംഹിത,സംഹിത
സകലം,സകലം
സകലവും,സകലം
സകലവും,സകലവും
സകൃത്,സകൃത്
സക്തി,സക്തി
സഖ,സഖ
സഖി,സഖി
സഖീ,സഖി
സഖീ,സഖീ
സങ്,സങ്
സങ്കട,സങ്കട
സങ്കൽപ,സങ്കൽപ
സങ്കീർണ,സങ്കീർണ
സങ്കേത,സങ്കേത
സജ്ജന,സജ്ജന
സഞ്ചി,സഞ്ചി
സഞ്ചി,സഞ്ചി
സഞ്ചികാ,സഞ്ചികാ
സഞ്ചിത,സഞ്ചിത
സഞ്ജന,സഞ്ജന
സഞ്ജിൽ,സഞ്ജ്
സതി,സതി
സതീ,സതി
സതീ,സതീ
സത്,സത്
സതാം,സത്
സത്താ,സത്താ
സത്തി,സത്തി
സത്യ,സത്യ
സത്യാ,സത്യാ
സത്ര,സത്ര
സത്വ,സത്വ
സദ,സദ
സദന,സദന
സദസ്,സദസ്
സദസിനെ,സദസ്
സദസിനോട്,സദസ്
സദസിന്,സദസ്
സദസിന്റെ,സദസ്
സദസുകൾ,സദസ്
സദസും,സദസ്
സദസ്യ,സദസ്യ
സദാ,സദാ
സദിര്,സദിര്
സദ്,സദ്
സദാം,സദ്
സദ്യ,സദ്യ
സനത്,സനത്
സന്താന,സന്താന
സന്തുഷ്ട,സന്തുഷ്ട
സന്തുഷ്ടി,സന്തുഷ്ടി
സന്തോഷ,സന്തോഷ
സന്ദേശ,സന്ദേശ
സന്ദേഹ,സന്ദേഹ
സന്ധ,സന്ധ
സന്ധാ,സന്ധാ
സന്ധി,സന്ധി
സന്ധിയിൽ,സന്ധിയിൽ
സന്ധിയില്,സന്ധിയിൽ
സന്ധ്യാ,സന്ധ്യാ
സന്ന,സന്ന
സന്നദ്ധ,സന്നദ്ധ
സന്നി,സന്നി
സന്നിധാന,സന്നിധാന
സൻ,സൻ
സന്,സൻ
സന്റെ,സൻ
സനിൽ,സൻ
സനേ,സൻ
സാ,സൻ
സപത്നി,സപത്നി
സപ്തതി,സപ്തതി
സഭാ,സഭാ
സമ,സമ
സമ,സമ
സമം,സമം
സമത്ത്,സമം
സമം,സമം
സമത്ത്,സമം
സമകാലിക,സമകാലിക
സമക്ഷം,സമക്ഷം
സമഗ്ര,സമഗ്ര
സമഗ്ര,സമഗ്ര
സമചതുരം,സമചതുരം
സമചതുരങ്ങൾ,സമചതുരം
സമചതുരവും,സമചതുരം
സമതലം,സമതലം
സമതലങ്ങൾ,സമതലം
സമതലവും,സമതലം
സമതാ,സമതാ
സമത്വ,സമത്വ
സമദർശി,സമദർശി
സമനില,സമനില
സമന്ത,സമന്ത
സമന്തപഞ്ചകം,സമന്തപഞ്ചകം
സമന്തഭദ്രന്റെ,സമന്തഭദ്രൻ
സമന്വയം,സമന്വയം
സമന്വയവും,സമന്വയം
സമന്വയിച്ചു,സമന്വയിക്കുക
സമന്വയിക്കുന്നു,സമന്വയിക്കുക
സമന്വയിക്കുന്ന,സമന്വയിക്കുക
സമന്വിത,സമന്വിത
സമൻ,സമൻ
സമന്,സമൻ
സമനും,സമൻ
സമാ,സമൻ
സമബുദ്ധി,സമബുദ്ധി
സമഭാവം,സമഭാവം
സമയ,സമയ
സമയം,സമയം
സമയങ്ങൾ,സമയം
സമയവും,സമയം
സമയത്തു്,സമയം
സമയത്ത്,സമയം
സമയോചിത,സമയോചിത
സമര,സമര
സമരം,സമരം
സമരങ്ങൾ,സമരം
സമരവും,സമരം
സമരത്ത്,സമരം
സമരഭൂമി,സമരഭൂമി
സമരസത,സമരസത
സമർഥിച്ചു,സമർഥിക്കുക
സമർഥിക്കുന്നു,സമർഥിക്കുക
സമർഥിക്കുന്ന,സമർഥിക്കുക
സമർപ്പണം,സമർപ്പണം
സമർപ്പണങ്ങൾ,സമർപ്പണം
സമർപ്പണവും,സമർപ്പണം
സമർപ്പിക്കുക,സമർപ്പിക്കുക
സമർപ്പിച്ചു,സമർപ്പിക്കുക
സമർപ്പിക്കുന്നു,സമർപ്പിക്കുക
സമർപ്പിക്കുന്ന,സമർപ്പിക്കുക
സമവായം,സമവായം
സമവായവും,സമവായം
സമവൃത്തം,സമവൃത്തം
സമഷ്ടി,സമഷ്ടി
സമസ്ത,സമസ്ത
സമസ്ത,സമസ്ത
സമസ്ഥ,സമസ്ഥ
സമസ്യ,സമസ്യ
സമാ,സമാ
സമാ,സമാ
സമാഖ്യ,സമാഖ്യ
സമാഗത,സമാഗത
സമാഗമം,സമാഗമം
സമാഗമങ്ങൾ,സമാഗമം
സമാജ,സമാജ
സമാജം,സമാജം
സമാജവും,സമാജം
സമാദരവും,സമാദരം
സമാദാനവും,സമാദാനം
സമാധാന,സമാധാന
സമാധാനം,സമാധാനം
സമാധാനങ്ങൾ,സമാധാനം
സമാധാനവും,സമാധാനം
സമാധി,സമാധി
സമാന,സമാന
സമാന,സമാന
സമാനൻ,സമാനൻ
സമാനന്,സമാനൻ
സമാനാ,സമാനൻ
സമാന്തര,സമാന്തര
സമാപനം,സമാപനം
സമാപനവും,സമാപനം
സമാപിക്കുക,സമാപിക്കുക
സമാപിച്ചു,സമാപിക്കുക
സമാപിക്കുന്നു,സമാപിക്കുക
സമാപിക്കുന്ന,സമാപിക്കുക
സമാപ്ത,സമാപ്ത
സമാപ്തി,സമാപ്തി
സമായം,സമായം
സമാരംഭം,സമാരംഭം
സമാവർത്തനം,സമാവർത്തനം
സമാശ്രയം,സമാശ്രയം
സമാശ്രയിക്കുന്നു,സമാശ്രയിക്കുക
സമാശ്വാസം,സമാശ്വാസം
സമാസം,സമാസം
സമാസങ്ങൾ,സമാസം
സമാഹരണം,സമാഹരണം
സമാഹരണവും,സമാഹരണം
സമാഹരിക്കുക,സമാഹരിക്കുക
സമാഹരിച്ചു,സമാഹരിക്കുക
സമാഹരിക്കുന്നു,സമാഹരിക്കുക
സമാഹരിക്കുന്ന,സമാഹരിക്കുക
സമാഹർത്താവ്,സമാഹർത്താവ്
സമാഹാര,സമാഹാര
സമാഹാരം,സമാഹാരം
സമാഹാരങ്ങൾ,സമാഹാരം
സമാഹാരവും,സമാഹാരം
സമാഹ്വാനം,സമാഹ്വാനം
സമിത,സമിത
സമിതി,സമിതി
സമിതി,സമിതി
സമിത്ത്,സമിത്ത്
സമീകരണം,സമീകരണം
സമീകൃത,സമീകൃത
സമീക്ഷ,സമീക്ഷ
സമീന,സമീന
സമീപ,സമീപ
സമീപനം,സമീപനം
സമീപനങ്ങൾ,സമീപനം
സമീപനവും,സമീപനം
സമീപിക്കുക,സമീപിക്കുക
സമീപിച്ചു,സമീപിക്കുക
സമീപിക്കുന്നു,സമീപിക്കുക
സമീപിക്കുന്ന,സമീപിക്കുക
സമീരണൻ,സമീരണൻ
സമീരണന്,സമീരണൻ
സമീഹ,സമീഹ
സമുചിത,സമുചിത
സമുച്ചയ,സമുച്ചയ
സമുച്ചയം,സമുച്ചയം
സമുച്ചയങ്ങൾ,സമുച്ചയം
സമുച്ചയവും,സമുച്ചയം
സമുദ്ര,സമുദ്ര
സമുന്നതി,സമുന്നതി
സമ്പദ്,സമ്പദ്
സമ്പദായ,സമ്പദ്
സമ്പന്ന,സമ്പന്ന
സമ്പുഷ്ട,സമ്പുഷ്ട
സമ്പ്രദായ,സമ്പ്രദായ
സമ്മത,സമ്മത
സമ്മതി,സമ്മതി
സമ്മാന,സമ്മാന
സമ്യക്,സമ്യക്
സരണി,സരണി
സരണി,സരണി
സരൻ,സരൻ
സരന്,സരൻ
സരമ,സരമ
സരള,സരള
സരള,സരള
സരളം,സരളം
സരളവും,സരളം
സരസ,സരസ
സരസവും,സരസം
സരസ്വതി,സരസ്വതി
സരസ്വതീ,സരസ്വതി
സരസ്സ്,സരസ്സ്
സരി,സരി
സരിത,സരിത
സരിത്,സരിത്
സരിത്ത്,സരിത്ത്
സരു,സരു
സരോജം,സരോജം
സരോജിനി,സരോജിനി
സരോവരം,സരോവരം
സർഗ,സർഗ
സർഗം,സർഗം
സർജു,സർജു
സർജ്,സർജ്
സർപ്പം,സർപ്പം
സർപ്പങ്ങൾ,സർപ്പം
സർപ്പവും,സർപ്പം
സർപ്പംതുള്ളൽ,സർപ്പംതുള്ളൽ
സർപ്പക്കാവ്,സർപ്പക്കാവ്
സർപ്പക്കാവിൽ,സർപ്പക്കാവ്
സർപ്പക്കാവുകൾ,സർപ്പക്കാവ്
സർപ്പക്കാവും,സർപ്പക്കാവ്
സർപ്പപ്പാട്ട്,സർപ്പപ്പാട്ട്
സർപ്പബലി,സർപ്പബലി
സർപ്പരാജനെ,സർപ്പരാജൻ
സർപ്പസത്രം,സർപ്പസത്രം
സർപ്പസത്രവും,സർപ്പസത്രം
സർപ്പിണി,സർപ്പിണി
സർവ,സർവ
സർവ,സർവ
സർവകലാശാല,സർവകലാശാല
സർവജ്ഞനും,സർവജ്ഞൻ
സർവത്ര,സർവത്ര
സർവഥാ,സർവഥാ
സർവദമൻ,സർവദമൻ
സർവസ്വവും,സർവസ്വം
സർവാണി,സർവാണി
സർവാത്മനാ,സർവാത്മനാ
സർവാധികാരവും,സർവാധികാരം
സർവാധികാരി,സർവാധികാരി
സർവാധികാര്യക്കാർ,സർവാധികാര്യക്കാർ
സർവാധികാര്യക്കാരുടെ,സർവാധികാര്യക്കാർ
സർവേശ്വരനോട്,സർവേശ്വരൻ
സർവേശ്വരന്മാർ,സർവേശ്വരൻ
സർവോപരി,സർവോപരി
സലില,സലില
സലേ,സലേ
സല്ലാപം,സല്ലാപം
സല്ലാപവും,സല്ലാപം
സവ,സവ
സവൻ,സവൻ
സവാ,സവൻ
സവർണ,സവർണ
സവർണ,സവർണ
സവിതാവ്,സവിതാവ്
സവിതാവിന്റെ,സവിതാവ്
സവിതാവായ,സവിതാവ്
സവിത്രി,സവിത്രി
സവിധം,സവിധം
സവിസ്തരം,സവിസ്തരം
സവ്യസാചി,സവ്യസാചി
സസ്യ,സസ്യ
സസ്യം,സസ്യം
സസ്യങ്ങൾ,സസ്യം
സസ്യവും,സസ്യം
സഹ,സഹ
സഹ,സഹ
സഹകാരി,സഹകാരി
സഹചാരി,സഹചാരി
സഹജ,സഹജ
സഹജൻ,സഹജൻ
സഹജന്റെ,സഹജൻ
സഹജാ,സഹജൻ
സഹദേവൻ,സഹദേവൻ
സഹദേവനെ,സഹദേവൻ
സഹദേവന്,സഹദേവൻ
സഹദേവനാൽ,സഹദേവൻ
സഹദേവന്റെ,സഹദേവൻ
സഹദേവനും,സഹദേവൻ
സഹധർമിണി,സഹധർമിണി
സഹന,സഹന
സഹന,സഹന
സഹനം,സഹനം
സഹനങ്ങൾ,സഹനം
സഹനവും,സഹനം
സഹപാഠി,സഹപാഠി
സഹവാസം,സഹവാസം
സഹവാസവും,സഹവാസം
സഹസാ,സഹസാ
സഹസ്ര,സഹസ്ര
സഹസ്രം,സഹസ്രം
സഹസ്രങ്ങൾ,സഹസ്രം
സഹസ്രധാര,സഹസ്രധാര
സഹസ്രനാമം,സഹസ്രനാമം
സഹസ്രനാമവും,സഹസ്രനാമം
സഹസ്രബാഹു,സഹസ്രബാഹു
സഹസ്രാക്ഷന്,സഹസ്രാക്ഷൻ
സഹായ,സഹായ
സഹായം,സഹായം
സഹായങ്ങൾ,സഹായം
സഹായവും,സഹായം
സഹായി,സഹായി
സഹായിക്കുക,സഹായിക്കുക
സഹായിച്ചു,സഹായിക്കുക
സഹായിക്കുന്നു,സഹായിക്കുക
സഹായിക്കുന്ന,സഹായിക്കുക
സഹാരി,സഹാരി
സഹിക്കുക,സഹിക്കുക
സഹിച്ചു,സഹിക്കുക
സഹിക്കുന്നു,സഹിക്കുക
സഹിക്കുന്ന,സഹിക്കുക
സഹിത,സഹിത
സഹിത,സഹിത
സഹിഷ്ണുത,സഹിഷ്ണുത
സഹൃദയ,സഹൃദയ
സഹൃദയൻ,സഹൃദയൻ
സഹൃദയന്,സഹൃദയൻ
സഹൃദയന്റെ,സഹൃദയൻ
സഹൃദയനും,സഹൃദയൻ
സഹോദരൻ,സഹോദരൻ
സഹോദരനെ,സഹോദരൻ
സഹോദരന്,സഹോദരൻ
സഹോദരന്റെ,സഹോദരൻ
സഹോദരനും,സഹോദരൻ
സഹോദരി,സഹോദരി
സഹോദരീ,സഹോദരി
സഹിൻ,സഹ്
സഹിന്റെ,സഹ്
സഹിൽ,സഹ്
സഹായ,സഹ്
സഹ്യ,സഹ്യ
സഹ്യ,സഹ്യ
സാ,സാ
സാംഗത്യം,സാംഗത്യം
സാംഗത്യവും,സാംഗത്യം
സാംബൻ,സാംബൻ
സാംബനെ,സാംബൻ
സാംബനും,സാംബൻ
സാംബാ,സാംബൻ
സാംബശിവൻ,സാംബശിവൻ
സാംബശിവന്,സാംബശിവൻ
സാംബശിവന്റെ,സാംബശിവൻ
സാംബശിവനും,സാംബശിവൻ
സാകം,സാകം
സാകൂതം,സാകൂതം
സാകേതം,സാകേതം
സാക്ഷര,സാക്ഷര
സാക്ഷാത്,സാക്ഷാത്
സാക്ഷാത്കരിക്കുക,സാക്ഷാത്കരിക്കുക
സാക്ഷാത്കരിച്ചു,സാക്ഷാത്കരിക്കുക
സാക്ഷാത്കരിക്കുന്നു,സാക്ഷാത്കരിക്കുക
സാക്ഷാത്കരിക്കുന്ന,സാക്ഷാത്കരിക്കുക
സാക്ഷാത്കാരം,സാക്ഷാത്കാരം
സാക്ഷാത്കാരവും,സാക്ഷാത്കാരം
സാക്ഷി,സാക്ഷി
സാക്ഷീ,സാക്ഷി
സാക്ഷിക,സാക്ഷിക
സാക്ഷിണീ,സാക്ഷിണീ
സാക്ഷ്യം,സാക്ഷ്യം
സാക്ഷ്യങ്ങൾ,സാക്ഷ്യം
സാക്ഷ്യവും,സാക്ഷ്യം
സാഗര,സാഗര
സാഗരം,സാഗരം
സാഗരങ്ങൾ,സാഗരം
സാഗരവും,സാഗരം
സാങ്കേതിക,സാങ്കേതിക
സാചി,സാചി
സാതത്യം,സാതത്യം
സാത്വിക,സാത്വിക
സാത്വികന്,സാത്വികൻ
സാത്വികന്റെ,സാത്വികൻ
സാദ,സാദ
സാദം,സാദം
സാദവും,സാദം
സാദത്ത്,സാദം
സാദരം,സാദരം
സാദി,സാദി
സാദിന്,സാദിൻ
സാദൃശ്യം,സാദൃശ്യം
സാദൃശ്യങ്ങൾ,സാദൃശ്യം
സാദൃശ്യവും,സാദൃശ്യം
സാധക,സാധക
സാധക,സാധക
സാധകം,സാധകം
സാധന,സാധന
സാധന,സാധന
സാധനം,സാധനം
സാധനങ്ങൾ,സാധനം
സാധനവും,സാധനം
സാധാരണ,സാധാരണ
സാധാരണ,സാധാരണ
സാധിക്കുക,സാധിക്കുക
സാധിച്ചു,സാധിക്കുക
സാധിക്കുന്നു,സാധിക്കുക
സാധിക്കുന്ന,സാധിക്കുക
സാധു,സാധു
സാധൂ,സാധു
സാധു,സാധു
സാധൂ,സാധു
സാധുത്വം,സാധുത്വം
സാധൂകരിക്കുക,സാധൂകരിക്കുക
സാധൂകരിച്ചു,സാധൂകരിക്കുക
സാധൂകരിക്കുന്നു,സാധൂകരിക്കുക
സാധൂകരിക്കുന്ന,സാധൂകരിക്കുക
സാധ്യ,സാധ്യ
സാധ്യം,സാധ്യം
സാധ്യവും,സാധ്യം
സാധ്വി,സാധ്വി
സാന,സാന
സാനന്ദം,സാനന്ദം
സാനു,സാനു
സാനു,സാനു
സാന്തീ,സാന്തി
സാന്ത്വനം,സാന്ത്വനം
സാന്ത്വനവും,സാന്ത്വനം
സാന്ദീപനി,സാന്ദീപനി
സാന്ദ്ര,സാന്ദ്ര
സാന്ദ്രം,സാന്ദ്രം
സാന്ദ്രവും,സാന്ദ്രം
സാന്നിധ്യം,സാന്നിധ്യം
സാന്നിധ്യവും,സാന്നിധ്യം
സാപ്പാട്,സാപ്പാട്
സാഫല്യം,സാഫല്യം
സാഫല്യവും,സാഫല്യം
സാമം,സാമം
സാമവും,സാമം
സാമഗ്രി,സാമഗ്രി
സാമജ,സാമജ
സാമന്ത,സാമന്ത
സാമന്തൻ,സാമന്തൻ
സാമന്തന്മാർ,സാമന്തൻ
സാമന്തനും,സാമന്തൻ
സാമന്താ,സാമന്തൻ
സാമാ,സാമൻ
സാമർഥ്യം,സാമർഥ്യം
സാമർഥ്യവും,സാമർഥ്യം
സാമവേദം,സാമവേദം
സാമവേദി,സാമവേദി
സാമാജികന്,സാമാജികൻ
സാമാജികനും,സാമാജികൻ
സാമാനങ്ങൾ,സാമാനം
സാമാന്യ,സാമാന്യ
സാമാന്യ,സാമാന്യ
സാമാന്യം,സാമാന്യം
സാമാന്യവും,സാമാന്യം
സാമാന്യേന,സാമാന്യേന
സാമി,സാമി
സാമീപ്യം,സാമീപ്യം
സാമീപ്യവും,സാമീപ്യം
സാമുദ്രിക,സാമുദ്രിക
സാമുദ്രികാ,സാമുദ്രികൻ
സാമോദം,സാമോദം
സാമ്പ്രാണി,സാമ്പ്രാണി
സാമ്യ,സാമ്യ
സാമ്യം,സാമ്യം
സാമ്യങ്ങൾ,സാമ്യം
സാമ്യവും,സാമ്യം
സാമ്രാജ്യം,സാമ്രാജ്യം
സാമ്രാജ്യങ്ങൾ,സാമ്രാജ്യം
സാമ്രാജ്യവും,സാമ്രാജ്യം
സായം,സായം
സായം,സായം
സായന്തന,സായന്തന
സായൂജ്യം,സായൂജ്യം
സായൂജ്യവും,സായൂജ്യം
സാര,സാര
സാര,സാര
സാരം,സാരം
സാരവും,സാരം
സാരംഗ,സാരംഗ
സാരംഗ,സാരംഗ
സാരംഗം,സാരംഗം
സാരംഗി,സാരംഗി
സാരണി,സാരണി
സാരഥി,സാരഥി
സാരഥീ,സാരഥി
സാരഥി,സാരഥി
സാരഥീ,സാരഥി
സാരഥ്യം,സാരഥ്യം
സാരഥ്യവും,സാരഥ്യം
സാരള്യം,സാരള്യം
സാരള്യവും,സാരള്യം
സാരസം,സാരസം
സാരസ്യം,സാരസ്യം
സാരസ്വത,സാരസ്വത
സാരസ്വത,സാരസ്വത
സാരാ,സാരാ
സാരാംശം,സാരാംശം
സാരാംശങ്ങൾ,സാരാംശം
സാരി,സാരി
സാരൂപ്യം,സാരൂപ്യം
സാര്യ,സാര്യ
സാർവത്രിക,സാർവത്രിക
സാർവലൗകിക,സാർവലൗകിക
സാല,സാല
സാല,സാല
സാലഭഞ്ജിക,സാലഭഞ്ജിക
സാലുവ,സാലുവ
സാല്വ,സാല്വ
സാല്വനെ,സാല്വൻ
സാല്വന്,സാല്വൻ
സാല്വന്റെ,സാല്വൻ
സാല്വാ,സാല്വൻ
സാവകാശം,സാവകാശം
സാവകാശവും,സാവകാശം
സാവധാനം,സാവധാനം
സാവധാനവും,സാവധാനം
സാവിത്രി,സാവിത്രി
സാഷ്ടാംഗം,സാഷ്ടാംഗം
സാഷ്ടാംഗവും,സാഷ്ടാംഗം
സാഹ,സാഹ
സാഹചര്യം,സാഹചര്യം
സാഹചര്യങ്ങൾ,സാഹചര്യം
സാഹചര്യവും,സാഹചര്യം
സാഹചര്യത്ത്,സാഹചര്യം
സാഹസ,സാഹസ
സാഹസ,സാഹസ
സാഹസം,സാഹസം
സാഹസങ്ങൾ,സാഹസം
സാഹസവും,സാഹസം
സാഹസിക,സാഹസിക
സാഹസികൻ,സാഹസികൻ
സാഹസികന്,സാഹസികൻ
സാഹസികനും,സാഹസികൻ
സാഹിതി,സാഹിതി
സാഹിതീ,സാഹിതി
സാഹിത്യം,സാഹിത്യം
സാഹിത്യങ്ങൾ,സാഹിത്യം
സാഹിത്യവും,സാഹിത്യം
സാഹിത്യകാരൻ,സാഹിത്യകാരൻ
സാഹിത്യകാരനെ,സാഹിത്യകാരൻ
സാഹിത്യകാരന്,സാഹിത്യകാരൻ
സാഹിത്യകാരന്റെ,സാഹിത്യകാരൻ
സാഹിത്യകാരനിൽ,സാഹിത്യകാരൻ
സാഹിത്യകാരന്മാർ,സാഹിത്യകാരൻ
സാഹിത്യകാരനും,സാഹിത്യകാരൻ
സാഹിത്യനിരൂപണം,സാഹിത്യനിരൂപണം
സാഹിത്യനിരൂപണവും,സാഹിത്യനിരൂപണം
സാഹിത്യമീമാംസ,സാഹിത്യമീമാംസ
സാഹിത്യവിമർശനം,സാഹിത്യവിമർശനം
സാഹുകാർ,സാഹുകാർ
സി,സി
സീ,സി
സിംഗി,സിംഗി
സിംഹ,സിംഹ
സിംഹം,സിംഹം
സിംഹങ്ങൾ,സിംഹം
സിംഹവും,സിംഹം
സിംഹനാദം,സിംഹനാദം
സിംഹള,സിംഹള
സിംഹളം,സിംഹളം
സിംഹാസനം,സിംഹാസനം
സിംഹാസനങ്ങൾ,സിംഹാസനം
സിംഹാസനവും,സിംഹാസനം
സിക്ക്,സിക്ക്
സിക്കിൽ,സിക്ക്
സിക്കും,സിക്ക്
സിത,സിത
സിത,സിത
സിതം,സിതം
സിതി,സിതി
സിദ്,സിദ്
സിദിന്,സിദ്
സിദ്ധ,സിദ്ധ
സിദ്ധ,സിദ്ധ
സിദ്ധം,സിദ്ധം
സിദ്ധൻ,സിദ്ധൻ
സിദ്ധനെ,സിദ്ധൻ
സിദ്ധന്,സിദ്ധൻ
സിദ്ധന്റെ,സിദ്ധൻ
സിദ്ധനിൽ,സിദ്ധൻ
സിദ്ധന്മാർ,സിദ്ധൻ
സിദ്ധാ,സിദ്ധൻ
സിദ്ധരൂപം,സിദ്ധരൂപം
സിദ്ധരൂപവും,സിദ്ധരൂപം
സിദ്ധർ,സിദ്ധർ
സിദ്ധരുടെ,സിദ്ധർ
സിദ്ധാന്ത,സിദ്ധാന്ത
സിദ്ധാന്തം,സിദ്ധാന്തം
സിദ്ധാന്തങ്ങൾ,സിദ്ധാന്തം
സിദ്ധാന്തവും,സിദ്ധാന്തം
സിദ്ധാന്തകൗമുദി,സിദ്ധാന്തകൗമുദി
സിദ്ധാന്തിച്ചു,സിദ്ധാന്തിക്കുക
സിദ്ധാന്തിക്കുന്നു,സിദ്ധാന്തിക്കുക
സിദ്ധാർഥ,സിദ്ധാർഥ
സിദ്ധാർഥൻ,സിദ്ധാർഥൻ
സിദ്ധാർഥന്റെ,സിദ്ധാർഥൻ
സിദ്ധാശ്രമം,സിദ്ധാശ്രമം
സിദ്ധി,സിദ്ധി
സിദ്ധി,സിദ്ധി
സിദ്ധിച്ചു,സിദ്ധിക്കുക
സിദ്ധിക്കുന്നു,സിദ്ധിക്കുക
സിദ്ധിക്കുന്ന,സിദ്ധിക്കുക
സിദ്ധൗഷധം,സിദ്ധൗഷധം
സിധിന്,സിധ്
സിന,സിന
സിന്ദൂരം,സിന്ദൂരം
സിന്ദൂരവും,സിന്ദൂരം
സിന്ധു,സിന്ധു
സിന്ധൂ,സിന്ധു
സിന്ധു,സിന്ധു
സിന്ധൂ,സിന്ധു
സിന്ധുരം,സിന്ധുരം
സിന്ധ്യ,സിന്ധ്യ
സിപ്പി,സിപ്പി
സിപ്ര,സിപ്ര
സിമ,സിമ
സിര,സിര
സിര,സിര
സിരി,സിരി
സിരീ,സിരി
സിലം,സിലം
സിവിന്,സിവ്
സിവിൽ,സിവ്
സീത,സീത
സീതപ്പഴം,സീതപ്പഴം
സീമ,സീമ
സീമന്തം,സീമന്തം
സീമന്തിനി,സീമന്തിനി
സീമാ,സീമാ
സീരി,സീരി
സീസ,സീസ
സു,സു
സൂ,സു
സു,സു
സൂ,സു
സുകന്യ,സുകന്യ
സുകുമാര,സുകുമാര
സുകുമാരി,സുകുമാരി
സുകൃതി,സുകൃതി
സുഖ,സുഖ
സുഖം,സുഖം
സുഖങ്ങൾ,സുഖം
സുഖവും,സുഖം
സുഖക്കേട്,സുഖക്കേട്
സുഖക്കേടിന്റെ,സുഖക്കേട്
സുഖക്കേടും,സുഖക്കേട്
സുഖദ,സുഖദ
സുഖവാസസ്ഥലത്ത്,സുഖവാസസ്ഥലം
സുഖാസനവും,സുഖാസനം
സുഖി,സുഖി
സുഖീ,സുഖി
സുഖിച്ചു,സുഖിക്കുക
സുഖിക്കുന്നു,സുഖിക്കുക
സുഖിത,സുഖിത
സുഖിയന്,സുഖിയൻ
സുഖിയനും,സുഖിയൻ
സുഖീ,സുഖീ
സുഖേന,സുഖേന
സുഗ,സുഗ
സുഗത,സുഗത
സുഗന്ധ,സുഗന്ധ
സുഗന്ധം,സുഗന്ധം
സുഗന്ധങ്ങൾ,സുഗന്ധം
സുഗന്ധവും,സുഗന്ധം
സുഗന്ധി,സുഗന്ധി
സുഗമ,സുഗമ
സുഗ്രീവനെ,സുഗ്രീവൻ
സുഗ്രീവനോട്,സുഗ്രീവൻ
സുഗ്രീവന്,സുഗ്രീവൻ
സുഗ്രീവന്റെ,സുഗ്രീവൻ
സുഗ്രീവനും,സുഗ്രീവൻ
സുഗ്രീവാജ്ഞ,സുഗ്രീവാജ്ഞ
സുചിരം,സുചിരം
സുജന,സുജന
സുജാത,സുജാത
സുതൻ,സുതൻ
സുതനെ,സുതൻ
സുതാ,സുതൻ
സുതൻ,സുതൻ
സുതനെ,സുതൻ
സുതാ,സുതൻ
സുതപസ്സ്,സുതപസ്സ്
സുതരാം,സുതരാം
സുതലം,സുതലം
സുതാ,സുതാ
സുത്രാമാവ്,സുത്രാമാവ്
സുദതി,സുദതി
സുദർശന,സുദർശന
സുദർശനം,സുദർശനം
സുദർശനൻ,സുദർശനൻ
സുദർശനനെ,സുദർശനൻ
സുദർശനന്റെ,സുദർശനൻ
സുദാമാവ്,സുദാമാവ്
സുദാമാവും,സുദാമാവ്
സുദിനം,സുദിനം
സുദീർഘ,സുദീർഘ
സുദൃഢ,സുദൃഢ
സുധ,സുധ
സുധാംശു,സുധാംശു
സുധാകരൻ,സുധാകരൻ
സുധാകരനെ,സുധാകരൻ
സുധാകരനോട്,സുധാകരൻ
സുധാകരന്,സുധാകരൻ
സുധാകരന്റെ,സുധാകരൻ
സുധാകരനിൽ,സുധാകരൻ
സുധാകരനും,സുധാകരൻ
സുധാകരാ,സുധാകരൻ
സുധി,സുധി
സുധീരം,സുധീരം
സുനന്ദ,സുനന്ദ
സുനയന,സുനയന
സുനാഭം,സുനാഭം
സുനീത,സുനീത
സുനീതി,സുനീതി
സുന്ദനെ,സുന്ദൻ
സുന്ദന്,സുന്ദൻ
സുന്ദന്റെ,സുന്ദൻ
സുന്ദനും,സുന്ദൻ
സുന്ദാ,സുന്ദൻ
സുന്ദര,സുന്ദര
സുന്ദര,സുന്ദര
സുന്ദരം,സുന്ദരം
സുന്ദരവും,സുന്ദരം
സുന്ദരൻ,സുന്ദരൻ
സുന്ദരനെ,സുന്ദരൻ
സുന്ദരന്,സുന്ദരൻ
സുന്ദരന്റെ,സുന്ദരൻ
സുന്ദരനും,സുന്ദരൻ
സുന്ദരാ,സുന്ദരൻ
സുന്ദരി,സുന്ദരി
സുന്ദരീ,സുന്ദരി
സുന്ന,സുന്ന
സുന്നത്ത്,സുന്നം
സുപഥം,സുപഥം
സുപർണ,സുപർണ
സുപ്രഭ,സുപ്രഭ
സുപ്രഭാതം,സുപ്രഭാതം
സുപ്രഭാതവും,സുപ്രഭാതം
സുപ്രിയ,സുപ്രിയ
സുബല,സുബല
സുബലൻ,സുബലൻ
സുബലനെ,സുബലൻ
സുബുദ്ധി,സുബുദ്ധി
സുബ്രഹ്മണ്യൻ,സുബ്രഹ്മണ്യൻ
സുബ്രഹ്മണ്യനെ,സുബ്രഹ്മണ്യൻ
സുബ്രഹ്മണ്യന്,സുബ്രഹ്മണ്യൻ
സുബ്രഹ്മണ്യന്റെ,സുബ്രഹ്മണ്യൻ
സുബ്രഹ്മണ്യനും,സുബ്രഹ്മണ്യൻ
സുഭഗ,സുഭഗ
സുഭദ്ര,സുഭദ്ര
സുഭദ്ര,സുഭദ്ര
സുഭദ്രാ,സുഭദ്രൻ
സുഭദ്രാധനഞ്ജയം,സുഭദ്രാധനഞ്ജയം
സുഭദ്രാധനഞ്ജയവും,സുഭദ്രാധനഞ്ജയം
സുഭാഷിതം,സുഭാഷിതം
സുഭാഷിതങ്ങൾ,സുഭാഷിതം
സുഭിക്ഷം,സുഭിക്ഷം
സുമം,സുമം
സുമംഗല,സുമംഗല
സുമംഗലി,സുമംഗലി
സുമംഗലീ,സുമംഗലി
സുമതി,സുമതി
സുമന,സുമന
സുമനസ്സ്,സുമനസ്സ്
സുമനസ്സിന്റെ,സുമനസ്സ്
സുമനസ്സുകൾ,സുമനസ്സ്
സുമന്ത്രൻ,സുമന്ത്രൻ
സുമന്ത്രനും,സുമന്ത്രൻ
സുമൻ,സുമൻ
സുമനെ,സുമൻ
സുമന്,സുമൻ
സുമന്റെ,സുമൻ
സുമാ,സുമൻ
സുമുഖം,സുമുഖം
സുമുഖന്,സുമുഖൻ
സുമുഖനും,സുമുഖൻ
സുമുഖി,സുമുഖി
സുമുഖീ,സുമുഖി
സുമേധസ്സ്,സുമേധസ്സ്
സുമേരു,സുമേരു
സുര,സുര
സുര,സുര
സുരംഗ,സുരംഗ
സുരംഗ,സുരംഗ
സുരംഗം,സുരംഗം
സുരക്ത,സുരക്ത
സുരക്ഷാ,സുരക്ഷാ
സുരക്ഷിത,സുരക്ഷിത
സുരന്,സുരൻ
സുരന്റെ,സുരൻ
സുരഭി,സുരഭി
സുരഭില,സുരഭില
സുരസ,സുരസ
സുരസ,സുരസ
സുരാസു,സുരാസു
സുരി,സുരി
സുരുചി,സുരുചി
സുരേന്ദ്രൻ,സുരേന്ദ്രൻ
സുരേന്ദ്രനെ,സുരേന്ദ്രൻ
സുരേന്ദ്രനോട്,സുരേന്ദ്രൻ
സുരേന്ദ്രന്,സുരേന്ദ്രൻ
സുരേന്ദ്രന്റെ,സുരേന്ദ്രൻ
സുരേന്ദ്രനും,സുരേന്ദ്രൻ
സുരേന്ദ്രനേ,സുരേന്ദ്രൻ
സുരേശൻ,സുരേശൻ
സുരേശന്,സുരേശൻ
സുരേശനും,സുരേശൻ
സുര്യ,സുര്യ
സുറി,സുറി
സുലക്ഷണ,സുലക്ഷണ
സുലഭ,സുലഭ
സുലഭ,സുലഭ
സുലോചന,സുലോചന
സുവദന,സുവദന
സുവർണ,സുവർണ
സുവർണജൂബിലി,സുവർണജൂബിലി
സുവർണഭൂമി,സുവർണഭൂമി
സുവർണാവസരം,സുവർണാവസരം
സുവിത്ത്,സുവിത്ത്
സുവിശേഷം,സുവിശേഷം
സുവിശേഷങ്ങൾ,സുവിശേഷം
സുവിശേഷവും,സുവിശേഷം
സുവിശേഷകൻ,സുവിശേഷകൻ
സുവിശേഷകനെ,സുവിശേഷകൻ
സുവിശേഷകന്,സുവിശേഷകൻ
സുശീല,സുശീല
സുശ്രീ,സുശ്രീ
സുശ്രുത,സുശ്രുത
സുഷമ,സുഷമ
സുഷി,സുഷി
സുഷിര,സുഷിര
സുഷിര,സുഷിര
സുഷിരം,സുഷിരം
സുഷിരങ്ങൾ,സുഷിരം
സുഷുപ്തി,സുഷുപ്തി
സുഷുമ്ന,സുഷുമ്ന
സുഷേണന്,സുഷേണൻ
സുസ്ഥിതി,സുസ്ഥിതി
സുസ്ഥിര,സുസ്ഥിര
സുഹൃത്ത്,സുഹൃത്ത്
സുഹൃത്തിനെ,സുഹൃത്ത്
സുഹൃത്തിനോട്,സുഹൃത്ത്
സുഹൃത്തിന്,സുഹൃത്ത്
സുഹൃത്തിന്റെ,സുഹൃത്ത്
സുഹൃത്തിൽ,സുഹൃത്ത്
സുഹൃത്തുകൾ,സുഹൃത്ത്
സുഹൃത്തും,സുഹൃത്ത്
സുഹൃത്തായ,സുഹൃത്ത്
സൂ,സൂ
സൂ,സൂ
സൂകരപ്രസവം,സൂകരപ്രസവം
സൂക്ത,സൂക്ത
സൂക്ത,സൂക്ത
സൂക്തം,സൂക്തം
സൂക്തങ്ങൾ,സൂക്തം
സൂക്ഷിക്കുക,സൂക്ഷിക്കുക
സൂക്ഷിച്ചു,സൂക്ഷിക്കുക
സൂക്ഷിക്കുന്നു,സൂക്ഷിക്കുക
സൂക്ഷിക്കുന്ന,സൂക്ഷിക്കുക
സൂക്ഷ്മ,സൂക്ഷ്മ
സൂക്ഷ്മ,സൂക്ഷ്മ
സൂക്ഷ്മം,സൂക്ഷ്മം
സൂക്ഷ്മവും,സൂക്ഷ്മം
സൂക്ഷ്മദർശനം,സൂക്ഷ്മദർശനം
സൂക്ഷ്മദർശിനി,സൂക്ഷ്മദർശിനി
സൂക്ഷ്മദേഹം,സൂക്ഷ്മദേഹം
സൂക്ഷ്മദേഹവും,സൂക്ഷ്മദേഹം
സൂക്ഷ്മശരീരം,സൂക്ഷ്മശരീരം
സൂക്ഷ്മശരീരവും,സൂക്ഷ്മശരീരം
സൂചക,സൂചക
സൂചകം,സൂചകം
സൂചകങ്ങൾ,സൂചകം
സൂചകവും,സൂചകം
സൂചി,സൂചി
സൂചി,സൂചി
സൂചിക,സൂചിക
സൂചിക,സൂചിക
സൂചികാ,സൂചികൻ
സൂചിപ്പിക്കുക,സൂചിപ്പിക്കുക
സൂചിപ്പിച്ചു,സൂചിപ്പിക്കുക
സൂചിപ്പിക്കുന്നു,സൂചിപ്പിക്കുക
സൂചിപ്പിക്കുന്ന,സൂചിപ്പിക്കുക
സൂത,സൂത
സൂത,സൂത
സൂതൻ,സൂതൻ
സൂതന്,സൂതൻ
സൂതനിൽ,സൂതൻ
സൂതനും,സൂതൻ
സൂതിക,സൂതിക
സൂത്ര,സൂത്ര
സൂത്രം,സൂത്രം
സൂത്രങ്ങൾ,സൂത്രം
സൂത്രവും,സൂത്രം
സൂത്രക്കാരൻ,സൂത്രക്കാരൻ
സൂത്രഗ്രാഹി,സൂത്രഗ്രാഹി
സൂത്രധാരൻ,സൂത്രധാരൻ
സൂത്രധാരനെ,സൂത്രധാരൻ
സൂത്രധാരന്,സൂത്രധാരൻ
സൂത്രധാരന്മാർ,സൂത്രധാരൻ
സൂത്രധാരനും,സൂത്രധാരൻ
സൂത്രപ്പണി,സൂത്രപ്പണി
സൂത്രവാക്യം,സൂത്രവാക്യം
സൂത്രവാക്യങ്ങൾ,സൂത്രവാക്യം
സൂത്രിത,സൂത്രിത
സൂത്രിത,സൂത്രിത
സൂനു,സൂനു
സൂനു,സൂനു
സൂരന്,സൂരൻ
സൂരി,സൂരി
സൂര്യ,സൂര്യ
സൂര്യ,സൂര്യ
സൂര്യകാന്തി,സൂര്യകാന്തി
സൂര്യകാന്തീ,സൂര്യകാന്തി
സൂര്യകിരണങ്ങൾ,സൂര്യകിരണം
സൂര്യഗ്രഹണം,സൂര്യഗ്രഹണം
സൂര്യൻ,സൂര്യൻ
സൂര്യനെ,സൂര്യൻ
സൂര്യനോട്,സൂര്യൻ
സൂര്യന്,സൂര്യൻ
സൂര്യനാൽ,സൂര്യൻ
സൂര്യന്റെ,സൂര്യൻ
സൂര്യനിൽ,സൂര്യൻ
സൂര്യന്മാർ,സൂര്യൻ
സൂര്യനും,സൂര്യൻ
സൂര്യനേ,സൂര്യൻ
സൂര്യാ,സൂര്യൻ
സൂര്യപുത്രി,സൂര്യപുത്രി
സൂര്യപ്രഭ,സൂര്യപ്രഭ
സൂര്യമണി,സൂര്യമണി
സൂര്യവംശം,സൂര്യവംശം
സൂലെ,സൂലെ
സൃ,സൃ
സൃഷ്ടി,സൃഷ്ടി
സൃഷ്ടി,സൃഷ്ടി
സൃഷ്ടികർത്താവ്,സൃഷ്ടികർത്താവ്
സൃഷ്ടികർത്താവിന്റെ,സൃഷ്ടികർത്താവ്
സൃഷ്ടികർത്താവും,സൃഷ്ടികർത്താവ്
സൃഷ്ടികർത്താവായ,സൃഷ്ടികർത്താവ്
സൃഷ്ടിക്കുക,സൃഷ്ടിക്കുക
സൃഷ്ടിച്ചു,സൃഷ്ടിക്കുക
സൃഷ്ടിക്കുന്നു,സൃഷ്ടിക്കുക
സൃഷ്ടിക്കുന്ന,സൃഷ്ടിക്കുക
സേചന,സേചന
സേട്ട്,സേട്ട്
സേട്ടിന്റെ,സേട്ട്
സേതു,സേതു
സേതുബന്ധം,സേതുബന്ധം
സേന,സേന
സേന,സേന
സേനാ,സേനാ
സേനാംഗം,സേനാംഗം
സേനാംഗങ്ങൾ,സേനാംഗം
സേനാധിപൻ,സേനാധിപൻ
സേനാധിപന്,സേനാധിപൻ
സേനാധിപന്മാർ,സേനാധിപൻ
സേനാനായകൻ,സേനാനായകൻ
സേനാനായകന്,സേനാനായകൻ
സേനാനായകന്റെ,സേനാനായകൻ
സേനാനായകന്മാർ,സേനാനായകൻ
സേനാനായകനും,സേനാനായകൻ
സേനാനി,സേനാനി
സേനാപതി,സേനാപതി
സേയ,സേയ
സേവ,സേവ
സേവക,സേവക
സേവക,സേവക
സേവകൻ,സേവകൻ
സേവകനെ,സേവകൻ
സേവകനോട്,സേവകൻ
സേവകന്,സേവകൻ
സേവകന്മാർ,സേവകൻ
സേവകനും,സേവകൻ
സേവന,സേവന
സേവനം,സേവനം
സേവനങ്ങൾ,സേവനം
സേവനവും,സേവനം
സേവാ,സേവാ
സേവി,സേവി
സേവിക്കുക,സേവിക്കുക
സേവിച്ചു,സേവിക്കുക
സേവിക്കുന്നു,സേവിക്കുക
സേവിക്കുന്ന,സേവിക്കുക
സേവ്,സേവ്
സേവിനെ,സേവ്
സേവിന്റെ,സേവ്
സേവും,സേവ്
സേവ്യ,സേവ്യ
സോമൻ,സോമൻ
സൈകത,സൈകത
സൈകതം,സൈകതം
സൈദ്ധാന്തിക,സൈദ്ധാന്തിക
സൈദ്ധാന്തികൻ,സൈദ്ധാന്തികൻ
സൈദ്ധാന്തികന്,സൈദ്ധാന്തികൻ
സൈദ്ധാന്തികനും,സൈദ്ധാന്തികൻ
സൈനിക,സൈനിക
സൈനിക,സൈനിക
സൈനികൻ,സൈനികൻ
സൈനികനെ,സൈനികൻ
സൈനികനോട്,സൈനികൻ
സൈനികന്,സൈനികൻ
സൈനികന്റെ,സൈനികൻ
സൈനികനും,സൈനികൻ
സൈന്ധവ,സൈന്ധവ
സൈന്യം,സൈന്യം
സൈന്യങ്ങൾ,സൈന്യം
സൈന്യവും,സൈന്യം
സൈന്യസേവനം,സൈന്യസേവനം
സൈന്യാധിപൻ,സൈന്യാധിപൻ
സൈന്യാധിപനെ,സൈന്യാധിപൻ
സൈന്യാധിപന്,സൈന്യാധിപൻ
സൈന്യാധിപന്മാർ,സൈന്യാധിപൻ
സൈന്യാധിപനും,സൈന്യാധിപൻ
സൈരന്ധ്രി,സൈരന്ധ്രി
സ്കന്ദ,സ്കന്ദ
സ്കന്ദൻ,സ്കന്ദൻ
സ്കന്ദനെ,സ്കന്ദൻ
സ്കന്ദന്,സ്കന്ദൻ
സ്കന്ദന്റെ,സ്കന്ദൻ
സ്കന്ദ്,സ്കന്ദ്
സ്കന്ധം,സ്കന്ധം
സ്ഖലനം,സ്ഖലനം
സ്ഖലിതവും,സ്ഖലിതം
സ്തംഭ,സ്തംഭ
സ്തംഭം,സ്തംഭം
സ്തംഭങ്ങൾ,സ്തംഭം
സ്തംഭവും,സ്തംഭം
സ്തംഭനം,സ്തംഭനം
സ്തംഭനങ്ങൾ,സ്തംഭനം
സ്തംഭനവും,സ്തംഭനം
സ്തംഭിക്കുക,സ്തംഭിക്കുക
സ്തംഭിച്ചു,സ്തംഭിക്കുക
സ്തംഭിക്കുന്നു,സ്തംഭിക്കുക
സ്തംഭിക്കുന്ന,സ്തംഭിക്കുക
സ്തന,സ്തന
സ്തനം,സ്തനം
സ്തനങ്ങൾ,സ്തനം
സ്തര,സ്തര
സ്തര,സ്തര
സ്തരം,സ്തരം
സ്തരങ്ങൾ,സ്തരം
സ്തരവും,സ്തരം
സ്തവം,സ്തവം
സ്താര,സ്താര
സ്തിമിത,സ്തിമിത
സ്തു,സ്തു
സ്തുതി,സ്തുതി
സ്തുതി,സ്തുതി
സ്തുതിക്കുക,സ്തുതിക്കുക
സ്തുതിച്ചു,സ്തുതിക്കുക
സ്തുതിക്കുന്നു,സ്തുതിക്കുക
സ്തുതിക്കുന്ന,സ്തുതിക്കുക
സ്തുത്യർഹ,സ്തുത്യർഹ
സ്തൂപം,സ്തൂപം
സ്തൂപങ്ങൾ,സ്തൂപം
സ്തൂപവും,സ്തൂപം
സ്ത്യാനം,സ്ത്യാനം
സ്ത്രി,സ്ത്രി
സ്ത്രീ,സ്ത്രി
സ്ഥ,സ്ഥ
സ്ഥ,സ്ഥ
സ്ഥപതി,സ്ഥപതി
സ്ഥല,സ്ഥല
സ്ഥല,സ്ഥല
സ്ഥലം,സ്ഥലം
സ്ഥലങ്ങൾ,സ്ഥലം
സ്ഥലവും,സ്ഥലം
സ്ഥലത്തു്,സ്ഥലം
സ്ഥലത്ത്,സ്ഥലം
സ്ഥാ,സ്ഥാ
സ്ഥാണു,സ്ഥാണു
സ്ഥാന,സ്ഥാന
സ്ഥാനം,സ്ഥാനം
സ്ഥാനങ്ങൾ,സ്ഥാനം
സ്ഥാനവും,സ്ഥാനം
സ്ഥാനത്തു്,സ്ഥാനം
സ്ഥാനത്ത്,സ്ഥാനം
സ്ഥാനം,സ്ഥാനം
സ്ഥാനങ്ങൾ,സ്ഥാനം
സ്ഥാനവും,സ്ഥാനം
സ്ഥാനത്തു്,സ്ഥാനം
സ്ഥാനത്ത്,സ്ഥാനം
സ്ഥാനക്കാരൻ,സ്ഥാനക്കാരൻ
സ്ഥാനക്കാരന്,സ്ഥാനക്കാരൻ
സ്ഥാനക്കാരനും,സ്ഥാനക്കാരൻ
സ്ഥാനപതി,സ്ഥാനപതി
സ്ഥാനപ്പേര്,സ്ഥാനപ്പേര്
സ്ഥാനപ്പേരിനെ,സ്ഥാനപ്പേര്
സ്ഥാനപ്പേരിന്റെ,സ്ഥാനപ്പേര്
സ്ഥാനപ്പേരിൽ,സ്ഥാനപ്പേര്
സ്ഥാനപ്പേരുകൾ,സ്ഥാനപ്പേര്
സ്ഥാനപ്പേരും,സ്ഥാനപ്പേര്
സ്ഥാനഭ്രംശം,സ്ഥാനഭ്രംശം
സ്ഥാനഭ്രംശവും,സ്ഥാനഭ്രംശം
സ്ഥാനമാനങ്ങൾ,സ്ഥാനമാനം
സ്ഥാനാർഥി,സ്ഥാനാർഥി
സ്ഥാനി,സ്ഥാനി
സ്ഥാനിക,സ്ഥാനിക
സ്ഥാനിക,സ്ഥാനിക
സ്ഥാനികൻ,സ്ഥാനികൻ
സ്ഥാനീയ,സ്ഥാനീയ
സ്ഥാനീയ,സ്ഥാനീയ
സ്ഥാപക,സ്ഥാപക
സ്ഥാപക,സ്ഥാപക
സ്ഥാപകൻ,സ്ഥാപകൻ
സ്ഥാപകനെ,സ്ഥാപകൻ
സ്ഥാപകന്,സ്ഥാപകൻ
സ്ഥാപകന്റെ,സ്ഥാപകൻ
സ്ഥാപകനും,സ്ഥാപകൻ
സ്ഥാപന,സ്ഥാപന
സ്ഥാപന,സ്ഥാപന
സ്ഥാപനം,സ്ഥാപനം
സ്ഥാപനങ്ങൾ,സ്ഥാപനം
സ്ഥാപനവും,സ്ഥാപനം
സ്ഥാപിക്കുക,സ്ഥാപിക്കുക
സ്ഥാപിച്ചു,സ്ഥാപിക്കുക
സ്ഥാപിക്കുന്നു,സ്ഥാപിക്കുക
സ്ഥാപിക്കുന്ന,സ്ഥാപിക്കുക
സ്ഥാപിത,സ്ഥാപിത
സ്ഥാപിത,സ്ഥാപിത
സ്ഥായി,സ്ഥായി
സ്ഥായിഭാവം,സ്ഥായിഭാവം
സ്ഥാലം,സ്ഥാലം
സ്ഥാലവും,സ്ഥാലം
സ്ഥാലീ,സ്ഥാലി
സ്ഥാലീ,സ്ഥാലി
സ്ഥാലീ,സ്ഥാലീ
സ്ഥാവര,സ്ഥാവര
സ്ഥാവരവും,സ്ഥാവരം
സ്ഥിത,സ്ഥിത
സ്ഥിത,സ്ഥിത
സ്ഥിതം,സ്ഥിതം
സ്ഥിതി,സ്ഥിതി
സ്ഥിതി,സ്ഥിതി
സ്ഥിര,സ്ഥിര
സ്ഥിര,സ്ഥിര
സ്ഥിരം,സ്ഥിരം
സ്ഥിരവും,സ്ഥിരം
സ്ഥിരന്,സ്ഥിരൻ
സ്ഥിരനും,സ്ഥിരൻ
സ്ഥിരാ,സ്ഥിരൻ
സ്ഥിരീകരണം,സ്ഥിരീകരണം
സ്ഥിരീകരണവും,സ്ഥിരീകരണം
സ്ഥൂല,സ്ഥൂല
സ്ഥൂല,സ്ഥൂല
സ്ഥൂലം,സ്ഥൂലം
സ്ഥൂലവും,സ്ഥൂലം
സ്ഥൂലശരീരം,സ്ഥൂലശരീരം
സ്ഥൈര്യം,സ്ഥൈര്യം
സ്ഥൈര്യവും,സ്ഥൈര്യം
സ്ഥൈര്യലേപനം,സ്ഥൈര്യലേപനം
സ്നാന,സ്നാന
സ്നാനം,സ്നാനം
സ്നാനവും,സ്നാനം
സ്നാനഘട്ടം,സ്നാനഘട്ടം
സ്നാന്,സ്നാൻ
സ്നായു,സ്നായു
സ്നിഗ്ധ,സ്നിഗ്ധ
സ്നിഗ്ധ,സ്നിഗ്ധ
സ്നേഹ,സ്നേഹ
സ്നേഹം,സ്നേഹം
സ്നേഹവും,സ്നേഹം
സ്നേഹപൂർവം,സ്നേഹപൂർവം
സ്നേഹി,സ്നേഹി
സ്നേഹീ,സ്നേഹി
സ്നേഹിക്കുക,സ്നേഹിക്കുക
സ്നേഹിച്ചു,സ്നേഹിക്കുക
സ്നേഹിക്കുന്നു,സ്നേഹിക്കുക
സ്നേഹിക്കുന്ന,സ്നേഹിക്കുക
സ്പന്ദ,സ്പന്ദ
സ്പന്ദന,സ്പന്ദന
സ്പന്ദനം,സ്പന്ദനം
സ്പന്ദനങ്ങൾ,സ്പന്ദനം
സ്പന്ദനവും,സ്പന്ദനം
സ്പന്ദിക്കുന്നു,സ്പന്ദിക്കുക
സ്പന്ദിക്കുന്ന,സ്പന്ദിക്കുക
സ്പന്ദിത,സ്പന്ദിത
സ്പർധ,സ്പർധ
സ്പർധ,സ്പർധ
സ്പർശം,സ്പർശം
സ്പർശവും,സ്പർശം
സ്പർശന,സ്പർശന
സ്പർശനം,സ്പർശനം
സ്പർശിക്കുക,സ്പർശിക്കുക
സ്പർശിച്ചു,സ്പർശിക്കുക
സ്പർശിക്കുന്നു,സ്പർശിക്കുക
സ്പർശിക്കുന്ന,സ്പർശിക്കുക
സ്പഷ്ട,സ്പഷ്ട
സ്പഷ്ട,സ്പഷ്ട
സ്ഫടിക,സ്ഫടിക
സ്ഫടികം,സ്ഫടികം
സ്ഫടികവും,സ്ഫടികം
സ്ഫുടം,സ്ഫുടം
സ്ഫുടങ്ങൾ,സ്ഫുടം
സ്ഫുരണം,സ്ഫുരണം
സ്ഫുരണങ്ങൾ,സ്ഫുരണം
സ്ഫുരിച്ചു,സ്ഫുരിക്കുക
സ്ഫുരിക്കുന്നു,സ്ഫുരിക്കുക
സ്ഫുരിക്കുന്ന,സ്ഫുരിക്കുക
സ്ഫുലിംഗം,സ്ഫുലിംഗം
സ്ഫുലിംഗങ്ങൾ,സ്ഫുലിംഗം
സ്ഫോടന,സ്ഫോടന
സ്ഫോടനം,സ്ഫോടനം
സ്മരണ,സ്മരണ
സ്മരണം,സ്മരണം
സ്മരണീയ,സ്മരണീയ
സ്മരണീയ,സ്മരണീയ
സ്മരിക്കുക,സ്മരിക്കുക
സ്മരിച്ചു,സ്മരിക്കുക
സ്മരിക്കുന്നു,സ്മരിക്കുക
സ്മരിക്കുന്ന,സ്മരിക്കുക
സ്മര്യ,സ്മര്യ
സ്മാര,സ്മാര
സ്മാര,സ്മാര
സ്മാരം,സ്മാരം
സ്മാരക,സ്മാരക
സ്മാരകം,സ്മാരകം
സ്മാരകങ്ങൾ,സ്മാരകം
സ്മാരകവും,സ്മാരകം
സ്മാർത്ത,സ്മാർത്ത
സ്മാർത്തം,സ്മാർത്തം
സ്മാർത്തവിചാരം,സ്മാർത്തവിചാരം
സ്മിത,സ്മിത
സ്മിതം,സ്മിതം
സ്മിതവും,സ്മിതം
സ്മൃത,സ്മൃത
സ്മൃതി,സ്മൃതി
സ്മൃതി,സ്മൃതി
സ്മൃതിപഥങ്ങൾ,സ്മൃതിപഥം
സ്മേര,സ്മേര
സ്യമന്തകം,സ്യമന്തകം
സ്യമന്തകവും,സ്യമന്തകം
സ്രഗ്വിണി,സ്രഗ്വിണി
സ്രവ,സ്രവ
സ്രവം,സ്രവം
സ്രവങ്ങൾ,സ്രവം
സ്രവവും,സ്രവം
സ്രവത്തിന്റെ,സ്രവത്ത്
സ്രവത്തിൽ,സ്രവത്ത്
സ്രവിക്കുന്ന,സ്രവിക്കുക
സ്രഷ്ടാവ്,സ്രഷ്ടാവ്
സ്രഷ്ടാവിനെ,സ്രഷ്ടാവ്
സ്രഷ്ടാവിന്,സ്രഷ്ടാവ്
സ്രഷ്ടാവിന്റെ,സ്രഷ്ടാവ്
സ്രഷ്ടാവും,സ്രഷ്ടാവ്
സ്രഷ്ടാവായ,സ്രഷ്ടാവ്
സ്രാങ്ക്,സ്രാങ്ക്
സ്രാങ്കിനെ,സ്രാങ്ക്
സ്രാങ്കും,സ്രാങ്ക്
സ്രാമ്പി,സ്രാമ്പി
സ്രാവ,സ്രാവ
സ്രാവം,സ്രാവം
സ്രാവങ്ങൾ,സ്രാവം
സ്രാവിനെ,സ്രാവിൻ
സ്രാവിന്,സ്രാവിൻ
സ്രാവിന്റെ,സ്രാവിൻ
സ്രുക്കും,സ്രുക്ക്
സ്രുവം,സ്രുവം
സ്വ,സ്വ
സ്വ,സ്വ
സ്വം,സ്വം
സ്വത്തു്,സ്വം
സ്വത്ത്,സ്വം
സ്വം,സ്വം
സ്വത്തു്,സ്വം
സ്വത്ത്,സ്വം
സ്വകാര്യം,സ്വകാര്യം
സ്വകാര്യവും,സ്വകാര്യം
സ്വകീയ,സ്വകീയ
സ്വകീയ,സ്വകീയ
സ്വക്ഷേത്രവും,സ്വക്ഷേത്രം
സ്വഗതം,സ്വഗതം
സ്വഗതവും,സ്വഗതം
സ്വച്ഛ,സ്വച്ഛ
സ്വച്ഛവും,സ്വച്ഛം
സ്വച്ഛന്ദ,സ്വച്ഛന്ദ
സ്വജാതി,സ്വജാതി
സ്വത,സ്വത
സ്വതന്ത്ര,സ്വതന്ത്ര
സ്വതന്ത്ര,സ്വതന്ത്ര
സ്വതന്ത്രൻ,സ്വതന്ത്രൻ
സ്വതന്ത്രനെ,സ്വതന്ത്രൻ
സ്വതന്ത്രന്,സ്വതന്ത്രൻ
സ്വതന്ത്രന്റെ,സ്വതന്ത്രൻ
സ്വതന്ത്രനും,സ്വതന്ത്രൻ
സ്വതന്ത്രാ,സ്വതന്ത്രൻ
സ്വതവെ,സ്വതവെ
സ്വതസിദ്ധ,സ്വതസിദ്ധ
സ്വതേ,സ്വതേ
സ്വത്ത്,സ്വത്ത്
സ്വത്തിനെ,സ്വത്ത്
സ്വത്തിന്,സ്വത്ത്
സ്വത്തിന്റെ,സ്വത്ത്
സ്വത്തിൽ,സ്വത്ത്
സ്വത്തുകൾ,സ്വത്ത്
സ്വത്തും,സ്വത്ത്
സ്വത്തായ,സ്വത്ത്
സ്വത്വ,സ്വത്വ
സ്വത്വം,സ്വത്വം
സ്വത്വങ്ങൾ,സ്വത്വം
സ്വത്വവും,സ്വത്വം
സ്വദേശം,സ്വദേശം
സ്വദേശങ്ങൾ,സ്വദേശം
സ്വദേശവും,സ്വദേശം
സ്വദേശത്ത്,സ്വദേശം
സ്വദേശി,സ്വദേശി
സ്വദേശീ,സ്വദേശി
സ്വന,സ്വന
സ്വനം,സ്വനം
സ്വനങ്ങൾ,സ്വനം
സ്വനിമം,സ്വനിമം
സ്വനിമങ്ങൾ,സ്വനിമം
സ്വന്ത,സ്വന്ത
സ്വന്തം,സ്വന്തം
സ്വന്തവും,സ്വന്തം
സ്വാ,സ്വൻ
സ്വപനം,സ്വപനം
സ്വപനങ്ങൾ,സ്വപനം
സ്വപ്ന,സ്വപ്ന
സ്വപ്നം,സ്വപ്നം
സ്വപ്നങ്ങൾ,സ്വപ്നം
സ്വപ്നവും,സ്വപ്നം
സ്വഭാവം,സ്വഭാവം
സ്വഭാവങ്ങൾ,സ്വഭാവം
സ്വഭാവവും,സ്വഭാവം
സ്വമേധയാ,സ്വമേധയാ
സ്വയം,സ്വയം
സ്വയവും,സ്വയം
സ്വയംഭൂ,സ്വയംഭൂ
സ്വയംവരം,സ്വയംവരം
സ്വയംവരവും,സ്വയംവരം
സ്വര,സ്വര
സ്വരം,സ്വരം
സ്വരങ്ങൾ,സ്വരം
സ്വരവും,സ്വരം
സ്വരൂപ,സ്വരൂപ
സ്വരൂപ,സ്വരൂപ
സ്വരൂപിക്കുക,സ്വരൂപിക്കുക
സ്വരൂപിച്ചു,സ്വരൂപിക്കുക
സ്വരൂപിക്കുന്ന,സ്വരൂപിക്കുക
സ്വരൂപിണി,സ്വരൂപിണി
സ്വരൂപിനെ,സ്വരൂപിൻ
സ്വരൂപിന്,സ്വരൂപിൻ
സ്വരൂപിന്റെ,സ്വരൂപിൻ
സ്വർഗ,സ്വർഗ
സ്വർഗം,സ്വർഗം
സ്വർഗവും,സ്വർഗം
സ്വർണം,സ്വർണം
സ്വർണവും,സ്വർണം
സ്വല്പ,സ്വല്പ
സ്വസ്തി,സ്വസ്തി
സ്വസ്തിക,സ്വസ്തിക
സ്വസ്ഥ,സ്വസ്ഥ
സ്വസ്ഥ,സ്വസ്ഥ
സ്വസ്ഥം,സ്വസ്ഥം
സ്വസ്ഥവും,സ്വസ്ഥം
സ്വസ്ഥത,സ്വസ്ഥത
സ്വാഗതം,സ്വാഗതം
സ്വാഗതവും,സ്വാഗതം
സ്വാതന്ത്യ്രം,സ്വാതന്ത്യ്രം
സ്വാതന്ത്യ്രവും,സ്വാതന്ത്യ്രം
സ്വാതി,സ്വാതി
സ്വാതി,സ്വാതി
സ്വാദ്,സ്വാദ്
സ്വാദിനെ,സ്വാദ്
സ്വാദിന്,സ്വാദ്
സ്വാദിന്റെ,സ്വാദ്
സ്വാദുകൾ,സ്വാദ്
സ്വാദും,സ്വാദ്
സ്വാധിഷ്ഠാനം,സ്വാധിഷ്ഠാനം
സ്വാധീന,സ്വാധീന
സ്വാധീന,സ്വാധീന
സ്വാധീനം,സ്വാധീനം
സ്വാധീനങ്ങൾ,സ്വാധീനം
സ്വാധീനവും,സ്വാധീനം
സ്വാധ്യായ,സ്വാധ്യായ
സ്വാധ്യായവും,സ്വാധ്യായം
സ്വാഭാവിക,സ്വാഭാവിക
സ്വാമി,സ്വാമി
സ്വാമീ,സ്വാമി
സ്വാമിനി,സ്വാമിനി
സ്വാമിഭക്തി,സ്വാമിഭക്തി
സ്വാരസ്യം,സ്വാരസ്യം
സ്വാരസ്യം,സ്വാരസ്യം
സ്വാലനും,സ്വാലൻ
സ്വാശ്രയം,സ്വാശ്രയം
സ്വാശ്രയവും,സ്വാശ്രയം
സ്വാസ്ഥ്യ,സ്വാസ്ഥ്യ
സ്വാഹ,സ്വാഹ
സ്വീകരണം,സ്വീകരണം
സ്വീകരണങ്ങൾ,സ്വീകരണം
സ്വീകരണവും,സ്വീകരണം
സ്വീകരിക്കുക,സ്വീകരിക്കുക
സ്വീകരിച്ചു,സ്വീകരിക്കുക
സ്വീകരിക്കുന്നു,സ്വീകരിക്കുക
സ്വീകരിക്കുന്ന,സ്വീകരിക്കുക
സ്വീകാരം,സ്വീകാരം
സ്വീകൃത,സ്വീകൃത
സ്വേദ,സ്വേദ
സ്വേദം,സ്വേദം
സ്വൈര,സ്വൈര
സ്വൈരസല്ലാപം,സ്വൈരസല്ലാപം
സൗകര്യ,സൗകര്യ
സൗകര്യം,സൗകര്യം
സൗകര്യങ്ങൾ,സൗകര്യം
സൗകര്യവും,സൗകര്യം
സൗകുമാര്യം,സൗകുമാര്യം
സൗകുമാര്യവും,സൗകുമാര്യം
സൗഖ്യ,സൗഖ്യ
സൗഖ്യം,സൗഖ്യം
സൗഖ്യവും,സൗഖ്യം
സൗഗന്ധിക,സൗഗന്ധിക
സൗഗന്ധികം,സൗഗന്ധികം
സൗജന്യം,സൗജന്യം
സൗജന്യവും,സൗജന്യം
സൗദാമിനി,സൗദാമിനി
സൗധം,സൗധം
സൗധങ്ങൾ,സൗധം
സൗന്ദര്യ,സൗന്ദര്യ
സൗന്ദര്യം,സൗന്ദര്യം
സൗന്ദര്യവും,സൗന്ദര്യം
സൗന്ദര്യപ്പിണക്കം,സൗന്ദര്യപ്പിണക്കം
സൗന്ദര്യശാസ്ത്രം,സൗന്ദര്യശാസ്ത്രം
സൗന്ദര്യശാസ്ത്രവും,സൗന്ദര്യശാസ്ത്രം
സൗഭാഗ്യം,സൗഭാഗ്യം
സൗഭാഗ്യങ്ങൾ,സൗഭാഗ്യം
സൗഭാഗ്യവും,സൗഭാഗ്യം
സൗഭ്രാത്രവും,സൗഭ്രാത്രം
സൗമനസ്യം,സൗമനസ്യം
സൗമനസ്യവും,സൗമനസ്യം
സൗമിത്രി,സൗമിത്രി
സൗമ്യ,സൗമ്യ
സൗമ്യ,സൗമ്യ
സൗമ്യം,സൗമ്യം
സൗമ്യവും,സൗമ്യം
സൗമ്യത,സൗമ്യത
സൗമ്യൻ,സൗമ്യൻ
സൗമ്യന്,സൗമ്യൻ
സൗമ്യനും,സൗമ്യൻ
സൗമ്യാ,സൗമ്യൻ
സൗര,സൗര
സൗരം,സൗരം
സൗരവും,സൗരം
സൗരൻ,സൗരൻ
സൗരഭം,സൗരഭം
സൗരഭ്യം,സൗരഭ്യം
സൗരഭ്യവും,സൗരഭ്യം
സൗരാഷ്ട്രം,സൗരാഷ്ട്രം
സൗരീ,സൗരി
സൗഹാർദം,സൗഹാർദം
സൗഹാർദവും,സൗഹാർദം
സൗഹൃദം,സൗഹൃദം
സൗഹൃദങ്ങൾ,സൗഹൃദം
സൗഹൃദവും,സൗഹൃദം
ഹ,ഹ
ഹം,ഹം
ഹവും,ഹം
ഹമ്,ഹം
ഹത്ത്,ഹം
ഹംസ,ഹംസ
ഹംസം,ഹംസം
ഹംസത്ത്,ഹംസം
ഹംസധ്വനി,ഹംസധ്വനി
ഹംസന്,ഹംസൻ
ഹംസമാല,ഹംസമാല
ഹകാരം,ഹകാരം
ഹട്ടി,ഹട്ടി
ഹതാശ,ഹതാശ
ഹതി,ഹതി
ഹത്യ,ഹത്യ
ഹത്യ,ഹത്യ
ഹത്യാ,ഹത്യാ
ഹന,ഹന
ഹനിക്കുക,ഹനിക്കുക
ഹനിച്ചു,ഹനിക്കുക
ഹനിക്കുന്നു,ഹനിക്കുക
ഹനിക്കുന്ന,ഹനിക്കുക
ഹനു,ഹനു
ഹനുമാൻ,ഹനുമാൻ
ഹനുമാനെ,ഹനുമാൻ
ഹനുമാനോട്,ഹനുമാൻ
ഹനുമാന്,ഹനുമാൻ
ഹനുമാനാൽ,ഹനുമാൻ
ഹനുമാന്റെ,ഹനുമാൻ
ഹനുമാനും,ഹനുമാൻ
ഹന്,ഹന്
ഹനും,ഹന്
ഹന്ത,ഹന്ത
ഹന്നാൻ,ഹന്നാൻ
ഹൻ,ഹൻ
ഹന്,ഹൻ
ഹനും,ഹൻ
ഹാ,ഹൻ
ഹൻ,ഹൻ
ഹന്,ഹൻ
ഹനും,ഹൻ
ഹാ,ഹൻ
ഹയ,ഹയ
ഹയം,ഹയം
ഹയത്ത്,ഹയം
ഹയഗ്രീവൻ,ഹയഗ്രീവൻ
ഹയഗ്രീവനെ,ഹയഗ്രീവൻ
ഹയഗ്രീവന്,ഹയഗ്രീവൻ
ഹയഗ്രീവന്റെ,ഹയഗ്രീവൻ
ഹയാ,ഹയൻ
ഹയാരൂഢന്,ഹയാരൂഢൻ
ഹര,ഹര
ഹര,ഹര
ഹരം,ഹരം
ഹരങ്ങൾ,ഹരം
ഹരവും,ഹരം
ഹരണം,ഹരണം
ഹരി,ഹരി
ഹരീ,ഹരി
ഹരി,ഹരി
ഹരീ,ഹരി
ഹരികഥ,ഹരികഥ
ഹരികേശൻ,ഹരികേശൻ
ഹരിദശ്വന്,ഹരിദശ്വൻ
ഹരിദാസൻ,ഹരിദാസൻ
ഹരിദാസനെ,ഹരിദാസൻ
ഹരിദാസന്,ഹരിദാസൻ
ഹരിദാസന്റെ,ഹരിദാസൻ
ഹരിദാസനും,ഹരിദാസൻ
ഹരിപുരം,ഹരിപുരം
ഹരിപ്രിയ,ഹരിപ്രിയ
ഹരിവംശം,ഹരിവംശം
ഹരിവംശവും,ഹരിവംശം
ഹരിവിക്രമ,ഹരിവിക്രമ
ഹരിശ്ചന്ദ്രൻ,ഹരിശ്ചന്ദ്രൻ
ഹരിശ്ചന്ദ്രനെ,ഹരിശ്ചന്ദ്രൻ
ഹരിശ്ചന്ദ്രന്,ഹരിശ്ചന്ദ്രൻ
ഹരിശ്ചന്ദ്രന്റെ,ഹരിശ്ചന്ദ്രൻ
ഹരിസേനനെ,ഹരിസേനൻ
ഹരിസേനന്റെ,ഹരിസേനൻ
ഹരിഹരൻ,ഹരിഹരൻ
ഹരിഹരന്,ഹരിഹരൻ
ഹരിഹരന്റെ,ഹരിഹരൻ
ഹരിഹരനും,ഹരിഹരൻ
ഹർഷ,ഹർഷ
ഹർഷം,ഹർഷം
ഹർഷചരിതം,ഹർഷചരിതം
ഹർഷൻ,ഹർഷൻ
ഹർഷന്റെ,ഹർഷൻ
ഹർഷനും,ഹർഷൻ
ഹർഷാ,ഹർഷൻ
ഹർഷിത,ഹർഷിത
ഹർഷിൻ,ഹർഷിൻ
ഹറാം,ഹറാം
ഹല,ഹല
ഹലം,ഹലം
ഹലന്ത,ഹലന്ത
ഹലാ,ഹലാ
ഹലായുധൻ,ഹലായുധൻ
ഹലീ,ഹലി
ഹല്ലാം,ഹല്ല്
ഹവ,ഹവ
ഹവനം,ഹവനം
ഹവനവും,ഹവനം
ഹവിർഭാഗം,ഹവിർഭാഗം
ഹവിസ്സ്,ഹവിസ്സ്
ഹവിസ്സിനെ,ഹവിസ്സ്
ഹവിസ്സിന്റെ,ഹവിസ്സ്
ഹവിസ്സും,ഹവിസ്സ്
ഹവ്യം,ഹവ്യം
ഹവ്വ,ഹവ്വ
ഹസനത്ത്,ഹസനം
ഹസനി,ഹസനി
ഹസിതം,ഹസിതം
ഹസിതവും,ഹസിതം
ഹസ്,ഹസ്
ഹസിനെ,ഹസ്
ഹസിന്,ഹസ്
ഹസിൻ,ഹസ്
ഹസിന്റെ,ഹസ്
ഹസ്ത,ഹസ്ത
ഹസ്തം,ഹസ്തം
ഹസ്തക,ഹസ്തക
ഹസ്തകം,ഹസ്തകം
ഹസ്തദാനം,ഹസ്തദാനം
ഹസ്തരേഖ,ഹസ്തരേഖ
ഹസ്തരേഖാശാസ്ത്രം,ഹസ്തരേഖാശാസ്ത്രം
ഹസ്താക്ഷരങ്ങൾ,ഹസ്താക്ഷരം
ഹസ്ര,ഹസ്ര
ഹാ,ഹാ
ഹാ,ഹാ
ഹാജി,ഹാജി
ഹാന,ഹാന
ഹാനി,ഹാനി
ഹാനി,ഹാനി
ഹാനികരം,ഹാനികരം
ഹായ്,ഹായ്
ഹായിൽ,ഹായ്
ഹായും,ഹായ്
ഹാര,ഹാര
ഹാരം,ഹാരം
ഹാരകം,ഹാരകം
ഹാരകങ്ങൾ,ഹാരകം
ഹാരി,ഹാരി
ഹാരീ,ഹാരി
ഹാരിതന്,ഹാരിതൻ
ഹാര്യം,ഹാര്യം
ഹാർദ,ഹാർദ
ഹാല,ഹാല
ഹാലം,ഹാലം
ഹാലാഹലം,ഹാലാഹലം
ഹാലി,ഹാലി
ഹാസ,ഹാസ
ഹാസം,ഹാസം
ഹാസിൻ,ഹാസിൻ
ഹാസിനെ,ഹാസിൻ
ഹാസിന്റെ,ഹാസിൻ
ഹാസ്യ,ഹാസ്യ
ഹാസ്യ,ഹാസ്യ
ഹാസ്യം,ഹാസ്യം
ഹാസ്യവും,ഹാസ്യം
ഹി,ഹി
ഹീ,ഹി
ഹി,ഹി
ഹീ,ഹി
ഹിംസ,ഹിംസ
ഹിംസാ,ഹിംസാ
ഹിംസാത്മക,ഹിംസാത്മക
ഹിംസ്ര,ഹിംസ്ര
ഹിംസ്ര,ഹിംസ്ര
ഹിക്ക,ഹിക്ക
ഹിക്മത്,ഹിക്മത്
ഹിഡിംബി,ഹിഡിംബി
ഹിത,ഹിത
ഹിത,ഹിത
ഹിതം,ഹിതം
ഹിതം,ഹിതം
ഹിന്ദി,ഹിന്ദി
ഹിന്ദു,ഹിന്ദു
ഹിന്ദൂ,ഹിന്ദു
ഹിന്ദ്,ഹിന്ദ്
ഹിന്ദിന്,ഹിന്ദ്
ഹിന്ദിന്റെ,ഹിന്ദ്
ഹിമ,ഹിമ
ഹിമ,ഹിമ
ഹിമം,ഹിമം
ഹിമവും,ഹിമം
ഹിമഗിരി,ഹിമഗിരി
ഹിമാ,ഹിമൻ
ഹിമരേഖ,ഹിമരേഖ
ഹിമവാനെ,ഹിമവാൻ
ഹിമവാന്റെ,ഹിമവാൻ
ഹിമാംശു,ഹിമാംശു
ഹിമാചലം,ഹിമാചലം
ഹിമാനി,ഹിമാനി
ഹിമാലയ,ഹിമാലയ
ഹിമാലയം,ഹിമാലയം
ഹിമാലയവും,ഹിമാലയം
ഹിരണ്മയ,ഹിരണ്മയ
ഹിരണ്യ,ഹിരണ്യ
ഹിരണ്യകശിപു,ഹിരണ്യകശിപു
ഹിരണ്യഗർഭം,ഹിരണ്യഗർഭം
ഹിരണ്യഗർഭൻ,ഹിരണ്യഗർഭൻ
ഹിരണ്യൻ,ഹിരണ്യൻ
ഹിരണ്യന്,ഹിരണ്യൻ
ഹിരണ്യരേതസ്സ്,ഹിരണ്യരേതസ്സ്
ഹിരണ്യാക്ഷനെ,ഹിരണ്യാക്ഷൻ
ഹിരണ്യാക്ഷന്,ഹിരണ്യാക്ഷൻ
ഹിരണ്യാക്ഷന്റെ,ഹിരണ്യാക്ഷൻ
ഹിരണ്യാക്ഷനും,ഹിരണ്യാക്ഷൻ
ഹീ,ഹീ
ഹീ,ഹീ
ഹീന,ഹീന
ഹീന,ഹീന
ഹീനം,ഹീനം
ഹീനവും,ഹീനം
ഹീര,ഹീര
ഹീരത്ത്,ഹീരം
ഹീരാ,ഹീരൻ
ഹു,ഹു
ഹൂ,ഹു
ഹും,ഹും
ഹുമ്,ഹും
ഹുകുമത്,ഹുകുമത്
ഹുക്കാ,ഹുക്കാ
ഹുങ്ക്,ഹുങ്ക്
ഹുങ്കിന്,ഹുങ്ക്
ഹുങ്കിൽ,ഹുങ്ക്
ഹുങ്കും,ഹുങ്ക്
ഹുണ്ഡൻ,ഹുണ്ഡൻ
ഹുണ്ഡനെ,ഹുണ്ഡൻ
ഹുതം,ഹുതം
ഹുതവും,ഹുതം
ഹുതി,ഹുതി
ഹുതി,ഹുതി
ഹൂ,ഹൂ
ഹൂ,ഹൂ
ഹൂം,ഹൂം
ഹൂണൻ,ഹൂണൻ
ഹൂണന്മാർ,ഹൂണൻ
ഹൂതി,ഹൂതി
ഹൂതി,ഹൂതി
ഹൂയ,ഹൂയ
ഹൃ,ഹൃ
ഹൃദയ,ഹൃദയ
ഹൃദയം,ഹൃദയം
ഹൃദയങ്ങൾ,ഹൃദയം
ഹൃദയവും,ഹൃദയം
ഹൃദയസ്പൃക്കായ,ഹൃദയസ്പൃക്ക്
ഹൃദി,ഹൃദി
ഹൃദിസ്ഥമാക്കുന്ന,ഹൃദിസ്ഥമാക്കുക
ഹൃദിസ്ഥമാക്കി,ഹൃദിസ്ഥമാക്കുക
ഹൃദ്യ,ഹൃദ്യ
ഹൃദ്യ,ഹൃദ്യ
ഹൃദ്യം,ഹൃദ്യം
ഹൃദ്യവും,ഹൃദ്യം
ഹൃദ്രാഗങ്ങൾ,ഹൃദ്രാഗം
ഹൃഷികേശന്,ഹൃഷികേശൻ
ഹേ,ഹേ
ഹേതു,ഹേതു
ഹേതു,ഹേതു
ഹേത്വന്തരേണ,ഹേത്വന്തരേണ
ഹേമ,ഹേമ
ഹേമചന്ദ്രനെ,ഹേമചന്ദ്രൻ
ഹേമചന്ദ്രന്,ഹേമചന്ദ്രൻ
ഹേമചന്ദ്രന്റെ,ഹേമചന്ദ്രൻ
ഹേമചന്ദ്രനും,ഹേമചന്ദ്രൻ
ഹേമൻ,ഹേമൻ
ഹേമാ,ഹേമൻ
ഹേമമാലിനി,ഹേമമാലിനി
ഹേരം,ഹേരം
ഹേരംബ,ഹേരംബ
ഹേരംബന്,ഹേരംബൻ
ഹേലി,ഹേലി
ഹേൽ,ഹേൽ
ഹോ,ഹോ
ഹോമം,ഹോമം
ഹോമവും,ഹോമം
ഹോളി,ഹോളി
ഹൈ,ഹൈ
ഹൈഡ്രജൻ,ഹൈഡ്രജൻ
ഹൈഡ്രജന്,ഹൈഡ്രജൻ
ഹൈഡ്രജന്റെ,ഹൈഡ്രജൻ
ഹൈഡ്രജനിൽ,ഹൈഡ്രജൻ
ഹൈഡ്രജനും,ഹൈഡ്രജൻ
ഹൈമ,ഹൈമ
ഹൈമൻ,ഹൈമൻ
ഹൈമനും,ഹൈമൻ
ഹൈമവതി,ഹൈമവതി
ഹ്രസ്വ,ഹ്രസ്വ
ഹ്രസ്വ,ഹ്രസ്വ
ഹ്രസ്വവും,ഹ്രസ്വം
ഹ്വാ,ഹ്വാ
മകൾ,മകൾ
മകളെ,മകൾ
മകളോട്,മകൾ
മകളുടെ,മകൾ
മകളിൽ,മകൾ
മകളും,മകൾ
പയ്യിനെ,പയ്യ്
